Study: 1.2.840.113704.1.111.2992.1138011339.21
Series: 1.2.840.113704.1.111.5016.1138011673.15
SpacingX: 0.75
SpacingY: 0.75
SpacingZ: 10.0

label: macronodules
localisation: non-relevant
slice_number: 9
nb_points_on_contour: 148
117.35389272152183 213.49356417914817
117.68970089230709 213.49356417914817
118.02550906309231 213.49356417914817
118.36131723387757 213.49356417914817
118.69712540466284 213.49356417914817
119.03293357544808 213.49356417914817
119.36874174623331 213.49356417914817
119.70454991701857 213.49356417914817
120.04035808780384 213.49356417914817
120.37616625858908 213.49356417914817
120.71197442937431 213.49356417914817
121.0477826001596 213.49356417914817
121.38359077094483 213.49356417914817
121.71939894173008 213.60550023607658
122.05520711251535 213.60550023607658
122.39101528330059 213.71743629300502
122.72682345408583 213.82937234993346
123.06263162487109 213.94130840686182
123.39843979565634 213.94130840686182
123.7342479664416 213.94130840686182
124.07005613722684 213.94130840686182
124.40586430801208 213.94130840686182
124.74167247879734 213.94130840686182
125.0774806495826 213.94130840686182
125.41328882036785 213.94130840686182
125.7490969911531 213.94130840686182
126.08490516193834 213.94130840686182
126.42071333272361 213.94130840686182
126.75652150350885 213.94130840686182
127.09232967429409 213.71743629300502
127.42813784507936 213.60550023607658
127.7639460158646 213.38162812221975
128.09975418664985 213.15775600836292
128.2116902435783 212.8219478375777
128.3236263005067 212.4861396667924
128.3236263005067 212.1503314960072
128.43556235743512 211.8145233252219
128.54749841436353 211.47871515443666
128.88330658514877 211.14290698365144
129.21911475593402 210.80709881286614
129.55492292671929 210.58322669900934
129.89073109750453 210.35935458515246
130.11460321136136 210.02354641436725
130.11460321136136 209.68773824358198
130.11460321136136 209.35193007279673
130.11460321136136 209.01612190201152
130.11460321136136 208.45644161736942
130.11460321136136 208.12063344658412
130.45041138214663 207.78482527579888
130.33847532521818 207.44901710501367
130.11460321136136 207.1132089342284
130.00266715443294 206.77740076344313
129.89073109750453 206.4415925926579
129.6668589836477 206.1057844218727
129.44298686979084 205.7699762510874
129.33105081286243 205.4341680803022
128.9952426420772 205.0983599095169
128.77137052822036 204.76255173873164
128.43556235743512 204.5386796248748
128.3236263005067 204.20287145408955
127.98781812972143 204.09093539716113
127.7639460158646 203.7551272263759
127.54007390200778 203.41931905559062
127.31620178815095 203.08351088480538
127.09232967429409 202.74770271402014
126.75652150350885 202.52383060016328
126.53264938965202 202.18802242937807
126.19684121886678 201.9641503155212
125.97296910500994 201.62834214473597
125.7490969911531 201.29253397395075
125.52522487729627 200.95672580316545
125.41328882036785 200.6209176323802
125.0774806495826 200.50898157545177
124.62973642186893 200.28510946159497
124.29392825108368 200.0612373477381
123.95812008029841 199.83736523388131
123.62231190951317 199.50155706309602
123.28650373872793 199.3896210061676
122.27907922637218 199.2776849492392
121.9432710555869 199.2776849492392
121.60746288480166 199.2776849492392
121.27165471401642 199.50155706309602
120.93584654323118 199.61349312002446
120.60003837244591 199.83736523388131
120.26423020166067 199.9493012908097
120.04035808780384 200.28510946159497
119.70454991701857 200.50898157545177
119.36874174623331 200.73285368930866
119.03293357544808 200.95672580316545
118.69712540466284 201.1805979170223
118.36131723387757 201.29253397395073
118.02550906309231 201.4044700308791
117.68970089230709 201.51640608780752
117.35389272152183 201.62834214473597
117.01808455073657 201.74027820166438
116.68227637995132 201.85221425859282
116.34646820916608 201.9641503155212
116.01066003838082 202.18802242937807
115.67485186759558 202.41189454323487
115.45097975373874 202.74770271402014
115.11517158295348 203.08351088480538
114.77936341216824 203.30738299866223
114.44355524138298 203.41931905559062
113.99581101366931 203.53125511251903
113.66000284288407 203.53125511251903
113.3241946720988 203.64319116944745
112.98838650131356 203.64319116944745
112.65257833052831 203.64319116944745
112.31677015974306 203.64319116944745
111.86902593202939 204.20287145408955
111.98096198895782 204.5386796248748
112.09289804588623 204.87448779566006
112.31677015974306 205.2102959664453
112.5406422735999 205.54610413723054
112.87645044438514 205.88191230801579
112.98838650131357 206.21772047880106
113.32419467209881 206.44159259265788
113.54806678595565 206.77740076344313
113.77193889981248 207.1132089342284
113.99581101366931 207.44901710501364
113.99581101366931 207.78482527579888
113.99581101366931 208.12063344658412
113.99581101366931 208.4564416173694
113.99581101366931 208.79224978815463
113.99581101366931 209.12805795893988
113.99581101366931 209.46386612972515
113.99581101366931 209.7996743005104
113.99581101366931 210.13548247129563
113.99581101366931 210.4712906420809
113.99581101366931 210.80709881286614
113.99581101366931 211.1429069836514
113.99581101366931 211.47871515443666
113.99581101366931 211.8145233252219
113.99581101366931 212.15033149600714
113.99581101366931 212.4861396667924
113.99581101366931 212.82194783757765
113.99581101366931 213.1577560083629
114.10774707059774 213.49356417914817
114.33161918445457 213.8293723499334
114.66742735523982 213.8293723499334
115.00323552602507 213.8293723499334
115.33904369681032 213.8293723499334
115.56291581066716 213.49356417914817
115.8987239814524 213.49356417914817
116.23453215223766 213.49356417914817
116.57034032302292 213.60550023607658
116.90614849380816 213.717436293005
117.2419566645934 213.717436293005
slice_number: 11
nb_points_on_contour: 169
304.32395956505735 247.22103719541926
304.4428097878011 247.0427618613037
304.56166001054476 246.80506141581628
304.6805102332885 246.62678608170077
304.858785567404 246.50793585895704
305.03706090151957 246.38908563621334
305.09648601289143 246.2108103020978
305.274761347007 246.0919600793541
305.3936115697507 245.91368474523856
305.5124617924944 245.735409411123
305.6313120152381 245.55713407700745
305.80958734935365 245.37885874289188
305.8690124607255 245.20058340877634
306.04728779484105 245.0817331860326
306.106712906213 244.9034578519171
306.2849882403285 244.7251825178015
306.40383846307213 244.4874820723141
306.52268868581587 244.30920673819855
306.64153890855954 244.13093140408301
306.76038913130327 243.95265606996745
306.9386644654188 243.7743807358519
306.9980895767907 243.59610540173634
307.11693979953435 243.4178300676208
307.1763649109062 243.23955473350526
307.29521513364995 243.0612793993897
307.4140653563936 242.88300406527415
307.5329155791373 242.70472873115858
307.7111909132529 242.52645339704304
307.8300411359966 242.34817806292747
307.9488913587403 242.16990272881193
308.067741581484 241.99162739469637
308.24601691559957 241.8727771719527
308.24601691559957 241.69450183783712
308.24601691559957 241.51622650372158
308.24601691559957 241.33795116960601
308.24601691559957 241.15967583549048
308.24601691559957 240.9814005013749
308.12716669285584 240.80312516725937
307.88946624736843 240.68427494451564
307.7111909132529 240.56542472177193
307.4734904677655 240.50599961040012
307.23579002227814 240.50599961040012
307.0575146881625 240.50599961040012
306.8198142426751 240.50599961040012
306.52268868581587 240.50599961040012
306.3444133517003 240.50599961040012
306.04728779484105 240.50599961040012
305.75016223798184 240.50599961040012
305.5124617924944 240.50599961040012
305.274761347007 240.50599961040012
305.09648601289143 240.50599961040012
304.9182106787759 240.3871493876564
304.73993534466035 240.2682991649127
304.56166001054476 240.09002383079715
304.4428097878011 239.91174849668158
304.3833846764293 239.73347316256604
304.32395956505735 239.55519782845047
304.26453445368554 239.37692249433493
304.1456842309418 239.19864716021937
304.0268340081982 239.02037182610383
303.78913356271073 238.90152160336012
303.5514331172233 238.72324626924453
303.37315778310773 238.60439604650085
303.1948824489922 238.54497093512902
303.01660711487665 238.48554582375715
302.8383317807611 238.48554582375715
302.6600564466455 238.48554582375715
302.48178111253 238.48554582375715
302.24408066704257 238.66382115787272
302.1252304442989 238.84209649198826
302.00638022155516 239.02037182610383
301.8875299988115 239.19864716021937
301.76867977606776 239.37692249433493
301.5904044419522 239.43634760570674
301.4121291078367 239.49577271707867
301.17442866234927 239.49577271707867
300.99615332823373 239.49577271707867
300.7584528827463 239.49577271707867
300.46132732588705 239.49577271707867
300.2830519917715 239.49577271707867
300.0453515462841 239.49577271707867
299.8076511007967 239.43634760570674
299.62937576668116 239.37692249433493
299.3916753211938 239.19864716021937
299.21339998707816 239.07979693747563
299.0351246529626 238.96094671473196
298.8568493188471 238.90152160336012
298.67857398473154 238.84209649198826
298.500298650616 238.84209649198826
298.3220233165004 238.84209649198826
298.14374798238487 238.84209649198826
297.9654726482693 238.84209649198826
297.7277722027819 238.84209649198826
297.5494968686664 238.84209649198826
297.3712215345508 238.84209649198826
297.19294620043524 238.96094671473196
297.07409597769157 239.13922204884756
296.895820643576 239.31749738296307
296.7769704208323 239.55519782845047
296.59869508671676 239.67404805119418
296.5392699753449 239.85232338530977
296.4204197526012 240.03059871942529
296.3015695298575 240.20887405354088
296.2421444184856 240.3871493876564
296.2421444184856 240.6248498331438
296.2421444184856 240.80312516725937
296.2421444184856 240.9814005013749
296.36099464122935 241.15967583549048
296.5392699753449 241.27852605823415
296.59869508671676 241.45680139234972
296.65812019808857 241.63507672646526
296.71754530946043 241.81335206058083
296.71754530946043 241.99162739469637
296.71754530946043 242.16990272881193
296.7769704208323 242.4076031742993
296.95524575494784 242.64530361978672
297.0146708663197 242.82357895390228
297.1335210890634 243.00185428801782
297.311796423179 243.23955473350526
297.4900717572945 243.47725517899264
297.66834709141006 243.59610540173634
297.8466224255256 243.7743807358519
298.084322871013 243.95265606996745
298.2625982051286 244.07150629271115
298.44087353924414 244.2497816268267
298.5597237619878 244.42805696094226
298.67857398473154 244.60633229505785
298.7379990961034 244.78460762917337
298.7974242074752 244.9628829632889
298.916274430219 245.14115829740447
298.916274430219 245.31943363152
299.0945497643345 245.49770896563558
299.15397487570635 245.735409411123
299.27282509845 245.97310985661042
299.45110043256557 246.15138519072593
299.5699506553093 246.32966052484147
299.74822598942484 246.62678608170077
299.9265013235404 246.80506141581628
300.0453515462841 247.0427618613037
300.1642017690278 247.28046230679112
300.3424771031434 247.5181627522785
300.5207524372589 247.6964380863941
300.6396026600026 247.8747134205096
300.7584528827463 248.05298875462518
300.87730310549 248.23126408874072
301.05557843960554 248.35011431148445
301.23385377372114 248.46896453422812
301.4121291078367 248.64723986834366
301.5904044419522 248.76609009108736
301.76867977606776 248.88494031383107
302.065805332927 249.0037905365748
302.24408066704257 249.0037905365748
302.42235600115816 249.0037905365748
302.6006313352737 249.0037905365748
302.77890666938924 249.0037905365748
302.9571820035048 249.12264075931847
303.1354573376203 249.12264075931847
303.3137326717359 249.12264075931847
303.49200800585146 249.12264075931847
303.61085822859513 248.94436542520293
303.670283339967 248.76609009108736
303.72970845133887 248.58781475697182
303.78913356271073 248.40953942285626
303.78913356271073 248.23126408874072
303.9079837854544 248.05298875462518
304.08625911956995 247.93413853188147
304.26453445368554 247.81528830913777
304.32395956505735 247.6370129750222
304.4428097878011 247.45873764090666
slice_number: 12
nb_points_on_contour: 54
153.00903622355222 259.3524974658626
153.27510872953206 258.9533887068928
153.27510872953206 258.55427994792296
153.27510872953206 258.15517118895315
153.27510872953206 257.75606242998333
153.27510872953206 257.35695367101346
153.27510872953206 256.95784491204364
153.40814498252203 256.5587361530738
153.67421748850194 256.159627394104
153.67421748850194 255.7605186351342
153.67421748850194 255.36140987616437
153.67421748850194 254.96230111719453
153.67421748850194 254.56319235822477
153.67421748850194 254.1640835992549
153.541181235512 253.76497484028508
153.40814498252203 253.36586608131523
153.00903622355222 253.09979357533538
152.6099274645824 252.96675732234542
152.21081870561258 252.8337210693555
151.81170994664274 252.8337210693555
151.41260118767292 252.8337210693555
151.0134924287031 253.09979357533538
150.88045617571316 253.63193858729514
150.88045617571316 254.03104734626496
150.88045617571316 254.4301561052348
150.6143836697333 254.82926486420462
150.3483111637534 255.22837362317443
149.9492024047836 255.62748238214425
149.6831298988037 256.02659114111407
149.41705739282384 256.4256999000839
149.41705739282384 256.8248086590537
149.41705739282384 257.2239174180235
149.41705739282384 257.62302617699333
149.2840211398339 258.0221349359632
148.88491238086408 258.421243694933
148.61883987488417 258.82035245390284
148.4858036218942 259.21946121287266
148.4858036218942 259.6185699718425
148.4858036218942 260.0176787308123
148.61883987488417 260.4167874897821
148.88491238086408 260.8158962487519
149.2840211398339 260.8158962487519
149.6831298988037 260.94893250174187
149.9492024047836 261.3480412607117
150.3483111637534 261.7471500196815
150.74741992272322 261.7471500196815
151.14652868169304 261.7471500196815
151.54563744066286 261.7471500196815
151.9447461996327 261.3480412607117
152.34385495860252 261.0819687547318
152.47689121159246 260.682859995762
152.47689121159246 260.28375123679217
152.6099274645824 259.88464247782235
152.74296371757234 259.48553371885254
slice_number: 13
nb_points_on_contour: 149
300.57311143529444 210.09103013485637
300.8398533468003 210.00211616435442
301.28442319931 209.73537425284857
301.5511651108159 209.64646028234662
301.8179070223217 209.5575463118447
302.1735629043295 209.3797183708408
302.52921878633725 209.2018904298369
302.7959606978431 208.93514851833106
302.973788638847 208.66840660682522
303.24053055035284 208.4016646953194
303.5072724618587 208.2238367543155
303.59618643236064 207.95709484280965
303.6851004028626 207.6014389608019
303.6851004028626 207.33469704929604
303.6851004028626 207.0679551377902
303.5072724618587 206.80121322628435
303.3294445208548 206.53447131477853
303.06270260934895 206.35664337377463
302.973788638847 206.08990146226878
302.88487466834505 205.82315955076297
302.88487466834505 205.55641763925712
302.88487466834505 205.28967572775127
302.88487466834505 205.02293381624543
303.1516165798509 204.7561919047396
303.41835849135674 204.5783639637357
303.77401437336454 204.5783639637357
304.0407562848704 204.66727793423766
304.3074981963762 204.84510587524153
304.574240107882 204.93401984574348
304.84098201938787 204.93401984574348
305.1077239308937 204.93401984574348
305.37446584239956 204.93401984574348
305.6412077539054 204.93401984574348
305.9968636359132 204.93401984574348
306.263605547419 204.84510587524153
306.53034745892484 204.7561919047396
306.7970893704307 204.66727793423766
307.06383128193653 204.5783639637357
307.3305731934424 204.31162205222986
307.68622907545017 204.04488014072402
307.95297098695596 203.7781382292182
308.2197128984618 203.6003102882143
308.48645480996765 203.33356837670846
308.7531967214735 203.15574043570456
309.01993863297935 202.88899852419874
309.19776657398324 202.6222566126929
309.4645084854891 202.35551470118705
309.4645084854891 202.08877278968123
309.55342245599104 201.82203087817538
309.73125039699494 201.4663749961676
309.8201643674969 201.19963308466174
309.9979923085007 200.93289117315592
309.9979923085007 200.66614926165008
309.9979923085007 200.39940735014423
309.9979923085007 200.1326654386384
309.9979923085007 199.77700955663062
309.9979923085007 199.51026764512477
309.9979923085007 199.24352573361895
309.9979923085007 198.9767838221131
309.9979923085007 198.6211279401053
309.9979923085007 198.26547205809754
309.9090783379988 197.9987301465917
309.73125039699494 197.73198823508585
309.4645084854891 197.46524632358
309.19776657398324 197.28741838257613
308.9310246624774 197.1985044120742
308.5753687804696 197.10959044157224
308.2197128984618 196.93176250056834
307.95297098695596 196.93176250056834
307.68622907545017 196.93176250056834
307.4194871639443 196.93176250056834
307.1527452524385 196.93176250056834
306.88600334093263 196.93176250056834
306.53034745892484 196.93176250056834
306.263605547419 197.0206764710703
305.90794966541125 197.1985044120742
305.6412077539054 197.28741838257613
305.37446584239956 197.37633235307808
305.1077239308937 197.37633235307808
304.84098201938787 197.37633235307808
304.574240107882 197.46524632358
304.3074981963762 197.55416029408195
303.95184231436843 197.73198823508585
303.6851004028626 197.9987301465917
303.59618643236064 198.26547205809754
303.3294445208548 198.53221396960336
303.1516165798509 198.7989558811092
303.06270260934895 199.06569779261505
302.973788638847 199.33243970412087
302.7959606978431 199.59918161562672
302.7959606978431 199.95483749763451
302.7959606978431 200.22157940914036
302.7959606978431 200.48832132064618
302.7959606978431 200.75506323215203
302.7959606978431 201.02180514365787
302.7959606978431 201.2885470551637
302.7959606978431 201.55528896666954
302.7959606978431 201.82203087817538
302.7959606978431 202.08877278968123
302.70704672734115 202.35551470118705
302.6181327568392 202.71117058319484
302.35139084533336 202.88899852419874
302.08464893382757 202.88899852419874
301.8179070223217 202.9779124947007
301.4622511403139 203.0668264652026
301.1955092288081 203.0668264652026
300.92876731730223 203.0668264652026
300.6620254057964 202.9779124947007
300.39528349429054 202.88899852419874
300.12854158278475 202.88899852419874
299.77288570077695 202.88899852419874
299.5061437892711 203.0668264652026
299.23940187776526 203.15574043570456
298.9726599662594 203.33356837670846
298.7948320252555 203.6003102882143
298.52809011374967 203.7781382292182
298.2613482022439 204.04488014072402
297.99460629073803 204.31162205222986
297.7278643792322 204.5783639637357
297.46112246772634 204.93401984574348
297.28329452672244 205.28967572775127
297.10546658571855 205.55641763925712
296.8387246742127 205.9120735212649
296.6608967332088 206.26772940327268
296.57198276270685 206.53447131477853
296.4830687922049 206.80121322628435
296.30524085120106 207.0679551377902
296.2163268806991 207.33469704929604
296.12741291019717 207.6014389608019
296.12741291019717 207.8681808723077
296.12741291019717 208.13492278381355
296.30524085120106 208.4016646953194
296.4830687922049 208.66840660682522
296.74981070371075 208.93514851833106
297.10546658571855 209.11297645933496
297.3722084972244 209.29080440033886
297.7278643792322 209.5575463118447
298.08352026124 209.73537425284857
298.35026217274583 209.82428822335052
298.70591805475357 209.91320219385247
298.9726599662594 210.09103013485637
299.23940187776526 210.09103013485637
299.5061437892711 210.17994410535832
299.77288570077695 210.17994410535832
300.0396276122828 210.35777204636221
300.3063695237886 210.44668601686413
300.57311143529444 210.44668601686413
300.8398533468003 210.44668601686413
301.0176812878042 210.17994410535832
slice_number: 14
nb_points_on_contour: 141
303.6851004028626 210.53559998736603
304.0407562848704 210.53559998736603
304.3964121668781 210.44668601686413
304.66315407838397 210.44668601686413
304.9298959898898 210.44668601686413
305.19663790139566 210.2688580758602
305.4633798129015 210.0910301348563
305.73012172440735 209.91320219385244
305.9968636359132 209.73537425284857
306.263605547419 209.4686323413427
306.35251951792094 209.2018904298369
306.4414334884229 208.93514851833106
306.6192614294268 208.66840660682522
306.7970893704307 208.40166469531934
306.88600334093263 208.1349227838135
306.88600334093263 207.8681808723077
306.88600334093263 207.6014389608019
306.7970893704307 207.33469704929598
306.70817539992873 207.06795513779014
306.4414334884229 206.80121322628435
306.35251951792094 206.53447131477853
306.08577760641504 206.26772940327263
305.8190356949093 206.00098749176678
305.6412077539054 205.73424558026102
305.37446584239956 205.55641763925712
305.19663790139566 205.28967572775127
304.9298959898898 205.02293381624543
304.66315407838397 204.66727793423766
304.3964121668781 204.4005360227318
304.1296702553723 204.04488014072402
303.8629283438665 203.7781382292182
303.59618643236064 203.51139631771233
303.5072724618587 203.15574043570456
303.24053055035284 202.88899852419874
303.24053055035284 202.53334264219095
303.24053055035284 202.1776867601831
303.24053055035284 201.91094484867733
303.24053055035284 201.64420293717149
303.24053055035284 201.37746102566564
303.24053055035284 201.11071911415976
303.24053055035284 200.84397720265397
303.24053055035284 200.57723529114813
303.3294445208548 200.31049337964228
303.59618643236064 200.1326654386384
303.8629283438665 199.95483749763451
303.95184231436843 199.68809558612867
304.0407562848704 199.42135367462276
304.3074981963762 199.24352573361892
304.3964121668781 198.88786985161116
304.48532613738007 198.6211279401053
304.48532613738007 198.35438602859944
304.48532613738007 198.08764411709365
304.48532613738007 197.8209022055878
304.3074981963762 197.55416029408195
304.0407562848704 197.37633235307808
303.77401437336454 197.10959044157224
303.5072724618587 197.02067647107023
303.15161657985084 196.93176250056834
302.88487466834505 196.93176250056834
302.6181327568392 196.93176250056834
302.35139084533336 197.02067647107023
302.08464893382757 197.1985044120742
301.72899305181977 197.37633235307808
301.4622511403139 197.6430742645839
301.1955092288081 197.7319882350858
300.92876731730223 197.9098161760897
300.6620254057964 197.9987301465917
300.3063695237886 198.08764411709365
300.0396276122828 198.26547205809754
299.683971730275 198.4432999991014
299.41722981876916 198.71004191060726
299.15048790726325 198.79895588110915
298.88374599575747 199.06569779261505
298.6170040842516 199.15461176311697
298.4391761432478 199.42135367462276
298.2613482022439 199.68809558612867
297.99460629073803 199.8659235271325
297.9056923202361 200.1326654386384
297.63895040873024 200.39940735014423
297.46112246772634 200.66614926165002
297.28329452672244 200.93289117315587
297.1943805562205 201.19963308466174
297.0165526152166 201.4663749961676
296.8387246742127 201.73311690767338
296.6608967332088 201.99985881917922
296.394154821703 202.2666007306851
296.21632688069906 202.53334264219095
296.12741291019717 202.80008455369673
295.94958496919327 203.06682646520255
295.8606709986913 203.33356837670846
295.77175702818937 203.6892242587162
295.5939290871855 203.9559661702221
295.5050151166835 204.22270808172792
295.4161011461816 204.48944999323373
295.0604452641738 204.66727793423766
295.3271871756796 204.7561919047396
295.6828430576874 205.02293381624543
295.8606709986913 205.28967572775127
295.8606709986913 205.55641763925712
295.8606709986913 205.82315955076297
295.8606709986913 206.08990146226878
295.8606709986913 206.35664337377463
295.8606709986913 206.62338528528048
295.8606709986913 206.8901271967863
295.8606709986913 207.15686910829214
295.8606709986913 207.423611019798
295.8606709986913 207.69035293130383
295.77175702818937 207.95709484280965
295.6828430576874 208.2238367543155
295.5939290871855 208.49057866582135
295.5939290871855 208.75732057732716
295.94958496919327 208.84623454782908
296.12741291019717 209.11297645933496
296.394154821703 209.3797183708408
296.6608967332088 209.4686323413427
296.92763864471465 209.64646028234657
297.1943805562205 209.73537425284857
297.46112246772634 209.8242882233505
297.7278643792322 210.0910301348563
298.08352026124 210.17994410535832
298.35026217274583 210.17994410535832
298.6170040842516 210.17994410535832
298.88374599575747 210.17994410535832
299.06157393676136 209.8242882233505
299.3283158482672 209.6464602823466
299.59505775977306 209.6464602823466
299.8617996712789 209.6464602823466
300.12854158278475 209.6464602823466
300.39528349429054 209.46863234134273
300.6620254057964 209.29080440033886
300.92876731730223 209.29080440033886
301.1955092288081 209.29080440033886
301.4622511403139 209.29080440033886
301.72899305181977 209.29080440033886
301.9957349633256 209.3797183708408
302.35139084533336 209.46863234134273
302.6181327568392 209.6464602823466
302.70704672734115 209.91320219385244
302.973788638847 210.09103013485634
303.15161657985084 210.35777204636221
303.24053055035284 210.62451395786803
label: increased_attenuation
localisation: non-relevant
slice_number: 11
nb_points_on_contour: 279
294.73011402189735 259.4752522686775
294.8801140218973 259.4752522686775
295.0801140218973 259.4752522686775
295.23011402189735 259.4752522686775
295.43011402189734 259.4752522686775
295.5801140218973 259.4752522686775
295.78011402189736 259.42525226867747
295.93011402189734 259.37525226867746
296.1301140218973 259.2752522686775
296.28011402189736 259.17525226867747
296.43011402189734 259.07525226867745
296.6301140218973 259.0252522686775
296.78011402189736 258.92525226867747
296.93011402189734 258.82525226867745
297.0801140218974 258.7252522686775
297.23011402189735 258.57525226867745
297.3801140218973 258.4752522686775
297.53011402189736 258.32525226867745
297.73011402189735 258.2252522686775
297.78011402189736 258.07525226867745
297.93011402189734 257.87525226867746
298.03011402189736 257.7252522686775
298.1301140218973 257.5252522686775
298.18011402189734 257.37525226867746
298.28011402189736 257.17525226867747
298.3801140218973 257.0252522686775
298.48011402189735 256.87525226867746
298.6301140218973 256.62525226867746
298.73011402189735 256.4752522686775
298.78011402189736 256.2752522686775
298.98011402189735 256.0252522686775
299.0801140218974 255.87525226867746
299.1301140218973 255.67525226867747
299.28011402189736 255.57525226867747
299.3801140218973 255.32525226867747
299.48011402189735 255.17525226867747
299.6301140218973 254.97525226867748
299.68011402189734 254.82525226867747
299.8301140218973 254.57525226867747
299.93011402189734 254.42525226867747
300.03011402189736 254.22525226867748
300.0801140218973 254.02525226867746
300.28011402189736 253.67525226867747
300.28011402189736 253.52525226867746
300.28011402189736 253.37525226867746
300.3801140218974 253.22525226867745
300.3801140218974 252.97525226867745
300.3801140218974 252.77525226867746
300.3801140218974 252.57525226867747
300.3801140218974 252.42525226867747
300.3801140218974 252.17525226867747
300.3801140218974 252.02525226867746
300.3801140218974 251.72525226867745
300.3801140218974 251.52525226867746
300.3801140218974 251.32525226867747
300.3801140218974 251.17525226867747
300.3801140218974 250.97525226867745
300.3801140218974 250.77525226867746
300.3301140218973 250.42525226867747
300.28011402189736 250.27525226867746
300.23011402189735 250.07525226867745
300.1301140218974 249.77525226867746
300.03011402189736 249.62525226867746
299.98011402189735 249.47525226867745
299.8801140218973 249.32525226867745
299.78011402189736 249.17525226867747
299.68011402189734 249.02525226867746
299.5801140218973 248.87525226867746
299.43011402189734 248.82525226867745
299.3301140218974 248.67525226867747
299.18011402189734 248.62525226867746
299.03011402189736 248.57525226867745
298.8801140218973 248.52525226867746
298.68011402189734 248.52525226867746
298.43011402189734 248.52525226867746
298.0801140218974 248.52525226867746
297.8801140218973 248.52525226867746
297.68011402189734 248.52525226867746
297.53011402189736 248.62525226867746
297.3801140218973 248.67525226867747
297.23011402189735 248.77525226867746
297.0801140218974 248.82525226867745
296.93011402189734 248.92525226867747
296.78011402189736 249.02525226867746
296.5801140218973 249.12525226867746
296.18011402189734 249.32525226867745
296.03011402189736 249.42525226867747
295.8301140218973 249.47525226867745
295.68011402189734 249.57525226867745
295.43011402189734 249.67525226867747
295.1301140218973 249.82525226867745
294.98011402189735 249.87525226867746
294.8301140218973 250.02525226867746
294.68011402189734 250.07525226867745
294.48011402189735 250.17525226867747
294.2551140218973 250.32525226867745
294.03011402189736 250.47525226867745
293.8801140218973 250.52525226867746
293.73011402189735 250.62525226867746
293.43011402189734 250.77525226867746
293.0801140218973 250.97525226867745
292.78011402189736 251.07525226867747
292.5801140218973 251.17525226867747
292.43011402189734 251.27525226867746
292.1301140218973 251.47525226867745
291.8301140218973 251.57525226867747
291.53011402189736 251.67525226867747
291.3301140218973 251.67525226867747
291.1301140218973 251.82525226867745
291.03011402189736 251.67525226867747
291.03011402189736 251.47525226867745
291.03011402189736 251.22525226867745
291.03011402189736 251.07525226867747
291.1301140218973 250.87525226867746
291.23011402189735 250.72525226867745
291.3301140218973 250.47525226867745
291.43011402189734 250.27525226867746
291.5801140218973 250.07525226867745
291.6301140218973 249.87525226867746
291.73011402189735 249.72525226867745
291.8801140218973 249.37525226867746
291.98011402189735 249.22525226867745
291.98011402189735 249.02525226867746
291.98011402189735 248.82525226867745
291.93011402189734 248.62525226867746
291.8801140218973 248.42525226867747
291.73011402189735 248.17525226867747
291.6301140218973 248.02525226867746
291.5801140218973 247.87525226867746
291.53011402189736 247.72525226867745
291.3801140218973 247.62525226867746
291.23011402189735 247.47525226867745
291.0801140218973 247.37525226867746
290.8801140218973 247.22525226867745
290.68011402189734 247.17525226867747
290.48011402189735 247.02525226867746
290.3301140218973 246.92525226867747
290.0801140218973 246.82525226867745
289.93011402189734 246.82525226867745
289.68011402189734 246.62525226867746
289.53011402189736 246.57525226867745
289.1301140218973 246.37525226867746
288.98011402189735 246.27525226867746
288.78011402189736 246.22525226867745
288.6301140218973 246.12525226867746
288.43011402189734 246.02525226867746
288.28011402189736 245.97525226867745
288.0801140218973 245.92525226867747
287.8301140218973 245.82525226867745
287.5801140218973 245.72525226867745
287.43011402189734 245.72525226867745
287.28011402189736 245.62525226867746
287.0801140218973 245.57525226867745
286.8801140218973 245.57525226867745
286.6301140218973 245.52525226867746
286.48011402189735 245.52525226867746
286.28011402189736 245.62525226867746
286.1301140218973 245.77525226867746
285.8801140218973 246.02525226867746
285.78011402189736 246.17525226867744
285.6301140218973 246.22525226867745
285.53011402189736 246.37525226867746
285.43011402189734 246.52525226867746
285.3801140218973 246.67525226867747
285.23011402189735 246.92525226867747
285.03011402189736 247.32525226867745
285.03011402189736 247.47525226867745
284.98011402189735 247.77525226867746
284.98011402189735 248.17525226867747
284.93011402189734 248.32525226867745
284.8801140218973 248.57525226867745
284.78011402189736 248.87525226867746
284.73011402189735 249.02525226867746
284.68011402189734 249.22525226867745
284.68011402189734 249.37525226867746
284.5801140218973 249.82525226867745
284.5801140218973 250.02525226867746
284.53011402189736 250.17525226867747
284.48011402189735 250.37525226867746
284.4551140218973 250.65025226867746
284.43011402189734 250.92525226867747
284.43011402189734 251.12525226867746
284.43011402189734 251.32525226867747
284.43011402189734 251.57525226867747
284.43011402189734 251.85025226867745
284.43011402189734 252.12525226867746
284.43011402189734 252.32525226867747
284.43011402189734 252.47525226867745
284.43011402189734 252.62525226867746
284.43011402189734 252.77525226867746
284.43011402189734 252.92525226867747
284.43011402189734 253.20025226867747
284.43011402189734 253.47525226867748
284.43011402189734 253.67525226867747
284.48011402189735 253.82525226867747
284.5801140218973 253.97525226867748
284.6301140218973 254.17525226867747
284.68011402189734 254.32525226867747
284.73011402189735 254.47525226867748
284.73011402189735 254.62525226867746
284.73011402189735 254.92525226867747
284.73011402189735 255.22525226867748
284.78011402189736 255.52525226867746
284.78011402189736 255.72525226867748
284.78011402189736 255.87525226867746
284.78011402189736 256.0252522686775
284.78011402189736 256.2252522686775
284.78011402189736 256.37525226867746
284.78011402189736 256.5252522686775
284.78011402189736 256.7752522686775
284.78011402189736 256.9752522686775
284.78011402189736 257.12525226867746
284.78011402189736 257.32525226867745
284.8301140218973 257.4752522686775
284.8301140218973 257.62525226867746
284.98011402189735 257.87525226867746
285.1301140218973 258.17525226867747
285.28011402189736 258.4752522686775
285.3801140218973 258.62525226867746
285.5801140218973 258.87525226867746
285.6301140218973 259.0252522686775
285.78011402189736 259.2252522686775
285.8801140218973 259.37525226867746
286.0801140218973 259.7252522686775
286.18011402189734 259.87525226867746
286.3301140218973 260.0252522686775
286.43011402189734 260.17525226867747
286.5801140218973 260.2252522686775
286.73011402189735 260.37525226867746
287.03011402189736 260.62525226867746
287.28011402189736 260.92525226867747
287.43011402189734 261.07525226867745
287.5801140218973 261.2252522686775
287.8301140218973 261.4752522686775
288.0801140218973 261.7252522686775
288.23011402189735 261.87525226867746
288.48011402189735 261.9752522686775
288.6301140218973 262.12525226867746
288.78011402189736 262.17525226867747
288.93011402189734 262.17525226867747
289.0801140218973 262.17525226867747
289.23011402189735 262.17525226867747
289.3801140218973 262.17525226867747
289.5801140218973 262.17525226867747
289.73011402189735 262.17525226867747
289.8801140218973 262.07525226867745
290.03011402189736 261.9752522686775
290.0801140218973 261.82525226867745
290.3801140218973 261.5752522686775
290.43011402189734 261.42525226867747
290.5801140218973 261.3252522686775
290.6301140218973 261.12525226867746
290.73011402189735 260.9752522686775
290.8301140218973 260.82525226867745
290.98011402189735 260.7252522686775
291.0801140218973 260.57525226867745
291.23011402189735 260.5252522686775
291.3801140218973 260.42525226867747
291.53011402189736 260.37525226867746
291.73011402189735 260.2752522686775
291.8801140218973 260.17525226867747
292.0801140218973 260.0252522686775
292.23011402189735 259.9752522686775
292.3801140218973 259.87525226867746
292.53011402189736 259.7752522686775
292.68011402189734 259.7252522686775
292.8801140218973 259.67525226867747
293.03011402189736 259.67525226867747
293.18011402189734 259.67525226867747
293.3301140218973 259.67525226867747
293.48011402189735 259.67525226867747
293.6301140218973 259.7752522686775
293.78011402189736 259.7752522686775
293.98011402189735 259.87525226867746
294.1301140218973 259.92525226867747
294.28011402189736 259.92525226867747
294.43011402189734 259.92525226867747
294.6301140218973 259.82525226867745
294.8301140218973 259.82525226867745
slice_number: 13
nb_points_on_contour: 339
147.14500650234797 276.08014837142446
147.20795277293766 275.8913095596553
147.3967915847068 275.7024707478862
147.5226841258862 275.51363193611706
147.64857666706564 275.1989005831685
147.83741547883474 275.01006177139936
147.90036174942446 274.8212229596303
148.02625429060387 274.63238414786116
148.215093102373 274.38059906550234
148.40393191414213 274.19176025373315
148.59277072591124 274.0029214419641
148.78160953768037 273.93997517137433
148.9704483494495 273.81408263019495
149.22223343180835 273.6252438184258
149.47401851416717 273.4993512772464
149.6628573259363 273.37345873606694
149.85169613770543 273.24756619488755
150.04053494947456 273.1216736537081
150.22937376124366 273.4364050066567
150.4182125730128 273.6881900890155
150.66999765537162 273.93997517137433
150.92178273773047 274.12881398314346
151.1106215494996 274.3176527949126
151.2994603612687 274.44354533609203
151.36240663185842 274.63238414786116
151.36240663185842 274.8212229596303
151.36240663185842 275.01006177139936
151.36240663185842 275.1989005831685
151.36240663185842 275.3877393949376
151.36240663185842 275.5765782067067
151.36240663185842 275.7654170184759
151.55124544362755 275.8913095596553
151.74008425539668 275.8913095596553
151.9918693377555 275.8283632890655
152.18070814952463 275.8283632890655
152.43249323188348 275.63952447729645
152.6213320436526 275.5765782067067
152.87311712601144 275.4506856655274
153.25079474954967 275.3877393949376
153.5655261024982 275.1989005831685
153.94320372603647 275.07300804198906
154.1949888083953 274.88416923022
154.44677389075412 274.69533041845085
154.63561270252325 274.5064916066817
154.82445151429238 274.44354533609203
155.0132903260615 274.2547065243229
155.20212913783064 274.12881398314346
155.39096794959977 274.0029214419641
155.6427530319586 273.81408263019495
155.83159184372772 273.6881900890155
155.95748438490713 273.4993512772464
156.02043065549685 273.31051246547725
156.14632319667624 273.0587273831184
156.20926946726598 272.8698885713493
156.20926946726598 272.61810348899047
156.20926946726598 272.42926467722134
156.20926946726598 272.2404258654522
156.20926946726598 272.0515870536831
156.20926946726598 271.86274824191395
156.14632319667624 271.6109631595551
156.14632319667624 271.3591780771963
156.02043065549685 271.1703392654272
155.8945381143174 270.91855418306835
155.76864557313803 270.6038228301198
155.5798067613689 270.35203774776096
155.39096794959977 270.10025266540214
155.26507540842033 269.911413853633
155.0132903260615 269.59668250068444
154.82445151429238 269.53373623009475
154.63561270252325 269.3448974183256
154.44677389075412 269.1560586065565
154.32088134957473 268.58954217124915
154.32088134957473 268.40070335948
154.1949888083953 268.21186454771083
154.00614999662616 268.02302573594176
153.94320372603647 267.8341869241726
153.81731118485703 267.5824018418138
153.69141864367765 267.330616759455
153.69141864367765 267.14177794768585
153.69141864367765 266.9529391359167
153.62847237308793 266.76410032414753
153.62847237308793 266.57526151237846
153.62847237308793 266.38642270060933
153.62847237308793 266.1975838888402
153.69141864367765 265.9457988064814
153.81731118485703 265.75695999471225
153.88025745544678 265.56812118294306
154.00614999662616 265.379282371174
154.1949888083953 265.31633610058424
154.38382762016442 265.12749728881516
154.88739778488207 265.0645510182254
155.20212913783064 265.0645510182254
155.51686049077915 265.0645510182254
155.83159184372772 265.0645510182254
156.02043065549685 265.0645510182254
156.39810827903509 265.1904435594049
156.58694709080422 265.2533898299946
156.96462471434248 265.44222864176373
157.46819487906015 265.44222864176373
157.71997996141897 265.379282371174
157.9088187731881 265.379282371174
158.09765758495723 265.379282371174
158.28649639672633 265.379282371174
158.47533520849547 265.379282371174
158.6641740202646 265.5051749123534
158.85301283203373 265.69401372412256
159.04185164380286 265.8199062653019
159.29363672616168 266.00874507707107
159.29363672616168 266.1975838888402
159.29363672616168 266.4493689711991
159.3565829967514 266.63820778296815
159.4195292673411 266.8270465947373
159.4195292673411 267.01588540650636
159.4195292673411 267.20472421827554
159.7027874849948 267.6768212476983
159.98604570264848 268.1489182771212
160.1748845144176 268.3377570888903
160.48961586736613 268.5265959006594
160.67845467913526 268.5265959006594
160.8672934909044 268.58954217124915
161.05613230267352 268.58954217124915
161.37086365562206 268.58954217124915
161.55970246739116 268.58954217124915
161.7485412791603 268.58954217124915
161.93738009092942 268.58954217124915
162.12621890269855 268.58954217124915
162.31505771446768 268.46364963006965
162.50389652623682 268.40070335948
162.50389652623682 268.21186454771083
162.5668427968265 268.02302573594176
162.69273533800595 267.8341869241726
162.81862787918533 267.6453481124035
162.81862787918533 267.3935630300447
162.81862787918533 267.20472421827554
162.81862787918533 267.01588540650636
162.81862787918533 266.8270465947373
162.81862787918533 266.63820778296815
162.81862787918533 266.4493689711991
162.81862787918533 266.2605301594299
162.81862787918533 266.0716913476608
162.81862787918533 265.8199062653019
162.81862787918533 265.63106745353286
162.81862787918533 265.44222864176373
162.94452042036477 265.1904435594049
162.94452042036477 265.0016047476358
163.00746669095446 264.81276593586665
163.0704129615442 264.6239271240975
163.6998756674413 264.24624950055926
163.6369293968515 263.99446441820044
163.44809058508244 263.6167867946622
163.1963055027236 263.0502703593548
163.0704129615442 262.86143154758565
162.88157414977508 262.60964646522683
162.81862787918533 262.4208076534577
162.69273533800595 262.1060763005092
162.5668427968265 261.91723748874006
162.37800398505738 261.91723748874006
162.18916517328827 261.85429121815037
161.93738009092942 261.7283986769709
161.81148754975 261.5395598652018
161.7485412791603 261.35072105343266
161.7485412791603 261.16188224166353
161.7485412791603 260.9730434298944
161.81148754975 260.7842046181253
161.87443382033973 260.5953658063562
162.06327263210886 260.40652699458707
162.252111443878 260.3435807239973
162.44095025564712 260.21768818281794
162.62978906741623 260.0288493710488
162.75568160859564 259.8400105592797
162.81862787918536 259.65117174751055
162.81862787918536 259.4623329357414
162.81862787918536 259.2734941239723
162.69273533800595 259.02170904161346
162.50389652623682 258.95876277102377
162.37800398505738 258.76992395925464
162.12621890269855 258.5810851474855
161.93738009092942 258.45519260630607
161.6855950085706 258.3293000651267
161.49675619680147 258.20340752394725
161.30791738503234 258.14046125335756
161.18202484385293 257.9516224415884
160.99318603208383 257.825729900409
160.67845467913526 257.63689108863986
160.48961586736613 257.57394481805017
160.1748845144176 257.6998373592296
159.86015316146904 257.825729900409
159.67131434969994 257.88867617099874
159.4824755379308 258.0775149827678
159.29363672616168 258.20340752394725
159.10479791439255 258.3293000651267
158.91595910262345 258.3922463357164
158.72712029085432 258.45519260630607
158.53828147908519 258.5810851474855
158.41238893790577 258.76992395925464
158.28649639672633 258.95876277102377
158.22355012613664 259.1476015827929
158.0347113143675 259.2734941239723
157.84587250259838 259.2734941239723
157.71997996141897 259.08465531220315
157.53114114964984 258.895816500434
157.40524860847043 258.7069776886649
157.27935606729102 258.5181388768958
157.0905172555219 258.3922463357164
156.96462471434248 258.20340752394725
156.77578590257335 258.0775149827678
156.58694709080422 257.825729900409
156.39810827903509 257.6998373592296
156.27221573785567 257.5109985474605
156.14632319667626 257.32215973569134
155.95748438490713 257.0703746533325
155.8945381143174 256.8815358415634
155.83159184372772 256.69269702979426
155.76864557313803 256.44091194743544
155.76864557313803 256.2520731356663
155.7056993025483 256.0632343238972
155.6427530319586 255.87439551212805
155.32802167901005 256.0632343238972
155.13918286724095 255.93734178271774
154.95034405547182 255.81144924153827
154.66708583781812 255.65408356506407
154.38382762016442 255.49671788858979
154.1949888083953 255.37082534741035
154.00614999662616 255.30787907682063
153.69141864367765 255.11904026505152
153.4396335613188 254.99314772387208
153.12490220837026 254.8672551826927
152.93606339660113 254.67841637092351
152.747224584832 254.4266312885647
152.49543950247318 254.36368501797497
152.18070814952463 254.17484620620587
151.9918693377555 254.17484620620587
151.55124544362755 254.55252382974416
151.48829917303783 254.74136264151326
151.2994603612687 254.67841637092351
151.1106215494996 254.93020145328242
150.92178273773047 255.18198653564124
150.85883646714075 255.37082534741035
150.73294392596134 255.68555670035892
150.66999765537162 255.93734178271774
150.60705138478193 256.315019406256
150.60705138478193 256.5668044886148
150.57557824948708 257.10184778862737
150.54410511419218 257.63689108863986
150.54410511419218 257.825729900409
150.54410511419218 258.14046125335756
150.54410511419218 258.5181388768958
150.54410511419218 258.83287022984433
150.54410511419218 259.02170904161346
150.54410511419218 259.33644039456203
150.54410511419218 259.6511717475105
150.54410511419218 259.8400105592797
150.54410511419218 260.1547419122282
150.54410511419218 260.40652699458707
150.4182125730128 260.59536580635614
150.3552663024231 260.7842046181253
150.29232003183338 261.03598970048415
150.10348122006425 261.287774782843
150.04053494947456 261.4766135946121
150.04053494947456 261.6654524063812
149.85169613770543 262.1060763005092
149.725803596526 262.4208076534577
149.5369647847569 262.60964646522683
149.5369647847569 262.79848527699596
149.34812597298776 262.9243778181754
149.22223343180835 263.11321662994453
149.03339462003922 263.2391091711239
148.71866326709068 263.49089425348274
148.52982445532155 263.67973306525187
148.34098564355241 263.86857187702094
148.15214683178328 264.0574106887901
148.02625429060387 264.24624950055926
147.83741547883474 264.3721420417387
147.64857666706564 264.6239271240975
147.3967915847068 265.0645510182254
147.14500650234797 265.2533898299946
146.95616769057884 265.44222864176373
146.6414363376303 265.63106745353286
146.57849006704058 265.8199062653019
146.38965125527147 265.8828525358917
146.20081244350234 266.00874507707107
145.9490273611435 266.32347643001964
145.82313481996408 266.57526151237846
145.69724227878467 266.88999286532703
145.57134973760526 267.0788316770961
145.3195646552464 267.6453481124035
145.2566183846567 267.8341869241726
145.193672114067 268.02302573594176
145.1307258434773 268.3377570888903
145.0677795728876 268.5265959006594
144.94188703170818 268.90427352419766
144.81599449052874 269.0931123359668
144.6271556787596 269.21900487714623
144.4383168669905 269.53373623009475
144.18653178463165 269.8484675830433
143.99769297286252 270.10025266540214
143.80885416109342 270.35203774776096
143.55706907873457 270.66676910070953
143.36823026696544 270.85560791247866
143.24233772578603 271.1073929948375
143.05349891401693 271.3591780771963
142.9905526434272 271.54801688896544
142.80171383165808 271.79980197132426
142.67582129047867 272.0515870536831
142.61287501988895 272.36631840663165
142.48698247870954 272.712522894875
142.36108993753012 273.0587273831184
142.2351973963507 273.31051246547725
142.172251125761 273.4993512772464
142.10930485517127 273.7511363596052
142.04635858458158 273.93997517137433
141.98341231399186 274.12881398314346
141.8889929081073 274.60091101256626
141.79457350222276 275.07300804198906
141.73162723163304 275.32479312434793
141.73162723163304 275.51363193611706
141.73162723163304 275.7024707478862
141.98341231399186 275.7654170184759
142.172251125761 275.8283632890655
142.54992874929926 275.954255830245
142.73876756106836 276.08014837142446
142.9905526434272 276.08014837142446
143.17939145519634 276.08014837142446
143.36823026696544 276.08014837142446
143.55706907873457 276.08014837142446
143.7459078905037 276.14309464201415
143.93474670227283 276.20604091260384
144.12358551404196 276.20604091260384
144.37537059640078 276.3319334537833
144.56420940816992 276.3319334537833
144.81599449052874 276.39487972437297
145.00483330229787 276.39487972437297
145.193672114067 276.39487972437297
145.38251092583613 276.39487972437297
145.57134973760526 276.39487972437297
145.82313481996408 276.3319334537833
146.13786617291262 276.26898718319353
146.38965125527147 276.20604091260384
146.57849006704058 276.14309464201415
slice_number: 14
nb_points_on_contour: 486
142.6734565712967 276.48618531890236
142.94016085772935 276.41950924729423
143.2735412157702 276.41950924729423
143.4735694305947 276.41950924729423
143.74027371702735 276.41950924729423
143.94030193185185 276.41950924729423
144.14033014667635 276.41950924729423
144.34035836150085 276.41950924729423
144.74041479114985 276.41950924729423
145.0737951491907 276.41950924729423
145.2738233640152 276.35283317568604
145.54052765044784 276.35283317568604
145.74055586527234 276.35283317568604
146.007260151705 276.2861571040779
146.2072883665295 276.21948103246973
146.67402086778668 276.08612888925336
147.0074012258275 275.95277674603705
147.207429440652 275.8861006744289
147.54080979869283 275.75274853121255
147.8075140851255 275.61939638799623
148.14089444316633 275.41936817317173
148.54095087281533 275.21933995834723
148.87433123085614 275.01931174352274
149.20771158889698 274.81928352869824
149.40773980372148 274.6859313854819
149.60776801854598 274.4859031706574
149.87447230497864 274.15252281261655
149.9411483765868 273.95249459779205
150.07450051980314 273.75246638296755
150.20785266301948 273.4857620965349
150.34120480623582 273.08570566688593
150.47455694945214 272.88567745206143
150.60790909266848 272.68564923723693
150.67458516427664 272.41894495080425
150.67458516427664 272.15224066437156
150.67458516427664 271.95221244954706
150.67458516427664 271.75218423472256
150.67458516427664 271.55215601989806
150.5412330210603 271.35212780507356
150.47455694945214 271.15209959024907
150.40788087784398 270.88539530381644
150.40788087784398 270.61869101738375
150.40788087784398 270.35198673095107
150.40788087784398 270.01860637291026
150.40788087784398 269.81857815808576
150.47455694945214 269.61854994326126
150.47455694945214 269.41852172843676
150.60790909266848 269.15181744200413
150.67458516427664 268.88511315557145
150.7412612358848 268.68508494074695
150.87461337910113 268.48505672592245
151.00796552231748 268.28502851109795
151.3413458803583 267.81829600984076
151.5413740951828 267.55159172340814
151.80807838161547 267.35156350858364
152.07478266804813 267.15153529375914
152.47483909769713 266.81815493571827
152.80821945573797 266.61812672089377
153.14159981377878 266.35142243446114
153.40830410021147 266.15139421963664
153.74168445825228 266.08471814802846
154.00838874468496 265.88468993320396
154.20841695950946 265.8180138615958
154.40844517433396 265.75133778998764
154.80850160398296 265.55130957516315
155.07520589041562 265.4179574319468
155.40858624845646 265.35128136033865
155.80864267810543 265.2179292171223
156.00867089292996 265.2179292171223
156.34205125097077 265.08457707390596
156.54207946579527 265.0179010022978
156.87545982383608 264.88454885908146
157.07548803866058 264.8178727874733
157.34219232509327 264.68452064425696
157.74224875474226 264.48449242943246
157.94227696956676 264.35114028621615
158.20898125599942 264.2177881429998
158.40900947082392 264.08443599978347
158.7646151860675 263.68437957013447
159.12022090131103 263.28432314048547
159.47582661655457 262.88426671083647
159.74253090298726 262.4175342095793
159.8092069745954 262.0841538515385
159.8092069745954 261.884125636714
159.8092069745954 261.6174213502813
159.8092069745954 261.35071706384866
159.67585483137907 261.084012777416
159.6091787597709 260.8839845625915
159.6091787597709 260.6172802761588
159.54250268816276 260.35057598972617
159.4091505449464 260.0838717032935
159.14244625851376 259.8171674168608
159.00909411529742 259.61713920203636
158.80906590047292 259.41711098721186
158.47568554243207 259.2837588439955
158.20898125599942 259.1504067007792
157.94227696956676 259.01705455756286
157.67557268313408 258.9503784859547
157.47554446830958 258.9503784859547
157.20884018187695 258.9503784859547
157.00881196705242 258.9503784859547
156.6754316090116 258.9503784859547
156.34205125097077 259.01705455756286
156.14202303614627 259.083730629171
155.80864267810543 259.21708277238736
155.54193839167277 259.35043491560367
155.34191017684827 259.35043491560367
155.07520589041562 259.41711098721186
154.80850160398296 259.48378705882
154.60847338915846 259.61713920203636
154.34176910272578 259.6838152736445
154.07506481629312 259.8171674168608
153.87503660146862 259.883843488469
153.67500838664412 260.01719563168535
153.47498017181962 260.15054777490167
153.07492374217063 260.35057598972617
152.80821945573797 260.6172802761588
152.60819124091347 260.6172802761588
152.34148695448079 260.8839845625915
152.1414587396563 261.0173367058078
151.87475445322363 261.21736492063235
151.5413740951828 261.484069207065
151.3413458803583 261.6174213502813
151.1413176655338 261.8174495651058
150.87461337910113 261.884125636714
150.7412612358848 262.0841538515385
150.5412330210603 262.2175059947548
150.27452873462764 262.4842102811875
149.80779623337048 262.75091456762016
149.5410919469378 262.95094278244466
149.20771158889698 263.08429492566097
148.87433123085614 263.28432314048547
148.67430301603164 263.35099921209365
148.407598729599 263.55102742691815
148.14089444316633 263.75105564174265
147.94086622834183 263.8177317133508
147.74083801351733 263.88440778495897
147.54080979869283 264.0177599281753
147.34078158386833 264.15111207139165
147.0074012258275 264.28446421460797
146.47399265296218 264.48449242943246
146.2072883665295 264.68452064425696
145.94058408009684 264.75119671586515
145.74055586527234 264.8178727874733
145.4071755072315 264.8178727874733
145.207147292407 264.8178727874733
144.74041479114985 264.6178445726488
144.54038657632535 264.55116850104065
144.34035836150085 264.48449242943246
144.14033014667635 264.15111207139165
144.0736540750682 263.95108385656715
144.0736540750682 263.75105564174265
144.407034433109 263.2176470688773
144.6070626479335 263.0176188540528
144.94044300597434 262.8175906392283
145.2738233640152 262.55088635279566
145.8072319368805 262.284182066363
146.007260151705 262.15082992314666
146.34064050974584 261.95080170832216
146.54066872457034 261.884125636714
146.87404908261115 261.6840974218895
147.0074012258275 261.484069207065
147.0074012258275 261.2840409922405
147.07407729743568 261.084012777416
147.07407729743568 260.8839845625915
147.07407729743568 260.683956347767
146.94072515421934 260.4839281329425
146.74069693939484 260.2172238465098
146.34064050974584 260.01719563168535
146.007260151705 259.75049134525267
145.74055586527234 259.75049134525267
145.54052765044784 259.6838152736445
145.2738233640152 259.61713920203636
145.0737951491907 259.61713920203636
144.8737669343662 259.55046313042817
144.50704854052125 259.55046313042817
144.14033014667635 259.55046313042817
143.94030193185185 259.55046313042817
143.606921573811 259.55046313042817
143.2735412157702 259.55046313042817
143.0735130009457 259.61713920203636
142.74013264290485 259.75049134525267
142.54010442808035 259.883843488469
142.34007621325586 260.0838717032935
142.14004799843136 260.2172238465098
141.8733437119987 260.55060420455067
141.6733154971742 260.41725206133435
141.6733154971742 260.15054777490167
141.6733154971742 259.75049134525267
141.6733154971742 259.55046313042817
141.6733154971742 259.2837588439955
141.6733154971742 258.8837024143465
141.6733154971742 258.61699812791386
141.6733154971742 258.283617769873
141.6733154971742 258.01691348344036
141.40661121074152 257.5501809821832
141.33993513913336 257.3501527673587
141.20658299591705 257.1501245525342
141.00655478109252 257.01677240931787
140.4731462082272 256.81674419449337
140.2731179934027 256.81674419449337
140.0730897785782 256.81674419449337
139.8730615637537 256.81674419449337
139.4730051341047 257.01677240931787
139.20630084767205 257.21680062414237
139.0729487044557 257.41682883896686
138.80624441802306 257.6835331253995
138.60621620319856 257.9502374118322
138.40618798837406 258.21694169826486
138.3395119167659 258.41696991308936
138.27283584515772 258.7503502711302
138.20615977354956 258.9503784859547
138.1394837019414 259.48378705882
138.1394837019414 259.6838152736445
138.1394837019414 259.883843488469
138.1394837019414 260.0838717032935
138.07280763033322 260.35057598972617
138.07280763033322 260.55060420455067
138.00613155872506 260.75063241937517
137.87277941550872 261.0173367058078
137.47272298585972 261.484069207065
137.20601869942706 261.55074527867316
137.00599048460256 261.75077349349766
136.80596226977806 261.884125636714
136.60593405495356 261.884125636714
136.40590584012907 261.884125636714
136.1392015536964 261.75077349349766
135.9391733388719 261.6840974218895
135.7391451240474 261.55074527867316
135.40576476600657 261.35071706384866
135.20573655118207 261.21736492063235
134.90569422894532 261.0506747416119
134.60565190670857 260.8839845625915
134.40562369188407 260.683956347767
134.13891940545142 260.55060420455067
133.93889119062692 260.35057598972617
133.73886297580242 260.283899918118
133.53883476097792 260.0838717032935
133.33880654615342 259.883843488469
133.13877833132892 259.75049134525267
132.87207404489627 259.61713920203636
132.67204583007177 259.55046313042817
132.40534154363908 259.41711098721186
131.8052568991656 259.21708277238736
131.60522868434109 259.1504067007792
131.07182011147577 258.8837024143465
130.87179189665127 258.7503502711302
130.80511582504312 258.5503220563057
130.93846796825943 258.21694169826486
131.13849618308393 257.883561340224
131.27184832630027 257.5501809821832
131.47187654112477 257.41682883896686
131.60522868434109 257.1501245525342
131.87193297077377 256.81674419449337
132.13863725720643 256.4833638364525
132.40534154363908 256.0833074068035
132.53869368685542 255.81660312037084
132.67204583007177 255.48322276233003
132.80539797328808 255.21651847589737
132.87207404489627 255.01649026107287
132.87207404489627 254.81646204624838
132.87207404489627 254.61643383142388
132.87207404489627 254.41640561659938
132.87207404489627 254.1497013301667
132.67204583007177 253.81632097212588
132.47201761524727 253.5496166856932
132.33866547203093 253.3495884708687
132.03862314979418 253.11622222024013
131.73858082755743 252.88285596961154
131.53855261273293 252.7495038263952
131.33852439790843 252.68282775478704
131.13849618308393 252.5494756115707
130.87179189665127 252.48279953996254
130.33838332378593 252.41612346835439
130.13835510896143 252.41612346835439
129.73829867931244 252.41612346835439
129.53827046448794 252.3494473967462
129.20489010644712 252.3494473967462
128.60480546197363 252.48279953996254
128.27142510393278 252.68282775478704
128.07139688910829 252.81617989800338
127.87136867428379 252.88285596961154
127.40463617302663 253.3495884708687
127.13793188659396 253.68296882890954
126.93790367176946 254.01634918695038
126.80455152855313 254.21637740177488
126.47117117051229 254.61643383142388
126.2711429556878 254.81646204624838
125.93776259764697 255.3498706191137
125.80441045443064 255.5498988339382
125.6710583112143 255.7499270487627
125.53770616799797 255.94995526358719
125.33767795317347 256.21665955001987
125.13764973834897 256.41668776484437
124.93762152352448 256.61671597966887
124.63757920128774 256.9500963377097
124.33753687905099 257.2834766957505
124.07083259261832 257.5501809821832
123.80412830618565 257.81688526861586
123.60410009136115 257.883561340224
123.40407187653665 257.9502374118322
123.13736759010399 257.9502374118322
122.93733937527949 258.01691348344036
122.67063508884682 258.1502656266567
122.1372265159815 258.21694169826486
121.937198301157 258.283617769873
121.7371700863325 258.3502938414812
121.537141871508 258.41696991308936
121.20376151346717 258.5503220563057
120.63701490479775 258.7170122353261
120.07026829612835 258.8837024143465
119.87024008130385 258.9503784859547
119.67021186647935 259.01705455756286
119.47018365165485 259.083730629171
119.27015543683035 259.1504067007792
119.00345115039768 259.21708277238736
118.60339472074868 259.48378705882
118.40336650592418 259.61713920203636
118.13666221949151 259.883843488469
117.93663400466703 260.0838717032935
117.80328186145069 260.35057598972617
117.60325364662619 260.6172802761588
117.46990150340986 260.8839845625915
117.26987328858536 261.15068884902416
117.10318310956494 261.484069207065
116.93649293054453 261.8174495651058
116.80314078732819 262.15082992314666
116.80314078732819 262.55088635279566
116.93649293054453 262.95094278244466
117.06984507376086 263.2176470688773
117.43656346760578 263.6177034985263
117.80328186145069 264.0177599281753
118.06998614788336 264.4178163578243
118.27001436270785 264.68452064425696
118.53671864914051 264.95122493068965
118.82009195347523 265.48463350355496
119.10346525780993 266.0180420764203
119.38683856214463 266.55145064928564
119.67021186647935 267.08485922215095
119.80356400969568 267.35156350858364
120.00359222452018 267.95164815305714
120.07026829612835 268.1516763678816
120.27029651095285 268.41838065431426
120.47032472577735 268.7517610123551
121.00373329864267 269.01846529878776
121.20376151346717 269.15181744200413
121.40378972829167 269.28516958522044
121.7371700863325 269.48519780004494
121.937198301157 269.5518738716531
122.27057865919782 269.68522601486944
122.67063508884682 269.81857815808576
122.93733937527949 269.81857815808576
123.27071973332032 269.81857815808576
123.53742401975299 269.81857815808576
123.73745223457749 269.81857815808576
124.00415652101015 269.81857815808576
124.20418473583464 269.81857815808576
124.40421295065914 269.81857815808576
124.73759330869997 269.81857815808576
125.13764973834897 270.01860637291026
125.33767795317347 270.08528244451844
125.53770616799797 270.21863458773475
125.73773438282247 270.28531065934294
126.00443866925514 270.41866280255925
126.2711429556878 270.48533887416744
126.47117117051229 270.55201494577557
126.67119938533679 270.55201494577557
126.87122760016129 270.61869101738375
127.33796010141846 270.68536708899194
127.80469260267563 270.68536708899194
128.00472081750013 270.68536708899194
128.20474903232463 270.68536708899194
128.40477724714913 270.68536708899194
128.60480546197363 270.68536708899194
128.80483367679813 270.68536708899194
129.13821403483894 270.55201494577557
129.47159439287978 270.41866280255925
129.73829867931244 270.21863458773475
130.07167903735328 269.88525422969394
130.33838332378593 269.41852172843676
130.47173546700228 269.21849351361226
130.47173546700228 269.01846529878776
130.60508761021862 268.7517610123551
130.67176368182677 268.5517327975306
130.93846796825943 268.21835243948976
131.13849618308393 267.95164815305714
131.33852439790843 267.68494386662445
131.47187654112477 267.48491565179995
131.67190475594927 267.35156350858364
131.8052568991656 267.15153529375914
131.93860904238193 266.95150707893464
132.20531332881458 266.81815493571827
132.47201761524727 266.55145064928564
132.73872190167992 266.35142243446114
132.93875011650442 266.21807029124477
133.13877833132892 265.95136600481214
133.40548261776158 265.75133778998764
133.67218690419426 265.55130957516315
133.93889119062692 265.4179574319468
134.20559547705957 265.2179292171223
134.40562369188407 265.15125314551415
134.73900404992492 265.2179292171223
134.93903226474941 265.4179574319468
135.1390604795739 265.48463350355496
135.3390886943984 265.75133778998764
135.5391169092229 266.0180420764203
135.67246905243923 266.28474636285296
135.80582119565557 266.48477457767746
135.9391733388719 266.75147886411014
136.27255369691272 267.28488743697545
136.40590584012907 267.48491565179995
136.60593405495356 267.75161993823264
136.80596226977806 267.81829600984076
137.1393426278189 268.08500029627345
137.3393708426434 268.21835243948976
137.5393990574679 268.28502851109795
137.87277941550872 268.41838065431426
138.07280763033322 268.48505672592245
138.43952602417812 268.48505672592245
138.80624441802306 268.48505672592245
139.00627263284755 268.28502851109795
139.1396247760639 268.01832422466526
139.2729769192802 267.61826779501627
139.4730051341047 267.28488743697545
139.6730333489292 266.95150707893464
139.80638549214555 266.75147886411014
139.9397376353619 266.55145064928564
140.1397658501864 266.28474636285296
140.20644192179455 266.08471814802846
140.40647013661905 265.88468993320396
140.60649835144355 265.88468993320396
140.8732026378762 265.95136600481214
141.0732308527007 266.15139421963664
141.20658299591705 266.35142243446114
141.2732590675252 266.55145064928564
141.33993513913336 266.88483100732645
141.33993513913336 267.08485922215095
141.20658299591705 267.35156350858364
140.93987870948436 267.95164815305714
140.80652656626805 268.1516763678816
140.60649835144355 268.48505672592245
140.4731462082272 268.7517610123551
140.40647013661905 268.9517892271796
140.40647013661905 269.41852172843676
140.40647013661905 269.68522601486944
140.60649835144355 269.9519303013021
140.7398504946599 270.15195851612657
140.80652656626805 270.35198673095107
140.93987870948436 270.75204316060007
141.13990692430886 271.01874744703275
141.2732590675252 271.21877566185725
141.40661121074152 271.61883209150625
141.4732872823497 271.81886030633075
141.53996335395786 272.28559280758793
141.60663942556602 272.48562102241243
141.60663942556602 272.68564923723693
141.53996335395786 272.88567745206143
141.33993513913336 273.01902959527774
141.00655478109252 273.21905781010224
140.7398504946599 273.35240995331856
140.53982227983536 273.41908602492674
140.2731179934027 273.55243816814306
139.9397376353619 273.6857903113594
139.73970942053737 273.95249459779205
139.5396812057129 274.21919888422474
139.3396529908884 274.61925531387374
139.3396529908884 274.88595960030636
139.3396529908884 275.0859878151309
139.3396529908884 275.2860160299554
139.3396529908884 275.81942460282073
139.4730051341047 276.01945281764523
139.60635727732105 276.2861571040779
139.6730333489292 276.48618531890236
139.80638549214555 276.6862135337269
140.00641370697005 276.75288960533504
140.2731179934027 276.88624174855136
140.4731462082272 276.95291782015954
140.6731744230517 277.0195938917677
140.8732026378762 277.0195938917677
141.0732308527007 277.0195938917677
141.2732590675252 277.0195938917677
141.4732872823497 277.0195938917677
141.6733154971742 277.0195938917677
141.8733437119987 276.95291782015954
142.14004799843136 276.8195656769432
142.406752284864 276.8195656769432
slice_number: 15
nb_points_on_contour: 177
144.32282124307505 271.18857538425266
143.69027648793218 270.7668788808241
143.0577317327893 270.34518237739553
142.21433872593212 269.71263762225266
141.58179397078925 269.0800928671098
140.94924921564638 268.4475481119669
140.7384009639321 267.81500335682404
140.5275527122178 267.18245860168116
140.5275527122178 266.5499138465383
140.5275527122178 265.9173690913954
140.7384009639321 265.28482433625254
140.7384009639321 264.65227958110967
140.7384009639321 264.0197348259668
140.7384009639321 263.3871900708239
140.7384009639321 262.75464531568105
140.7384009639321 262.1221005605382
140.10585620878922 261.278707553681
139.47331145364635 260.6461627985381
138.4190701950749 259.80276979168093
137.786525439932 259.1702250365381
137.36482893650344 258.5376802813952
136.73228418136057 258.1159837779666
136.52143592964626 257.48343902282375
136.52143592964626 256.85089426768087
136.52143592964626 256.0075012608237
136.73228418136057 255.37495650568084
137.15398068478913 254.74241175053797
137.99737369164632 254.10986699539512
138.6299184467892 253.47732224025222
139.47331145364635 252.63392923339507
140.10585620878922 252.21223272996647
140.94924921564638 251.57968797482363
141.58179397078925 250.94714321968073
142.63603522936071 250.10375021282357
143.2685799845036 249.4712054576807
144.32282124307505 248.83866070253782
144.9553659982179 248.41696419910923
145.5879107533608 247.78441944396639
146.22045550850368 247.1518746888235
146.85300026364652 246.51932993368064
147.27469676707514 245.88678517853774
147.27469676707514 245.2542404233949
147.48554501878942 244.621695668252
147.48554501878942 243.98915091310914
147.48554501878942 243.35660615796624
147.48554501878942 242.7240614028234
147.48554501878942 242.09151664768052
147.48554501878942 241.24812364082334
147.6963932705037 240.61557888568046
147.907241522218 239.7721858788233
147.907241522218 239.13964112368043
147.907241522218 238.50709636853756
147.907241522218 237.8745516133947
148.1180897739323 236.82031035482322
148.32893802564658 236.18776559968035
148.75063452907514 235.55522084453747
148.96148278078942 234.9226760893946
149.59402753593233 234.29013133425173
150.01572403936092 233.65758657910885
150.64826879450376 232.8141935722517
151.06996529793238 232.18164881710882
151.28081354964667 231.54910406196595
151.70251005307523 230.91655930682307
151.9133583047895 230.2840145516802
152.3350548082181 229.44062154482305
152.7567513116467 228.80807678968017
153.1784478150753 228.1755320345373
153.60014431850385 227.54298727939442
154.02184082193244 226.91044252425155
154.65438557707532 226.27789776910868
155.49777858393247 225.85620126568008
156.13032333907537 225.2236565105372
156.76286809421822 224.80196000710862
157.60626110107538 224.16941525196575
158.23880585621828 223.95856700025146
159.29304711478972 223.53687049682287
159.92559186993262 223.53687049682287
160.55813662507546 224.38026350368006
160.97983312850405 225.2236565105372
161.40152963193265 226.06704951739437
161.40152963193265 227.3321390276801
161.40152963193265 228.1755320345373
161.40152963193265 228.80807678968017
161.19068138021834 229.44062154482305
160.76898487678974 230.2840145516802
160.76898487678974 231.12740755853736
160.55813662507546 231.75995231368023
160.55813662507546 232.3924970688231
160.55813662507546 233.02504182396598
160.55813662507546 233.65758657910885
160.55813662507546 234.29013133425173
160.55813662507546 234.9226760893946
160.76898487678974 235.76606909625178
160.97983312850405 236.39861385139466
161.61237788364693 236.60946210310894
162.45577089050408 235.97691734796607
163.29916389736127 235.76606909625178
163.93170865250414 235.3443725928232
164.564253407647 234.71182783768032
165.1967981627899 234.71182783768032
165.61849466621845 234.07928308253744
166.25103942136133 233.86843483082316
166.6727359247899 234.50097958596604
167.0944324282185 235.3443725928232
167.51612893164707 235.97691734796607
168.14867368678995 237.4528551099661
168.35952193850423 238.08539986510897
168.57037019021854 238.71794462025184
168.99206669364713 239.35048937539472
169.4137631970757 240.1938823822519
169.8354597005043 240.82642713739477
170.46800445564716 241.45897189253765
170.88970095907575 242.09151664768052
171.31139746250432 242.7240614028234
171.5222457142186 243.35660615796624
171.5222457142186 243.98915091310914
171.5222457142186 244.621695668252
171.5222457142186 245.2542404233949
171.5222457142186 246.73017818539492
171.31139746250432 247.78441944396639
171.10054921079004 248.6278124508235
170.88970095907575 249.4712054576807
170.88970095907575 250.94714321968073
170.67885270736144 251.79053622653788
170.67885270736144 252.84477748510938
170.67885270736144 253.47732224025222
170.67885270736144 254.32071524710938
170.67885270736144 255.37495650568084
170.67885270736144 256.218349512538
170.67885270736144 256.85089426768087
170.67885270736144 258.1159837779666
170.67885270736144 258.7485285331095
170.67885270736144 259.5919215399667
170.67885270736144 260.22446629510955
170.46800445564716 261.4895558053953
170.04630795221857 262.1221005605382
169.2029149453614 263.5980383225382
169.2029149453614 264.23058307768105
168.78121844193285 264.8631278328239
168.35952193850423 265.49567258796685
167.93782543507567 266.12821734310967
167.3052806799328 266.5499138465383
166.4618876730756 266.97161034996685
165.82934291793276 267.3933068533954
165.1967981627899 267.6041551051097
164.564253407647 268.02585160853835
163.93170865250414 268.2366998602526
163.29916389736127 268.4475481119669
162.66661914221837 268.65839636368116
162.03407438707552 269.29094111882404
161.40152963193265 269.50178937053835
160.55813662507546 269.9234858739669
159.92559186993262 270.55603062910984
159.08219886307543 271.39942363596697
158.23880585621828 272.03196839110984
157.60626110107538 272.6645131462527
156.97371634593253 273.2970579013956
156.34117159078966 273.92960265653846
155.70862683564675 273.92960265653846
155.0760820805039 273.92960265653846
154.44353732536104 273.92960265653846
153.60014431850385 273.92960265653846
152.967599563361 273.71875440482415
152.3350548082181 273.71875440482415
151.9133583047895 273.08620964968134
151.28081354964667 272.875361397967
150.64826879450376 272.4536648945384
150.01572403936092 272.24281664282415
149.38317928421804 272.03196839110984
148.53978627736086 271.82112013939553
147.907241522218 271.82112013939553
146.85300026364652 271.82112013939553
146.22045550850368 271.82112013939553
145.5879107533608 271.82112013939553
144.9553659982179 271.82112013939553
144.32282124307505 271.82112013939553
143.47942823621787 271.6102718876813
