Study: 1.2.840.113704.1.111.4828.1071340640.53
Series: 1.2.840.113704.1.111.7156.1071340779.6
SpacingX: 0.673828125
SpacingY: 0.673828125
SpacingZ: 10.0

label: ground_glass
localisation: diffuse
slice_number: 4
nb_points_on_contour: 80
131.17495763773522 216.05186011605093
130.85947896549513 215.1054240993306
129.91304294877483 214.47446675485043
128.96660693205456 213.84350941037025
128.0201709153343 212.89707339364995
127.07373489861399 212.58159472140986
126.1272988818937 211.63515870468956
125.1808628651734 211.63515870468956
124.23442684845307 211.00420136020938
123.28799083173277 210.68872268796926
122.02607614277241 210.05776534348908
120.76416145381205 210.05776534348908
118.87128942037148 209.42680799900887
116.97841738693089 208.7958506545287
115.40102402573041 208.7958506545287
114.45458800901014 208.7958506545287
113.50815199228984 208.7958506545287
112.56171597556954 208.7958506545287
111.61527995884924 208.7958506545287
110.66884394212892 208.7958506545287
109.72240792540867 208.7958506545287
108.7759719086884 208.7958506545287
107.82953589196808 208.7958506545287
106.88309987524778 208.7958506545287
105.93666385852751 209.1113293267688
104.99022784180721 209.1113293267688
104.04379182508694 209.1113293267688
103.09735580836664 209.742286671249
102.15091979164634 210.3732440157292
101.20448377492608 211.00420136020938
100.25804775820578 211.95063737692965
99.31161174148548 212.89707339364995
98.36517572476521 214.15898808261034
97.73421838028497 215.42090277157072
97.41873970804488 216.6828174605311
97.10326103580479 217.62925347725138
97.10326103580479 218.89116816621177
96.7877823635647 220.15308285517216
96.7877823635647 221.41499754413255
96.47230369132461 222.67691223309293
96.47230369132461 224.25430559429344
96.47230369132461 225.2007416110137
96.47230369132461 226.147177627734
96.47230369132461 227.09361364445428
96.47230369132461 228.04004966117458
96.47230369132461 228.98648567789488
96.47230369132461 229.93292169461517
96.47230369132461 230.87935771133547
96.47230369132461 231.82579372805574
96.47230369132461 232.772229744776
96.47230369132461 233.7186657614963
95.77873501693958 234.9963211906459
96.78125089329251 235.99883706699882
97.78376676964541 236.3330090257831
98.78628264599834 236.3330090257831
99.78879852235127 236.3330090257831
101.12548635748851 236.3330090257831
102.12800223384141 236.3330090257831
103.13051811019434 236.3330090257831
104.46720594533156 236.3330090257831
105.8038937804688 235.3304931494302
106.80640965682173 234.9963211906459
107.80892553317463 234.32797727307727
108.81144140952756 233.65963335550865
110.14812924466477 232.99128943794005
110.8164731622334 231.98877356158712
111.81898903858632 230.9862576852342
112.82150491493925 229.9837418088813
113.82402079129218 228.64705397374405
114.15819275007647 227.64453809739112
114.15819275007647 226.6420222210382
114.15819275007647 225.63950634468526
115.40102402573041 224.88526293877362
116.97841738693089 223.93882692205332
118.87128942037148 222.99239090533305
119.81772543709175 222.67691223309293
120.76416145381205 222.04595488861273
121.71059747053232 221.73047621637267
122.97251215949268 221.09951887189246
123.91894817621298 220.46856152741228
slice_number: 7
nb_points_on_contour: 143
276.9261042126599 173.14676069139776
275.97966819593955 172.20032467467746
274.7177535069792 171.2538886579572
273.1403601457787 169.99197396899677
272.1939241290584 169.67649529675668
270.932009440098 168.73005928003641
269.98557342337773 168.0991019355562
268.7236587344173 167.78362326331612
267.77722271769704 167.1526659188359
266.8307867009767 166.52170857435573
264.6224359952961 165.57527255763543
263.6759999785758 165.25979388539534
262.4140852896154 164.62883654091513
260.83669192841495 163.99787919643495
259.57477723945453 163.36692185195477
257.997383878254 163.05144317971468
257.05094786153376 162.73596450747456
256.10451184481343 162.42048583523447
254.84259715585307 161.78952849075426
253.8961611391328 161.78952849075426
252.3187677779323 160.843092474034
250.74137441673184 160.21213512955381
249.79493840001157 159.8966564573137
248.84850238329125 159.5811777850736
247.90206636657098 159.5811777850736
246.95563034985065 159.2656991128335
245.6937156608903 158.9502204405934
244.74727964417002 158.9502204405934
243.4853649552096 158.9502204405934
242.2234502662492 158.6347417683533
241.27701424952892 158.6347417683533
240.33057823280865 158.6347417683533
239.38414221608832 158.6347417683533
238.12222752712796 158.31926309611322
237.1757915104077 158.31926309611322
235.91387682144733 158.31926309611322
234.33648346024682 158.31926309611322
233.39004744352656 158.31926309611322
232.44361142680623 158.31926309611322
231.18169673784587 158.31926309611322
229.91978204888545 158.31926309611322
228.97334603216518 158.31926309611322
228.02691001544486 158.31926309611322
227.08047399872459 158.31926309611322
226.13403798200426 158.6347417683533
225.187601965284 158.9502204405934
223.92568727632357 159.2656991128335
222.97925125960336 159.5811777850736
221.71733657064294 160.21213512955381
220.45542188168258 161.15857114627408
219.19350719272217 161.78952849075426
217.9315925037618 162.73596450747456
216.6696778148014 163.68240052419486
216.0387204703212 164.62883654091513
215.09228445360088 165.57527255763543
214.4613271091207 166.83718724659582
213.51489109240043 168.0991019355562
212.88393374792025 169.3610166245166
212.25297640344002 170.62293131347698
211.62201905895984 171.56936733019728
211.30654038671975 173.14676069139776
210.99106171447966 174.09319670811803
210.67558304223957 175.35511139707845
210.36010436999942 176.30154741379872
210.04462569775933 177.247983430519
209.72914702551924 178.5098981194794
209.4136683532792 179.45633413619967
209.09818968103912 180.40277015291997
208.78271100879903 181.98016351412045
208.46723233655894 183.24207820308084
208.1517536643188 184.81947156428134
207.8362749920787 185.7659075810016
207.8362749920787 187.027822269962
207.8362749920787 188.2897369589224
207.8362749920787 189.55165164788275
207.8362749920787 190.49808766460308
207.8362749920787 191.44452368132335
207.8362749920787 192.39095969804364
207.8362749920787 193.33739571476391
207.8362749920787 194.2838317314842
207.8362749920787 195.2302677482045
207.8362749920787 196.4921824371649
208.1517536643188 197.4386184538852
209.09818968103912 198.38505447060547
209.72914702551924 199.33149048732577
210.67558304223957 200.27792650404604
211.93749773119993 201.22436252076633
212.88393374792025 202.17079853748663
213.83036976464052 202.8017558819668
214.7768057813608 203.7481918986871
215.72324179808112 205.0101065876475
216.6696778148014 205.3255852598876
217.61611383152172 206.2720212766079
218.56254984824199 206.9029786210881
219.50898586496226 207.21845729332816
220.77090055392267 207.8494146378084
222.34829391512318 208.48037198228857
223.92568727632357 209.11132932676878
225.187601965284 209.74228667124896
226.13403798200426 210.05776534348905
227.08047399872459 210.05776534348905
228.02691001544486 210.05776534348905
228.97334603216518 210.37324401572917
230.23526072112554 210.37324401572917
231.49717541008596 211.00420136020935
232.44361142680623 211.00420136020935
233.39004744352656 211.00420136020935
234.65196213248691 211.00420136020935
236.22935549368742 211.31968003244944
237.1757915104077 211.63515870468953
238.43770619936805 211.95063737692962
239.38414221608832 211.95063737692962
240.64605690504874 212.26611604916974
242.2234502662492 212.26611604916974
243.4853649552096 212.26611604916974
244.43180097192987 212.26611604916974
245.6937156608903 212.26611604916974
246.64015167761056 212.26611604916974
248.21754503881107 212.26611604916974
249.16398105553134 212.26611604916974
250.11041707225166 212.26611604916974
251.68781043345217 212.26611604916974
252.63424645017238 212.26611604916974
253.58068246689265 212.26611604916974
254.52711848361298 212.26611604916974
256.10451184481343 212.26611604916974
257.05094786153376 212.26611604916974
258.3128625504941 212.26611604916974
259.25929856721444 211.95063737692962
260.83669192841495 211.63515870468953
261.7831279451352 211.31968003244944
262.7295639618555 211.00420136020935
263.9914786508159 210.68872268796923
264.9379146675362 210.05776534348905
265.88435068425645 209.11132932676878
267.1462653732168 208.48037198228857
268.09270138993713 207.53393596556828
269.6700947511376 206.58749994884798
270.6165307678579 205.95654260436777
271.87844545681827 205.0101065876475
272.8248814735386 204.69462791540738
273.4558388180188 203.7481918986871
274.08679616249896 202.8017558819668
slice_number: 9
nb_points_on_contour: 179
267.77722271769704 153.58708301251175
266.51530802873657 153.27160434027167
265.56887201201647 152.95612566803158
264.62243599529603 152.3251683235514
263.04504263409564 151.6942109790712
261.46764927289513 151.063253634591
260.20573458393466 150.74777496235092
257.99738387825397 150.1168176178707
256.10451184481343 149.80133894563062
254.2116398113729 148.8549029289103
252.94972512241247 148.53942425667023
250.74137441673184 147.90846691219005
249.47945972777148 147.59298823994996
247.90206636657098 146.96203089546975
246.64015167761056 146.64655222322966
245.3782369886502 146.33107355098952
244.43180097192987 146.33107355098952
242.85440761072948 145.70011620650934
241.90797159400904 145.70011620650934
240.64605690504868 145.06915886202918
239.69962088832835 145.06915886202918
238.12222752712796 144.438201517549
236.54483416592745 144.12272284530889
235.59839814920713 144.12272284530889
234.33648346024677 143.8072441730688
233.0745687712864 143.8072441730688
231.81265408232605 143.8072441730688
230.86621806560572 143.8072441730688
229.60430337664536 143.8072441730688
228.65786735992504 143.8072441730688
227.7114313432047 143.8072441730688
226.7649953264845 144.438201517549
225.81855930976417 144.7536801897891
224.24116594856366 145.38463753426925
223.29472993184345 146.33107355098952
222.34829391512312 146.33107355098952
221.08637922616276 147.27750956770987
220.1399432094425 147.90846691219005
219.5089858649623 148.8549029289103
218.56254984824199 150.1168176178707
217.61611383152172 151.3787323068311
217.30063515928163 152.3251683235514
216.66967781480145 153.27160434027167
216.3541991425613 154.53351902923205
216.03872047032127 155.79543371819247
215.72324179808112 156.7418697349127
215.4077631258411 157.68830575163304
215.4077631258411 158.63474176835334
215.4077631258411 159.58117778507363
215.4077631258411 160.5276138017939
215.4077631258411 161.4740498185142
215.4077631258411 162.7359645074746
215.4077631258411 163.68240052419486
215.4077631258411 164.6288365409152
215.4077631258411 165.57527255763546
215.4077631258411 166.52170857435573
215.4077631258411 167.468144591076
215.4077631258411 168.41458060779632
215.4077631258411 169.36101662451662
215.4077631258411 170.30745264123686
215.4077631258411 171.2538886579572
215.4077631258411 172.2003246746775
215.4077631258411 173.46223936363788
215.4077631258411 174.72415405259824
215.4077631258411 175.98606874155865
215.4077631258411 176.93250475827892
215.4077631258411 178.19441944723928
215.4077631258411 179.1408554639596
215.4077631258411 180.71824882516006
215.4077631258411 181.6646848418804
215.4077631258411 182.61112085860066
215.4077631258411 183.87303554756105
215.4077631258411 184.81947156428137
215.4077631258411 185.76590758100164
215.4077631258411 187.02782226996203
215.4077631258411 188.28973695892242
215.72324179808112 189.23617297564272
215.72324179808112 190.4980876646031
216.3541991425613 191.44452368132337
216.66967781480145 192.39095969804364
216.98515648704148 193.33739571476394
217.30063515928163 194.28383173148424
217.61611383152172 195.23026774820454
217.61611383152172 196.17670376492484
217.9315925037618 197.1231397816451
218.87802852048208 198.0695757983654
220.1399432094425 199.33149048732577
221.08637922616276 199.33149048732577
222.0328152428831 199.64696915956588
222.9792512596033 199.64696915956588
224.24116594856366 199.64696915956588
225.187601965284 199.64696915956588
226.13403798200426 199.64696915956588
227.08047399872453 199.64696915956588
228.3423886876849 199.64696915956588
229.28882470440522 199.64696915956588
230.55073939336557 199.64696915956588
231.4971754100859 199.64696915956588
232.44361142680623 199.64696915956588
234.33648346024677 199.64696915956588
235.2829194769671 199.64696915956588
236.22935549368742 199.33149048732577
237.49127018264767 199.01601181508568
238.75318487160814 198.70053314284561
240.64605690504868 198.3850544706055
241.592492921769 198.0695757983654
242.53892893848933 197.7540971261253
243.8008436274497 197.43861845388523
245.3782369886502 197.1231397816451
246.64015167761056 196.80766110940502
247.90206636657098 196.80766110940502
249.47945972777148 196.80766110940502
251.37233176121197 196.49218243716493
252.94972512241247 196.49218243716493
255.1580758280931 196.49218243716493
256.10451184481343 196.17670376492484
258.62834122273426 195.54574642044463
259.5747772394545 195.23026774820454
260.5212132561748 194.91478907596445
261.46764927289513 194.59931040372433
262.7295639618555 194.28383173148424
263.6759999785758 193.65287438700406
264.62243599529603 192.70643837028376
265.56887201201647 192.39095969804364
266.51530802873657 192.07548102580353
267.4617440454569 191.12904500908328
268.4081800621772 190.4980876646031
269.35461607889744 190.182608992363
270.6165307678579 189.55165164788278
271.87844545681827 189.55165164788278
272.8248814735386 188.92069430340257
273.7713174902589 188.28973695892242
274.7177535069792 187.97425828668233
275.66418952369946 187.6587796144422
277.2415828848999 187.02782226996203
278.5034975738603 186.08138625324173
279.7654122628207 185.45042890876152
280.71184827954096 185.1349502365214
281.6582842962613 184.18851421980116
282.28924164074147 183.24207820308087
282.92019898522165 182.29564218636062
283.866635001942 181.6646848418804
285.12854969090233 181.0337274974002
285.7595070353825 180.0872914806799
285.7595070353825 179.1408554639596
285.7595070353825 178.19441944723928
285.7595070353825 176.93250475827892
285.7595070353825 175.98606874155865
286.07498570762266 174.40867538035815
286.3904643798627 173.46223936363788
286.3904643798627 172.51580334691758
286.3904643798627 171.2538886579572
286.3904643798627 169.9919739689968
286.3904643798627 169.04553795227653
286.3904643798627 168.09910193555623
286.07498570762266 167.1526659188359
285.7595070353825 166.20622990211567
285.44402836314237 165.25979388539537
285.12854969090233 164.31335786867504
285.12854969090233 163.36692185195477
284.49759234642215 162.4204858352345
284.182113674182 161.4740498185142
283.5511563297018 160.5276138017939
282.92019898522165 159.26569911283352
282.28924164074147 158.31926309611325
281.9737629685013 157.3728270793929
281.91251605979875 156.13173891754937
280.9100001834458 155.79756695876506
279.9074843070929 155.12922304119644
278.90496843074 154.79505108241213
277.9024525543871 154.79505108241213
276.8999366780341 154.79505108241213
275.8974208016812 154.79505108241213
274.8949049253283 154.79505108241213
273.89238904897536 154.79505108241213
272.88987317262246 154.79505108241213
271.88735729626956 154.79505108241213
270.8848414199166 154.79505108241213
269.54815358477936 154.79505108241213
slice_number: 11
nb_points_on_contour: 422
147.9095605872915 233.3254613967244
148.24373254607582 232.32294552037146
148.24373254607582 230.98625768523425
148.24373254607582 229.98374180888135
148.24373254607582 228.98122593252842
148.24373254607582 227.9787100561755
147.5753886285072 226.64202222103825
147.2412166697229 225.63950634468532
146.23870079337 224.3028185095481
145.90452883458568 222.96613067441086
145.23618491701706 221.96361479805796
144.90201295823275 220.96109892170503
144.23366904066415 219.9585830453521
143.2311531643112 219.2902391277835
142.56280924674257 218.28772325143058
141.56029337038967 217.28520737507765
140.55777749403674 216.61686345750906
139.55526161768384 216.28269149872472
138.5527457413309 216.28269149872472
137.55022986497795 216.28269149872472
136.54771398862508 216.61686345750906
135.54519811227212 217.28520737507765
134.87685419470353 218.28772325143058
133.8743383183506 218.95606716899917
133.205994400782 219.9585830453521
132.53765048321338 220.96109892170503
131.86930656564476 221.96361479805796
131.2009626480761 222.96613067441086
130.5326187305075 223.9686465507638
129.8642748129389 224.97116242711672
128.861758936586 225.63950634468532
127.85924306023307 226.30785026225396
127.19089914266448 227.3103661386069
126.18838326631155 228.3128820149598
125.85421130752724 229.31539789131273
125.18586738995862 230.31791376766566
124.51752347239 231.3204296440186
123.51500759603707 232.32294552037146
122.84666367846845 233.3254613967244
122.17831976089985 234.32797727307732
121.17580388454692 234.99632119064594
120.17328800819402 235.66466510821456
119.5049440906254 236.66718098456752
118.50242821427244 237.3355249021361
117.83408429670382 238.33804077848902
116.83156842035095 239.00638469605764
115.82905254399802 239.34055665484198
114.82653666764509 239.34055665484198
113.82402079129218 239.34055665484198
112.82150491493925 239.34055665484198
111.81898903858632 238.00386881970468
111.48481707980201 239.00638469605758
110.8164731622334 240.00890057241048
110.14812924466477 241.0114164487634
109.47978532709618 242.01393232511631
108.81144140952756 243.01644820146925
107.80892553317463 243.6847921190379
106.80640965682173 244.3531360366065
105.8038937804688 244.3531360366065
104.80137790411587 244.3531360366065
103.79886202776294 244.3531360366065
102.79634615141003 244.3531360366065
102.46217419262572 243.35062016025356
102.46217419262572 242.34810428390065
103.13051811019434 241.34558840754772
104.13303398654725 240.67724448997913
105.13554986290018 240.3430725311948
105.8038937804688 239.3405566548419
105.8038937804688 238.33804077848896
105.46972182168449 237.33552490213603
104.46720594533156 236.66718098456744
103.46469006897865 235.6646651082145
102.46217419262572 235.6646651082145
100.79131439870415 234.99632119064594
99.78879852235127 234.32797727307732
99.12045460478265 233.3254613967244
99.12045460478265 232.32294552037146
99.12045460478265 231.3204296440186
99.12045460478265 230.31791376766566
99.12045460478265 229.31539789131273
99.12045460478265 228.3128820149598
99.78879852235127 227.3103661386069
100.45714243991989 226.30785026225396
100.79131439870415 225.30533438590103
101.4596583162728 224.3028185095481
101.7938302750571 223.3003026331952
102.46217419262572 222.29778675684227
102.79634615141003 221.29527088048934
103.46469006897865 220.2927550041364
104.13303398654725 219.2902391277835
105.13554986290015 218.6218952102149
106.13806573925311 218.28772325143058
107.14058161560598 217.95355129264627
108.14309749195897 217.61937933386196
109.14561336831187 217.61937933386196
110.14812924466477 217.28520737507765
111.1506451210177 216.95103541629334
112.1531609973706 216.61686345750906
113.15567687372356 215.94851953994043
114.15819275007647 214.94600366358753
115.1607086264294 213.9434877872346
115.1607086264294 212.94097191088167
115.1607086264294 211.93845603452874
115.1607086264294 210.93594015817578
115.1607086264294 209.9334242818229
114.15819275007647 209.26508036425426
113.82402079129218 208.2625644879013
113.82402079129218 207.26004861154846
113.82402079129218 206.25753273519553
114.15819275007647 205.2550168588426
114.4923647088608 204.2525009824897
114.4923647088608 203.24998510613676
114.82653666764509 202.24746922978383
114.82653666764509 201.2449533534309
114.82653666764509 200.242437477078
114.4923647088608 199.23992160072507
113.48984883250782 198.57157768315645
112.48733295615494 198.23740572437214
111.48481707980199 197.56906180680355
110.48230120344911 197.56906180680355
109.47978532709618 197.2348898480192
108.47726945074325 197.2348898480192
107.47475357439035 196.56654593045062
106.80640965682173 195.56403005409769
106.80640965682173 194.56151417774475
106.80640965682173 193.55899830139185
106.80640965682173 192.55648242503892
107.14058161560598 191.553966548686
107.47475357439035 190.55145067233306
108.14309749195897 189.54893479598016
108.47726945074325 188.54641891962723
108.81144140952756 187.5439030432743
108.81144140952756 186.5413871669213
108.81144140952756 185.53887129056847
108.81144140952756 184.53635541421554
108.47726945074325 183.53383953786263
107.80892553317463 182.53132366150965
107.14058161560598 181.52880778515674
106.13806573925311 180.86046386758815
105.13554986290015 179.85794799123516
104.13303398654725 178.85543211488226
103.13051811019434 178.1870881973137
102.12800223384139 177.18457232096074
101.12548635748851 176.51622840339218
100.12297048113555 175.8478844858235
99.12045460478265 175.17954056825494
98.11793872842972 174.51119665068626
97.11542285207682 173.8428527331177
96.11290697572389 173.50868077433336
95.11039109937096 173.17450881554902
94.10787522301806 172.50616489798048
93.1053593466651 171.83782098041183
92.1028434703122 171.16947706284324
91.10032759395926 170.83530510405888
90.09781171760636 170.5011331452746
89.09529584125343 169.83278922770603
88.09277996490047 169.16444531013735
87.0902640885476 168.4961013925688
86.42192017097898 167.4935855162159
85.41940429462606 166.82524159864727
84.75106037705744 165.82272572229434
84.41688841827312 164.82020984594135
84.08271645948882 163.81769396958845
83.41437254192017 162.81517809323557
82.41185666556729 162.4810061344512
81.40934078921435 161.47849025809836
80.40682491286144 161.14431829931397
79.40430903650852 160.4759743817454
78.4017931601556 160.4759743817454
77.39927728380265 159.80763046417673
76.39676140744974 159.47345850539244
75.39424553109681 159.13928654660816
75.06007357231252 158.1367706702552
74.39172965474391 157.1342547939023
74.39172965474391 156.13173891754943
74.72590161352821 155.1292230411965
75.06007357231252 154.12670716484354
76.06258944866545 153.79253520605926
77.06510532501834 153.79253520605926
78.06762120137128 153.45836324727497
79.0701370777242 153.45836324727497
80.07265295407714 153.79253520605926
81.07516883043006 154.12670716484354
82.07768470678295 154.12670716484354
83.0802005831359 154.12670716484354
84.08271645948882 154.12670716484354
85.08523233584174 154.12670716484354
86.08774821219465 154.12670716484354
87.0902640885476 154.12670716484354
88.09277996490047 154.46087912362782
89.42946780003771 154.46087912362782
90.43198367639064 154.46087912362782
91.43449955274357 154.46087912362782
92.43701542909648 154.7950510824122
93.43953130544944 155.46339499998078
94.44204718180231 155.79756695876506
95.44456305815527 156.46591087633374
96.4470789345082 157.1342547939023
97.4495948108611 157.46842675268664
98.45211068721403 157.46842675268664
99.45462656356693 157.46842675268664
100.45714243991989 157.46842675268664
101.4596583162728 157.46842675268664
102.46217419262572 157.46842675268664
103.13051811019434 156.46591087633374
103.79886202776294 155.46339499998078
104.13303398654725 154.46087912362782
104.13303398654725 153.45836324727497
104.13303398654725 152.45584737092202
104.13303398654725 151.45333149456906
103.79886202776294 150.45081561821615
103.13051811019434 149.44829974186328
102.46217419262572 148.44578386551035
101.7938302750571 147.4432679891574
100.79131439870415 146.44075211280443
99.78879852235127 145.77240819523587
98.78628264599831 144.43572036009863
97.78376676964541 143.76737644253
96.78125089329251 142.76486056617713
95.44456305815527 142.09651664860849
94.10787522301806 141.09400077225553
92.77118738788081 140.75982881347124
91.43449955274357 139.7573129371183
90.43198367639064 139.08896901954967
89.09529584125343 138.4206251019811
88.09277996490047 137.75228118441245
87.0902640885476 137.08393726684386
86.08774821219465 136.74976530805952
84.75106037705744 136.41559334927524
83.74854450070448 136.08142139049096
82.74602862435158 136.08142139049096
81.74351274799865 136.08142139049096
80.74099687164575 136.08142139049096
79.73848099529282 136.08142139049096
78.7359651189399 136.08142139049096
77.73344924258699 136.08142139049096
76.73093336623404 136.08142139049096
75.72841748988111 136.41559334927524
74.72590161352821 136.74976530805952
73.7233857371753 137.4181092256282
73.05504181960669 138.4206251019811
72.05252594325377 139.423140978334
71.71835398446945 140.4256568546869
71.05001006690081 141.4281727310399
70.3816661493322 142.76486056617713
70.04749419054791 143.76737644253
69.37915027297927 144.7698923188829
69.04497831419498 145.77240819523587
68.37663439662637 146.77492407158883
68.04246243784206 147.77743994794167
67.37411852027347 148.77995582429463
66.37160264392053 149.7824717006476
65.7032587263519 150.7849875770005
65.0349148087833 151.7875034533534
64.03239893243035 152.7900193297063
63.36405501486175 154.12670716484354
62.361539138508846 155.1292230411965
61.69319522094024 156.13173891754943
61.35902326215593 157.1342547939023
60.69067934458731 158.1367706702552
60.02233542701869 159.13928654660816
59.68816346823439 160.14180242296112
59.01981955066577 161.14431829931397
58.68564759188146 162.4810061344512
58.35147563309715 163.4835220108041
58.01730367431283 164.4860378871571
57.68313171552852 165.48855376351003
57.34895975674422 166.82524159864727
57.34895975674422 167.8277574750001
57.34895975674422 168.83027335135313
57.01478779795991 169.83278922770603
57.01478779795991 170.83530510405888
56.680615839175616 171.83782098041183
56.680615839175616 172.84033685676485
56.680615839175616 173.8428527331177
56.346443880391305 174.8453686094706
56.01227192160701 175.8478844858235
55.6780999628227 176.85040036217646
55.00975604525409 177.8529162385294
54.67558408646978 178.85543211488226
54.00724016890116 179.85794799123516
53.67306821011685 180.86046386758815
53.33889625133254 181.86297974394108
53.33889625133254 182.86549562029393
53.33889625133254 183.86801149664686
53.00472429254823 184.87052737299985
53.00472429254823 185.87304324935278
53.00472429254823 186.8755591257057
53.00472429254823 187.87807500205855
53.00472429254823 188.88059087841154
53.00472429254823 190.21727871354875
53.00472429254823 191.21979458990168
53.00472429254823 192.2223104662546
53.00472429254823 193.2248263426075
53.00472429254823 194.89568613652906
53.00472429254823 195.89820201288197
53.00472429254823 196.9007178892349
53.00472429254823 198.23740572437214
53.00472429254823 199.57409355950938
53.00472429254823 200.5766094358623
53.00472429254823 201.57912531221524
53.00472429254823 202.5816411885681
53.00472429254823 203.58415706492104
53.00472429254823 204.92084490005828
53.00472429254823 205.92336077641122
53.33889625133254 207.59422057033274
53.33889625133254 208.59673644668567
53.67306821011685 209.5992523230385
53.67306821011685 210.6017681993915
54.34141212768547 212.27262799331302
54.67558408646978 213.27514386966595
55.00975604525409 214.6118317048032
55.6780999628227 216.28269149872472
56.01227192160701 217.28520737507765
56.346443880391305 218.28772325143058
56.680615839175616 219.2902391277835
56.680615839175616 220.2927550041364
57.01478779795991 221.29527088048934
57.34895975674422 222.29778675684227
57.68313171552852 223.3003026331952
58.35147563309715 224.3028185095481
58.68564759188146 225.30533438590103
58.68564759188146 226.30785026225396
59.01981955066577 227.3103661386069
59.68816346823439 228.3128820149598
59.68816346823439 229.31539789131273
60.356507385803 230.31791376766566
61.02485130337162 231.65460160280287
61.69319522094024 232.9912894379401
62.027367179724536 233.99380531429304
62.69571109729314 234.99632119064594
63.69822697364606 235.66466510821456
64.03239893243035 236.66718098456752
65.0349148087833 238.00386881970476
66.37160264392053 239.34055665484198
67.03994656148915 240.67724448997922
67.37411852027347 241.6797603663321
68.37663439662637 242.68227624268502
68.71080635541068 243.68479211903795
69.37915027297927 244.68730799539094
70.04749419054791 245.68982387174378
71.05001006690081 246.6923397480967
72.05252594325377 247.36068366566536
73.05504181960669 248.36319954201824
74.39172965474391 249.03154345958686
75.39424553109681 249.69988737715545
76.39676140744974 250.0340593359398
77.39927728380265 250.3682312947241
78.4017931601556 250.70240325350838
79.0701370777242 251.7049191298613
80.40682491286144 252.03909108864562
81.40934078921435 253.04160696499855
82.41185666556729 253.37577892378286
83.41437254192017 254.04412284135145
84.41688841827312 254.37829480013576
85.41940429462606 255.38081067648866
86.42192017097898 256.0491545940573
87.42443604733188 257.0516704704103
88.42695192368481 257.38584242919444
89.42946780003771 257.72001438797884
90.43198367639064 258.3883583055475
91.43449955274357 259.0567022231161
92.43701542909648 259.72504614068475
93.43953130544944 260.3933900582532
94.44204718180231 260.7275620170376
95.44456305815527 261.061733975822
96.4470789345082 261.39590593460616
97.4495948108611 261.73007789339044
98.45211068721403 262.0642498521747
99.45462656356693 262.39842181095923
100.45714243991989 262.7325937697434
101.4596583162728 263.0667657285277
102.46217419262572 263.40093768731197
103.46469006897865 263.40093768731197
104.80137790411587 263.40093768731197
105.8038937804688 263.40093768731197
107.14058161560598 263.40093768731197
108.14309749195897 263.40093768731197
109.14561336831187 263.40093768731197
110.48230120344911 263.40093768731197
111.48481707980199 263.40093768731197
113.15567687372356 263.40093768731197
114.15819275007647 263.40093768731197
115.1607086264294 263.40093768731197
116.16322450278233 263.40093768731197
117.16574037913523 263.40093768731197
118.16825625548816 263.40093768731197
119.17077213184109 263.40093768731197
120.84163192576264 263.0667657285277
121.84414780211554 263.0667657285277
122.84666367846845 263.0667657285277
123.8491795548214 262.3984218109592
124.85169543117428 261.73007789339044
126.18838326631155 261.39590593460616
127.52507110144876 260.7275620170376
128.5275869778017 260.0592180994689
129.53010285415462 259.0567022231161
130.5326187305075 258.38835830554746
131.2009626480761 257.38584242919444
132.20347852442907 256.3833265528416
132.53765048321338 255.38081067648864
133.5401663595663 254.71246675892004
133.8743383183506 253.7099508825671
134.87685419470353 253.04160696499852
134.87685419470353 252.0390910886456
135.87937007105646 251.03657521229266
136.54771398862508 250.03405933593973
137.2160579061937 249.03154345958683
137.2160579061937 248.0290275832339
137.88440182376232 247.02651170688097
138.5527457413309 246.02399583052807
139.22108965889953 245.02147995417513
139.55526161768384 244.0189640778222
140.22360553525243 243.01644820146927
140.89194945282105 242.01393232511637
141.56029337038967 241.01141644876344
142.56280924674257 240.0089005724105
143.2311531643112 239.0063846960576
144.23366904066415 238.338040778489
144.90201295823275 237.33552490213606
145.57035687580137 236.33300902578313
145.90452883458568 235.33049314943025
slice_number: 15
nb_points_on_contour: 214
151.36559266110137 226.14717762773407
150.41915664438113 225.83169895549395
149.4727206276608 225.83169895549395
148.52628461094054 225.5162202832539
147.57984859422024 225.5162202832539
146.63341257749997 225.20074161101377
145.68697656077967 225.20074161101377
144.74054054405937 225.20074161101377
143.79410452733907 224.88526293877368
141.90123249389853 224.56978426653356
139.69288178821785 224.2543055942935
137.48453108253713 224.2543055942935
135.90713772133665 223.9388269220534
134.3297443601362 223.6233482498133
132.8718224419977 223.9686465507638
131.86930656564476 223.9686465507638
130.86679068929186 223.9686465507638
129.8642748129389 223.9686465507638
128.861758936586 224.3028185095481
128.19341501901738 225.30533438590103
127.85924306023307 226.30785026225396
127.52507110144876 227.3103661386069
127.52507110144876 228.3128820149598
127.52507110144876 229.31539789131273
127.52507110144876 230.31791376766566
127.52507110144876 231.3204296440186
127.52507110144876 232.65711747915577
128.5275869778017 233.32546139672436
129.53010285415462 233.32546139672436
130.5326187305075 233.32546139672436
131.53513460686045 233.65963335550867
132.20347852442907 234.6621492318616
132.20347852442907 235.66466510821454
132.20347852442907 236.6671809845675
132.20347852442907 237.66969686092037
132.20347852442907 238.6722127372733
131.53513460686045 239.67472861362623
130.5326187305075 240.6772444899792
129.53010285415462 241.34558840754775
128.5275869778017 241.34558840754775
127.52507110144876 241.67976036633206
126.52255522509586 241.67976036633206
125.52003934874293 241.67976036633206
124.51752347239 241.67976036633206
123.51500759603707 241.67976036633206
122.51249171968416 241.67976036633206
121.50997584333123 241.67976036633206
120.5074599669783 241.67976036633206
119.5049440906254 241.01141644876344
118.50242821427244 240.6772444899792
117.49991233791957 240.67724448997922
116.49739646156661 240.67724448997922
115.4948805852137 240.67724448997922
114.4923647088608 240.34307253119485
113.48984883250782 239.67472861362626
113.15567687372356 238.67221273727333
113.15567687372356 237.6696968609204
113.15567687372356 236.66718098456752
112.48733295615494 235.6646651082145
113.48984883250785 235.6646651082145
113.82402079129218 234.66214923186158
114.15819275007647 233.65963335550865
114.82653666764509 232.65711747915574
115.82905254399802 231.6546016028028
116.49739646156661 230.65208572644988
117.49991233791957 229.64956985009695
118.16825625548816 228.64705397374405
118.50242821427247 227.64453809739112
118.50242821427247 226.6420222210382
118.50242821427247 225.63950634468526
118.50242821427247 224.63699046833236
118.50242821427247 223.63447459197945
118.50242821427247 222.63195871562652
118.50242821427247 221.6294428392736
118.50242821427247 220.6269269629207
118.50242821427247 219.62441108656776
118.16825625548816 218.62189521021483
117.83408429670385 217.6193793338619
116.83156842035095 216.95103541629328
115.82905254399802 216.95103541629328
114.82653666764509 216.95103541629328
113.82402079129218 216.95103541629328
112.82150491493925 216.95103541629328
111.81898903858632 216.95103541629328
110.8164731622334 216.95103541629328
109.81395728588049 216.95103541629328
108.81144140952756 216.95103541629328
107.80892553317463 216.95103541629328
106.80640965682173 216.95103541629328
105.8038937804688 217.6193793338619
104.80137790411587 217.9535512926462
103.79886202776294 218.62189521021483
103.46469006897865 219.62441108656776
101.83544111940628 219.20664683845195
99.94256908596569 218.89116816621183
98.04969705252506 218.57568949397174
96.15682501908452 218.26021082173165
94.421692321764 217.78699281337148
92.68655962444348 217.31377480501138
89.84725157428258 216.36733878829105
87.32342219636183 215.73638144381087
85.43055016292124 215.10542409933066
84.16863547396085 214.7899454270906
82.90672078500045 213.8435094103703
81.3293274238 212.89707339365
80.06741273483958 211.9506373769297
79.12097671811931 211.00420136020944
78.17454070139904 210.05776534348914
76.91262601243862 210.05776534348914
75.96618999571834 210.05776534348914
74.38879663451786 210.05776534348914
72.81140327331738 210.37324401572926
71.86496725659708 210.37324401572926
70.60305256763668 211.00420136020944
69.3411378786763 211.31968003244953
68.394701861956 211.9506373769297
67.44826584523572 212.89707339365
66.18635115627536 214.1589880826104
65.87087248403527 215.10542409933066
65.23991513955505 216.36733878829105
64.92443646731496 217.31377480501138
64.60895779507487 218.26021082173165
64.29347912283478 219.83760418293213
63.97800045059465 221.0995188718925
63.97800045059465 222.3614335608529
64.29347912283478 223.6233482498133
64.60895779507487 224.88526293877368
64.60895779507487 225.83169895549395
64.60895779507487 226.77813497221425
64.92443646731496 227.72457098893454
65.23991513955505 228.67100700565484
65.55539381179518 229.6174430223751
66.18635115627536 231.19483638357565
66.81730850075554 232.456751072536
68.0792231897159 234.03414443373646
68.71018053419613 235.61153779493696
69.3411378786763 236.55797381165723
70.28757389539659 238.4508458450978
70.91853123987677 240.0282392062983
71.86496725659708 240.6591965507785
72.1804459288372 241.92111123973888
73.12688194555747 242.8675472564592
74.38879663451786 244.7604192898998
75.33523265123813 246.33781265110025
75.96618999571834 247.28424866782055
75.96618999571834 248.23068468454085
76.59714734019852 249.17712070126112
77.5435833569188 250.7545140624616
78.17454070139904 251.70095007918192
78.17454070139904 252.64738609590216
78.80549804587922 253.59382211262246
79.4364553903594 254.54025812934273
79.75193406259949 255.48669414606314
80.06741273483958 256.4331301627833
81.01384875155985 258.0105235239838
82.27576344052027 259.5879168851842
82.59124211276036 260.5343529019045
83.53767812948067 261.1653102463847
84.79959281844106 262.42722493534524
85.7460288351613 263.3736609520654
87.32342219636183 264.6355756410259
88.2698582130821 265.2665329855061
89.53177290204249 266.5284476744663
90.47820891876279 267.79036236342677
91.74012360772318 269.0522770523871
93.00203829668357 269.9987130691074
94.26395298564393 270.62967041358763
95.2103890023642 271.576106430308
96.15682501908452 272.2070637747882
97.10326103580479 272.8380211192685
98.04969705252506 273.1534997915085
98.99613306924539 273.1534997915085
99.94256908596569 273.1534997915085
100.88900510268599 273.1534997915085
102.15091979164634 273.1534997915085
103.41283448060673 273.1534997915085
104.35927049732703 273.1534997915085
106.2521425307676 273.1534997915085
107.1985785474879 273.1534997915085
108.14501456420817 272.8380211192685
109.09145058092844 272.8380211192685
110.03788659764876 272.8380211192685
111.61527995884924 272.52254244702834
113.19267332004975 272.2070637747882
114.13910933677002 272.2070637747882
115.08554535349032 271.89158510254816
116.6629387146908 271.576106430308
118.24033207589127 270.9451490858278
119.18676809261157 270.62967041358763
120.13320410933184 270.3141917413475
121.07964012605214 269.6832343968673
122.65703348725265 269.0522770523871
124.23442684845307 268.42131970790695
125.49634153741349 267.4748836911866
127.07373489861399 266.84392634670644
128.0201709153343 266.21296900222643
128.96660693205456 265.8974903299863
130.22852162101495 265.2665329855061
131.17495763773522 264.32009696878583
132.4368723266956 263.05818227982525
133.3833083434159 261.7962675908649
135.59165904909656 259.5879168851842
136.5380950658169 258.641480868464
137.80000975477722 257.69504485174366
139.37740311597776 256.74860883502333
140.32383913269803 255.48669414606314
141.42801448553837 254.22477945710267
142.5321898383787 252.96286476814228
143.16314718285892 252.01642875142207
144.1095831995792 250.4390353902215
145.0560192162995 248.54616335678102
145.68697656077967 247.5997273400606
146.00245523301976 246.65329132334034
146.00245523301976 245.70685530662004
slice_number: 17
nb_points_on_contour: 137
143.16314718285892 229.61744302237503
142.21671116613862 229.61744302237503
140.95479647717823 229.61744302237503
138.74644577149755 229.93292169461515
136.5380950658169 230.2484003668552
134.9607017046164 230.56387903909533
132.75235099893573 231.19483638357553
130.12336206360158 231.7206341706423
127.49437312826745 232.24643195770918
124.8653841929333 232.77222974477598
123.2879908317328 232.92996908089606
121.71059747053235 233.0877084170161
119.18676809261157 233.4031870892562
116.34746004245068 233.4031870892562
114.13910933677002 233.4031870892562
111.61527995884924 234.03414443373637
109.40692925316856 234.03414443373637
107.1985785474879 234.03414443373637
105.62118518628742 234.03414443373637
103.72831315284682 234.03414443373637
102.46639846388643 234.03414443373637
101.20448377492608 234.03414443373637
99.6270904137256 234.03414443373637
98.6806543970053 234.03414443373637
97.41873970804491 234.03414443373637
95.21038900236422 233.4031870892562
94.26395298564395 233.0877084170161
93.00203829668357 232.45675107253592
91.74012360772318 232.1412724002958
90.47820891876279 231.5103150558156
89.53177290204249 231.19483638357553
88.58533688532219 230.56387903909533
87.32342219636183 230.56387903909533
86.37698617964153 230.2484003668552
85.43055016292124 229.93292169461515
83.53767812948067 229.61744302237503
81.64480609604007 229.30196435013494
79.7519340625995 228.98648567789485
78.8054980458792 228.98648567789485
77.22810468467873 228.67100700565476
76.28166866795843 228.67100700565476
75.33523265123813 228.67100700565476
74.38879663451786 228.67100700565476
73.44236061779759 228.67100700565476
72.49592460107729 228.67100700565476
71.2340099121169 228.67100700565476
70.2875738953966 229.30196435013494
69.3411378786763 229.61744302237503
68.71018053419613 230.56387903909533
68.07922318971592 231.5103150558156
67.76374451747583 232.77222974477598
67.44826584523571 233.71866576149628
67.44826584523571 234.98058045045667
67.44826584523571 235.92701646717697
67.76374451747583 236.87345248389727
68.39470186195601 238.45084584509772
69.3411378786763 240.02823920629822
69.3411378786763 240.97467522301852
69.97209522315651 241.9211112397388
70.91853123987678 243.4985046009393
71.86496725659708 245.39137663437987
73.12688194555747 246.96876999558035
73.75783929003768 247.91520601230064
74.70427530675795 248.8616420290209
75.96618999571834 250.43903539022142
76.91262601243864 251.3854714069417
77.85906202915893 252.64738609590208
79.12097671811932 253.59382211262238
79.7519340625995 254.85573680158276
80.6983700793198 255.80217281830303
81.64480609604007 256.74860883502333
82.59124211276037 258.01052352398375
84.16863547396085 259.2724382129441
85.74602883516133 260.84983157414456
86.69246485188162 261.4807889186248
87.63890086860192 262.111746263105
88.58533688532219 263.05818227982525
89.53177290204249 263.6891396243055
90.79368759100288 264.32009696878566
92.05560227996327 264.9510543132659
93.63299564116375 265.8974903299861
94.57943165788404 266.5284476744663
95.52586767460431 266.84392634670644
96.47230369132461 267.15940501894653
97.41873970804491 267.15940501894653
98.36517572476521 267.15940501894653
99.94256908596569 267.15940501894653
101.20448377492608 267.15940501894653
102.46639846388643 267.15940501894653
103.72831315284682 267.15940501894653
104.99022784180721 266.84392634670644
106.2521425307676 266.5284476744663
107.51405721972802 266.21296900222626
108.7759719086884 266.21296900222626
109.72240792540867 265.8974903299861
110.66884394212894 265.26653298550593
111.61527995884924 264.9510543132659
113.19267332004975 264.32009696878566
115.40102402573041 263.6891396243055
116.34746004245068 263.3736609520654
117.60937473141107 263.05818227982525
119.50224676485166 262.111746263105
120.44868278157196 262.111746263105
121.39511879829226 261.4807889186248
122.97251215949271 260.5343529019045
123.91894817621301 259.90339555742435
125.1808628651734 259.2724382129441
126.75825622637387 258.32600219622384
127.70469224309417 257.3795661795035
128.0201709153343 256.43313016278324
128.65112825981447 255.48669414606297
128.96660693205456 254.54025812934265
128.96660693205456 253.59382211262238
129.91304294877483 252.64738609590208
131.17495763773522 252.0164287514219
132.12139365445552 251.3854714069417
133.69878701565602 250.43903539022142
134.6452230323763 250.1235567179813
135.5916590490966 249.17712070126103
136.85357373805695 248.8616420290209
137.80000975477725 248.23068468454073
138.74644577149755 247.91520601230064
140.00836046045794 246.96876999558035
141.27027514941832 246.33781265110017
141.90123249389853 245.39137663437987
143.16314718285892 244.44494061765957
144.1095831995792 243.4985046009393
145.0560192162995 242.86754725645912
145.37149788853958 241.9211112397388
145.68697656077967 240.97467522301852
146.63341257749997 240.02823920629822
146.94889124974006 239.08180318957793
147.26436992198015 238.13536717285766
147.26436992198015 237.18893115613733
147.26436992198015 236.24249513941706
147.26436992198015 235.29605912269676
147.57984859422027 234.3496231059765
slice_number: 19
nb_points_on_contour: 147
151.05011398886128 225.8316989554939
150.10367797214104 225.8316989554939
149.15724195542072 226.147177627734
148.21080593870045 226.4626562999741
147.26436992198015 227.09361364445428
146.00245523301976 227.40909231669443
144.74054054405937 228.04004966117458
143.79410452733907 228.35552833341467
142.21671116613862 228.98648567789488
140.95479647717823 228.98648567789488
140.00836046045794 229.61744302237506
139.06192444373764 229.93292169461517
137.48453108253713 230.56387903909535
136.5380950658169 230.56387903909535
135.27618037685647 230.87935771133547
133.698787015656 231.19483638357556
132.75235099893573 231.51031505581562
131.49043630997534 231.82579372805574
129.59756427653477 231.82579372805574
128.0201709153343 231.82579372805574
126.85672718388014 233.65963335550865
126.52255522509586 234.66214923186158
126.18838326631155 235.6646651082145
125.52003934874293 236.66718098456744
124.51752347239 237.33552490213603
123.51500759603707 238.00386881970468
122.51249171968416 238.33804077848896
121.50997584333123 238.33804077848896
120.5074599669783 238.33804077848896
119.5049440906254 238.33804077848896
118.50242821427247 238.00386881970468
117.49991233791957 237.33552490213603
116.49739646156661 236.66718098456744
115.4948805852137 236.3330090257831
114.4923647088608 236.3330090257831
113.48984883250785 235.6646651082145
112.48733295615494 234.66214923186158
112.48733295615494 233.65963335550865
112.48733295615494 232.65711747915574
112.48733295615494 231.6546016028028
110.66884394212892 231.82579372805574
109.40692925316853 231.82579372805574
107.51405721972802 231.82579372805574
106.2521425307676 231.82579372805574
104.99022784180721 231.82579372805574
103.41283448060673 231.82579372805574
102.46639846388643 231.82579372805574
101.20448377492608 231.82579372805574
98.99613306924539 231.82579372805574
98.04969705252506 231.82579372805574
97.10326103580479 231.82579372805574
96.15682501908452 231.82579372805574
94.57943165788402 231.82579372805574
93.31751696892366 231.82579372805574
92.05560227996327 232.14127240029583
91.10916626324297 232.45675107253595
89.53177290204249 232.45675107253595
87.95437954084198 232.45675107253595
86.69246485188162 232.772229744776
85.43055016292124 233.08770841701613
84.16863547396085 233.7186657614963
83.22219945724054 234.0341444337364
81.96028476828018 234.9805804504567
81.01384875155985 234.9805804504567
80.06741273483958 235.6115377949369
79.12097671811931 236.8734524838973
77.85906202915895 238.13536717285768
76.59714734019852 239.71276053405813
75.96618999571834 240.97467522301855
75.33523265123813 242.23658991197894
75.33523265123813 243.1830259286992
75.33523265123813 244.4449406176596
75.33523265123813 245.3913766343799
75.33523265123813 246.96876999558037
75.33523265123813 248.2306846845408
75.65071132347825 249.17712070126106
75.96618999571834 250.12355671798133
76.59714734019852 251.38547140694172
77.5435833569188 252.96286476814223
78.17454070139904 253.9093007848625
78.80549804587922 255.48669414606303
79.75193406259949 256.74860883502333
80.6983700793198 257.3795661795035
81.01384875155985 258.32600219622384
81.96028476828018 259.27243821294417
82.90672078500045 260.5343529019045
83.85315680172076 261.7962675908649
84.79959281844106 262.7427036075852
85.11507149068115 263.6891396243055
86.06150750740144 264.00461829654563
87.32342219636183 264.95105431326596
88.90081555756228 265.89749032998617
89.84725157428258 266.2129690022263
91.10916626324297 266.84392634670644
92.37108095220336 267.4748836911866
93.63299564116375 268.1058410356668
94.57943165788402 268.42131970790695
95.52586767460429 268.736798380147
96.7877823635647 269.6832343968673
97.73421838028497 269.9987130691074
98.6806543970053 270.9451490858277
99.6270904137256 271.5761064303079
100.57352643044587 271.89158510254805
101.51996244716617 272.2070637747881
103.09735580836664 273.1534997915084
104.67474916956712 273.4689784637485
105.93666385852751 273.78445713598853
106.88309987524778 273.78445713598853
107.82953589196808 273.78445713598853
109.40692925316853 274.4154144804687
110.35336526988885 274.4154144804687
111.29980128660915 274.4154144804687
112.24623730332945 274.4154144804687
113.19267332004975 274.4154144804687
114.45458800901014 274.4154144804687
116.03198137021059 273.78445713598853
117.29389605917098 273.4689784637485
118.87128942037148 272.8380211192684
120.13320410933184 272.2070637747881
122.02607614277241 271.89158510254805
122.97251215949268 271.5761064303079
124.54990552069322 270.9451490858277
125.8118202096536 270.3141917413475
126.75825622637387 269.6832343968673
128.0201709153343 269.3677557246273
129.28208560429468 268.42131970790695
129.91304294877483 267.4748836911866
130.85947896549513 266.84392634670644
132.12139365445552 265.266532985506
132.75235099893573 264.3200969687857
133.3833083434159 263.05818227982525
134.01426568789608 261.48078891862485
135.27618037685647 259.90339555742435
135.59165904909656 258.9569595407041
136.5380950658169 257.69504485174366
137.48453108253713 256.11765149054315
138.1154884270173 255.1712154738229
139.06192444373764 254.2247794571026
139.69288178821785 253.27834344038232
140.63931780493814 252.33190742366202
141.90123249389853 250.75451406246154
142.5321898383787 249.80807804574127
143.16314718285892 248.86164202902094
143.478625855099 247.91520601230067
143.478625855099 246.96876999558037
143.478625855099 246.0223339788601
143.478625855099 245.07589796213983
slice_number: 21
nb_points_on_contour: 291
82.59124211276036 193.021917042524
82.27576344052027 192.07548102580353
81.64480609604009 190.49808766460322
81.3293274238 189.5516516478829
80.6983700793198 187.65877961444232
79.75193406259949 186.08138625324185
79.12097671811931 184.50399289204137
78.49001937363913 183.5575568753211
77.85906202915895 182.29564218636068
77.22810468467871 181.3492061696403
76.91262601243862 180.4027701529201
76.28166866795843 179.4563341361998
75.33523265123813 178.50989811947943
74.38879663451786 177.247983430519
73.44236061779759 175.98606874155877
72.1804459288372 175.03963272483833
71.2340099121169 174.09319670811806
70.28757389539659 173.462239363638
69.3411378786763 172.83128201915778
68.394701861956 172.20032467467763
67.44826584523572 171.88484600243748
65.87087248403527 170.9384099857171
64.60895779507487 170.9384099857171
63.66252177835456 170.622931313477
62.716085761634275 170.622931313477
61.45417107267389 171.56936733019728
60.50773505595359 172.20032467467763
59.56129903923332 172.83128201915778
58.61486302251305 173.77771803587797
57.98390567803284 174.72415405259824
57.35294833355266 175.67059006931868
56.72199098907244 176.61702608603898
56.09103364459227 178.19441944723928
55.460076300112064 179.14085546395978
54.82911895563187 180.4027701529201
54.198161611151676 181.3492061696403
53.882682938911586 182.29564218636068
53.251725594431406 183.24207820308098
52.93624692219129 184.81947156428149
52.6207682499512 185.7659075810017
52.30528957771109 186.71234359772205
51.989810905471 188.28973695892253
51.674332233230885 189.23617297564277
51.35885356099082 190.1826089923631
51.043374888750705 191.1290450090834
51.043374888750705 192.07548102580353
50.727896216510615 193.65287438700418
50.727896216510615 194.59931040372444
50.727896216510615 195.8612250926847
50.727896216510615 197.43861845388534
50.727896216510615 199.64696915956594
50.727896216510615 200.9088838485264
50.727896216510615 201.85531986524668
51.043374888750705 202.8017558819668
51.043374888750705 203.74819189868725
51.043374888750705 204.69462791540752
51.35885356099082 205.64106393212785
51.35885356099082 206.90297862108824
51.35885356099082 207.84941463780854
51.674332233230885 209.11132932676892
51.674332233230885 210.05776534348914
51.989810905471 211.31968003244958
52.30528957771109 212.58159472140997
52.93624692219129 213.52803073813018
53.251725594431406 214.47446675485054
53.56720426667147 215.42090277157084
54.198161611151676 216.3673387882911
54.82911895563187 217.6292534772515
55.144597627871974 218.5756894939718
56.09103364459227 220.7840401996525
56.40651231683235 221.73047621637278
56.72199098907244 222.67691223309305
57.35294833355266 224.25430559429358
57.98390567803284 225.51622028325394
58.61486302251305 226.7781349722143
59.56129903923332 227.72457098893466
59.87677771147344 228.6710070056549
60.50773505595359 229.9329216946153
61.1386924004338 231.19483638357573
62.085128417154095 232.77222974477613
62.716085761634275 234.34962310597666
63.66252177835456 235.9270164671771
64.60895779507487 237.5044098283776
65.23991513955505 238.45084584509786
65.55539381179518 239.3972818618182
66.18635115627536 240.65919655077855
66.81730850075554 242.23658991197905
67.76374451747581 243.81398327317953
68.394701861956 244.76041928989986
68.71018053419613 245.7068553066201
69.02565920643622 246.6532913233404
69.6566165509164 247.59972734006067
69.97209522315649 248.54616335678108
70.91853123987677 249.49259937350126
71.549488584357 250.43903539022156
72.49592460107729 252.33190742366222
73.12688194555747 253.59382211262252
73.12688194555747 254.5402581293428
73.44236061779759 255.80217281830326
74.38879663451786 257.0640875072635
75.01975397899804 258.0105235239838
75.65071132347825 258.95695954070425
76.28166866795843 260.2188742296644
77.22810468467871 261.1653102463847
78.17454070139904 261.48078891862485
79.4364553903594 262.74270360758544
81.64480609604009 264.9510543132662
82.90672078500045 265.8974903299864
83.85315680172076 266.5284476744663
86.37698617964153 267.79036236342677
87.32342219636183 268.1058410356668
89.2162942298024 269.0522770523871
90.16273024652267 269.6832343968673
91.10916626324297 269.9987130691074
92.68655962444348 270.62967041358763
94.26395298564393 271.57610643030813
95.2103890023642 271.8915851025483
96.47230369132461 271.8915851025483
97.73421838028497 271.8915851025483
99.31161174148548 272.52254244702846
100.25804775820578 272.8380211192686
101.51996244716617 273.15349979150864
102.78187713612652 273.15349979150864
103.72831315284682 273.15349979150864
104.67474916956712 273.15349979150864
105.62118518628742 273.15349979150864
106.56762120300769 272.52254244702846
108.14501456420817 272.2070637747883
109.09145058092844 271.57610643030813
110.35336526988885 271.260627758068
111.61527995884924 270.62967041358763
113.82363066452993 269.9987130691074
115.08554535349032 269.3677557246273
116.34746004245068 268.736798380147
117.92485340365118 267.79036236342677
119.50224676485166 266.84392634670644
120.44868278157193 266.5284476744663
122.02607614277241 265.8974903299864
123.28799083173277 264.63557564102604
124.54990552069322 264.0046182965457
125.49634153741349 263.3736609520654
126.75825622637387 262.74270360758544
127.70469224309417 262.11174626310503
129.91304294877483 260.84983157414456
130.85947896549513 259.90339555742435
132.75235099893573 258.641480868464
133.698787015656 258.0105235239838
134.96070170461638 256.74860883502333
136.2226163935768 255.80217281830326
137.48453108253713 255.17121547382303
139.06192444373764 254.22477945710273
140.00836046045794 253.59382211262252
140.95479647717823 252.96286476814234
142.21671116613862 251.70095007918198
142.84766851061883 250.75451406246165
143.79410452733907 249.80807804574138
144.1095831995792 248.8616420290211
145.0560192162995 247.91520601230079
145.37149788853958 246.9687699955805
145.37149788853958 246.02233397886022
145.37149788853958 245.07589796214
145.0560192162995 244.12946194541962
144.74054054405937 243.18302592869932
144.1095831995792 242.23658991197905
143.478625855099 240.97467522301866
142.84766851061883 240.02823920629837
142.5321898383787 239.08180318957807
141.90123249389853 238.13536717285785
141.58575382165841 237.18893115613747
140.95479647717823 236.2424951394172
140.32383913269803 235.2960591226969
139.37740311597776 234.03414443373651
138.74644577149755 233.08770841701624
137.80000975477722 232.77222974477613
134.87685419470353 233.9938053142931
133.8743383183506 234.32797727307738
132.8718224419977 234.6621492318617
131.86930656564476 235.33049314943034
131.53513460686045 236.3330090257832
131.2009626480761 237.33552490213614
131.2009626480761 238.33804077848907
131.2009626480761 239.34055665484203
131.2009626480761 240.3430725311949
131.2009626480761 241.34558840754784
130.86679068929186 242.34810428390077
130.19844677172324 243.35062016025375
129.19593089537028 244.3531360366066
128.19341501901738 245.02147995417522
127.19089914266448 245.68982387174384
126.18838326631155 245.02147995417522
126.18838326631155 244.0189640778223
126.18838326631155 243.01644820146936
126.52255522509586 242.0139323251165
126.52255522509586 241.01141644876353
126.52255522509586 240.0089005724106
126.52255522509586 239.0063846960577
126.18838326631155 238.00386881970482
125.18586738995862 237.66969686092045
124.18335151360566 237.00135294335186
122.97251215949268 236.8734524838974
122.02607614277241 236.8734524838974
120.84163192576264 237.00135294335183
120.5074599669783 238.0038688197048
119.83911604940965 239.00638469605767
119.83911604940965 240.00890057241057
118.83660017305678 240.67724448997924
117.83408429670382 240.67724448997924
116.83156842035095 240.67724448997924
115.82905254399802 240.67724448997924
114.4923647088608 240.67724448997924
113.48984883250782 240.67724448997924
112.48733295615494 240.67724448997924
111.48481707980199 240.67724448997924
110.48230120344911 240.67724448997924
109.47978532709618 240.34307253119488
108.47726945074325 239.67472861362629
108.14309749195897 238.67221273727336
108.14309749195897 237.66969686092042
108.14309749195897 236.66718098456755
108.14309749195897 235.6646651082146
108.14309749195897 234.66214923186166
108.47726945074325 233.65963335550873
108.81144140952756 232.65711747915583
107.82953589196808 232.14127240029595
106.13806573925311 231.65460160280287
105.13554986290015 231.65460160280287
104.13303398654725 232.32294552037146
103.79886202776294 233.3254613967244
103.46469006897865 234.32797727307732
103.46469006897865 235.33049314943028
103.46469006897865 236.33300902578316
103.46469006897865 237.3355249021361
103.46469006897865 238.33804077848902
102.79634615141003 239.34055665484198
101.7938302750571 239.34055665484198
100.79131439870415 239.34055665484198
99.78879852235127 239.34055665484198
98.78628264599831 238.67221273727333
97.78376676964541 238.00386881970476
97.11542285207682 237.0013529433518
96.78125089329251 235.99883706699887
96.78125089329251 234.99632119064594
96.78125089329251 233.99380531429304
96.78125089329251 232.9912894379401
96.78125089329251 231.98877356158718
96.78125089329251 230.98625768523425
96.11290697572389 229.98374180888135
95.44456305815527 228.98122593252842
95.11039109937096 227.9787100561755
95.11039109937096 226.97619417982256
95.11039109937096 225.97367830346965
95.44456305815527 224.97116242711672
96.11290697572389 223.9686465507638
96.4470789345082 222.96613067441086
94.57943165788402 222.04595488861284
93.94847431340384 221.09951887189257
93.63299564116375 220.15308285517227
93.00203829668357 218.89116816621188
92.05560227996327 218.2602108217317
91.42464493548306 216.99829613277134
90.79368759100288 215.73638144381093
90.16273024652267 214.78994542709066
90.43198367639064 213.6093158284502
90.43198367639064 212.6067999520973
90.43198367639064 211.60428407574437
90.43198367639064 210.60176819939144
89.42946780003774 209.93342428182285
88.42695192368481 209.5992523230385
87.42443604733188 209.5992523230385
86.42192017097898 209.5992523230385
85.41940429462606 209.5992523230385
84.41688841827312 209.2650803642542
83.4143725419202 208.93090840546992
82.41185666556729 208.2625644879013
81.74351274799866 207.2600486115484
81.07516883043006 206.25753273519547
81.40934078921435 205.25501685884254
82.41185666556729 204.92084490005823
83.4143725419202 204.58667294127392
83.7485445007045 203.584157064921
83.7485445007045 202.58164118856806
83.7485445007045 201.57912531221518
83.0802005831359 200.57660943586225
82.07768470678296 200.24243747707794
81.07516883043006 199.9082655182936
80.74099687164575 198.9057496419407
80.40682491286144 197.23488984801918
80.74099687164575 196.23237397166628
81.74351274799865 195.56403005409766
82.74602862435158 194.89568613652904
83.41437254192017 193.89317026017613
slice_number: 22
nb_points_on_contour: 260
108.7759719086884 164.6288365409152
107.1985785474879 163.99787919643495
106.2521425307676 163.68240052419486
105.30570651404733 163.36692185195477
103.72831315284682 162.7359645074746
101.83544111940628 162.10500716299438
99.6270904137256 161.15857114627408
97.41873970804488 160.21213512955381
94.8949103301241 159.58117778507363
93.31751696892366 159.26569911283352
91.74012360772318 158.95022044059343
88.90081555756228 158.63474176835334
86.69246485188162 158.31926309611325
83.85315680172076 158.16152375999317
81.01384875155985 158.00378442387313
79.75193406259949 158.00378442387313
78.49001937363913 158.00378442387313
77.22810468467871 158.00378442387313
75.33523265123813 158.16152375999317
73.44236061779759 158.31926309611325
72.1804459288372 159.26569911283352
71.2340099121169 159.89665645731372
70.28757389539659 160.21213512955381
69.3411378786763 161.15857114627408
68.394701861956 161.7895284907543
67.44826584523572 162.7359645074746
66.50182982851545 163.68240052419486
65.55539381179518 164.31335786867504
64.60895779507487 164.94431521315525
63.66252177835456 165.89075122987558
63.34704310611447 166.83718724659582
62.716085761634275 168.41458060779632
61.45417107267389 169.6764952967567
60.82321372819371 170.622931313477
60.1922563837135 171.8848460024374
59.56129903923332 172.83128201915767
58.29938435027293 175.03963272483833
57.66842700579275 175.98606874155865
57.03746966131253 177.5634621027591
56.09103364459227 178.50989811947943
55.144597627871974 180.0872914806799
54.82911895563187 181.6646848418804
54.198161611151676 182.61112085860066
53.56720426667147 183.55755687532098
53.251725594431406 185.1349502365214
52.93624692219129 186.39686492548182
52.30528957771109 187.34330094220212
51.674332233230885 188.92069430340257
51.35885356099082 190.182608992363
50.727896216510615 191.7600023535635
50.727896216510615 193.02191704252388
50.09693887203041 194.59931040372433
49.78146019979032 195.54574642044463
49.15050285531014 196.80766110940502
48.20406683858984 198.70053314284561
47.88858816634975 199.962447831806
47.257630821869554 201.85531986524657
47.257630821869554 203.43271322644705
46.62667347738936 204.6946279154074
46.62667347738936 205.9565426043678
46.31119480514927 207.5339359655683
46.31119480514927 208.4803719822886
46.31119480514927 209.42680799900887
46.31119480514927 210.3732440157292
46.31119480514927 211.31968003244947
46.31119480514927 212.58159472140986
46.31119480514927 213.52803073813016
46.62667347738936 214.47446675485043
46.942152149629464 215.42090277157072
47.57310949410966 217.31377480501132
48.20406683858984 218.2602108217316
48.20406683858984 219.52212551069198
49.15050285531014 221.09951887189246
49.15050285531014 222.04595488861273
49.78146019979032 223.62334824981323
50.412417544270525 224.5697842665335
50.727896216510615 225.51622028325383
51.674332233230885 227.09361364445428
53.251725594431406 229.30196435013497
53.56720426667147 230.56387903909535
54.198161611151676 231.51031505581562
55.144597627871974 233.08770841701613
55.460076300112064 234.0341444337364
56.09103364459227 234.9805804504567
56.72199098907244 236.2424951394171
57.35294833355266 237.18893115613736
57.66842700579275 238.13536717285768
58.29938435027293 239.08180318957795
59.56129903923332 240.34371787853837
59.87677771147344 241.29015389525867
60.82321372819371 241.92111123973882
61.45417107267389 242.86754725645915
62.400607089394185 243.81398327317942
63.34704310611447 244.76041928989974
63.66252177835456 245.70685530661999
64.60895779507487 246.3378126511002
64.92443646731496 247.2842486678205
66.18635115627536 248.2306846845408
67.13278717299563 249.49259937350115
68.0792231897159 250.43903539022145
69.02565920643622 251.70095007918187
69.6566165509164 252.6473860959021
71.2340099121169 254.2247794571026
71.86496725659708 255.48669414606303
73.12688194555747 256.11765149054315
73.75783929003768 257.3795661795035
74.70427530675795 258.0105235239838
75.65071132347825 258.9569595407041
76.59714734019852 260.2188742296644
77.85906202915895 261.48078891862485
78.49001937363913 262.4272249353451
79.4364553903594 263.05818227982525
80.6983700793198 264.6355756410258
81.64480609604009 265.58201165774614
82.59124211276036 266.5284476744663
83.53767812948067 267.79036236342677
84.79959281844106 269.0522770523871
86.06150750740144 269.6832343968673
87.63890086860192 270.62967041358763
88.58533688532219 270.9451490858277
89.53177290204249 271.26062775806787
91.42464493548306 271.26062775806787
92.37108095220336 271.26062775806787
93.63299564116375 271.26062775806787
94.8949103301241 271.26062775806787
96.15682501908452 270.9451490858277
97.10326103580479 270.9451490858277
98.36517572476521 270.62967041358763
99.6270904137256 270.62967041358763
100.88900510268599 270.3141917413475
102.15091979164634 269.9987130691074
103.09735580836664 269.3677557246273
104.04379182508694 269.0522770523871
104.99022784180721 269.0522770523871
107.51405721972802 268.1058410356668
108.46049323644826 268.1058410356668
110.03788659764876 267.4748836911866
110.98432261436906 267.1594050189466
111.93075863108933 266.84392634670644
112.87719464780963 266.5284476744663
113.82363066452993 265.89749032998617
115.71650269797053 265.266532985506
116.6629387146908 264.95105431326596
118.24033207589127 264.3200969687857
119.50224676485166 264.00461829654563
120.44868278157193 263.6891396243055
121.39511879829223 263.05818227982525
122.34155481501256 262.7427036075852
123.28799083173277 262.11174626310503
124.8653841929333 261.1653102463847
126.1272988818937 260.5343529019045
127.07373489861399 259.90339555742435
127.70469224309417 258.9569595407041
128.0201709153343 258.0105235239838
128.33564958757438 257.0640875072635
129.28208560429468 256.4331301627833
129.91304294877483 255.1712154738229
130.85947896549513 254.54025812934267
131.80591498221543 253.9093007848625
132.75235099893573 252.6473860959021
133.3833083434159 251.70095007918187
133.698787015656 250.43903539022145
134.3297443601362 249.49259937350115
134.6452230323763 248.5461633567809
135.59165904909656 247.2842486678205
136.2226163935768 246.0223339788601
136.5380950658169 245.07589796213983
136.85357373805692 244.1294619454195
137.80000975477722 243.1830259286992
138.1154884270173 242.23658991197894
139.37740311597776 240.65919655077843
140.32383913269803 239.71276053405813
140.63931780493814 238.76632451733786
141.27027514941832 237.8198885006176
141.58575382165841 236.8734524838973
141.90123249389853 235.927016467177
141.90123249389853 234.9805804504567
141.27027514941832 234.0341444337364
140.00836046045794 233.40318708925622
138.74644577149755 232.45675107253595
137.48453108253713 231.82579372805574
135.90713772133665 231.19483638357556
134.96070170461638 231.19483638357556
134.01426568789608 230.87935771133547
133.06782967117582 230.87935771133547
131.80591498221543 230.87935771133547
130.22852162101495 230.87935771133547
128.65112825981447 230.87935771133547
127.38921357085408 230.87935771133547
125.1808628651734 230.24840036685524
123.60346950397292 229.61744302237506
122.65703348725265 229.61744302237506
121.71059747053232 229.30196435013497
119.50224676485166 228.98648567789488
118.55581074813136 228.98648567789488
117.60937473141107 228.98648567789488
116.6629387146908 228.6710070056548
115.71650269797053 228.6710070056548
113.50815199228984 228.6710070056548
112.56171597556954 228.6710070056548
111.61527995884924 228.6710070056548
110.66884394212892 228.6710070056548
109.40692925316853 228.6710070056548
107.1985785474879 228.6710070056548
106.2521425307676 228.35552833341467
104.99022784180721 228.04004966117458
104.04379182508694 227.40909231669443
103.09735580836664 226.4626562999741
102.15091979164634 225.51622028325383
101.20448377492608 224.5697842665335
100.25804775820578 223.30786957757311
99.31161174148548 221.41499754413255
98.99613306924539 220.46856152741228
98.36517572476521 219.2066468384519
98.04969705252506 217.9447321494915
98.04969705252506 216.9982961327712
97.73421838028497 216.05186011605093
97.73421838028497 214.78994542709054
97.73421838028497 213.52803073813016
98.36517572476521 211.95063737692965
98.6806543970053 210.3732440157292
99.31161174148548 209.1113293267688
99.6270904137256 207.5339359655683
100.88900510268599 205.64106393212774
101.83544111940628 204.37914924316735
102.46639846388643 203.43271322644705
103.41283448060673 203.11723455420696
105.30570651404733 201.53984119300645
105.93666385852751 200.59340517628618
106.88309987524778 199.962447831806
106.88309987524778 199.01601181508568
107.51405721972802 198.0695757983654
107.82953589196808 197.1231397816451
108.7759719086884 195.54574642044463
109.40692925316853 194.28383173148424
110.35336526988885 192.70643837028376
110.35336526988885 191.7600023535635
110.66884394212892 190.4980876646031
110.98432261436906 189.23617297564272
110.98432261436906 187.97425828668233
110.98432261436906 186.71234359772194
110.98432261436906 185.76590758100164
111.48481707980201 184.53635541421548
111.81898903858632 183.53383953786258
112.15316099737063 182.1971517027253
112.15316099737063 181.1946358263724
112.48733295615494 179.85794799123516
112.48733295615494 178.85543211488226
112.48733295615494 177.85291623852933
112.48733295615494 176.8504003621764
112.48733295615494 175.51371252703916
112.48733295615494 174.51119665068626
112.15316099737063 173.50868077433336
111.81898903858632 172.50616489798043
111.48481707980201 171.5036490216275
111.1506451210177 170.5011331452746
110.8164731622334 169.49861726892163
110.14812924466477 168.49610139256873
109.81395728588049 167.49358551621583
109.14561336831187 166.49106963986287
slice_number: 23
nb_points_on_contour: 184
96.15682501908452 166.83718724659582
95.21038900236422 166.20622990211564
94.26395298564395 165.57527255763543
93.31751696892366 165.25979388539534
92.05560227996327 164.62883654091513
90.79368759100288 164.31335786867504
89.84725157428258 163.68240052419486
88.58533688532219 163.05144317971468
87.63890086860192 162.73596450747456
86.37698617964153 162.10500716299435
85.11507149068115 161.78952849075426
83.53767812948067 161.15857114627408
81.96028476828016 160.5276138017939
80.06741273483959 159.5811777850736
78.17454070139902 159.2656991128335
76.91262601243864 158.9502204405934
75.01975397899804 158.31926309611322
73.75783929003768 158.0037844238731
72.81140327331738 158.0037844238731
71.86496725659708 157.688305751633
70.91853123987678 157.688305751633
69.97209522315651 157.688305751633
69.02565920643622 157.688305751633
68.07922318971592 158.0037844238731
66.81730850075556 158.6347417683533
65.55539381179517 159.8966564573137
64.60895779507487 160.5276138017939
62.716085761634275 162.10500716299435
61.45417107267389 163.05144317971468
60.1922563837135 164.31335786867504
59.24582036699323 165.25979388539534
58.29938435027293 166.52170857435573
57.35294833355266 167.468144591076
56.40651231683236 169.3610166245166
56.09103364459227 170.30745264123686
55.775554972352154 171.88484600243737
55.144597627871974 173.14676069139776
54.513640283391766 174.09319670811803
54.198161611151676 175.03963272483833
53.882682938911586 175.98606874155863
53.251725594431406 176.9325047582789
52.6207682499512 178.19441944723928
52.30528957771109 179.14085546395958
51.6743322332309 180.08729148067988
50.727896216510615 181.98016351412045
50.09693887203042 182.92659953084075
49.46598152755023 184.18851421980114
49.15050285531014 185.45042890876152
48.51954551082994 186.3968649254818
47.88858816634975 187.9742582866823
47.57310949410966 188.92069430340257
47.257630821869554 189.86713032012287
47.257630821869554 190.81356633684314
47.257630821869554 192.07548102580353
46.942152149629464 193.02191704252385
46.62667347738936 194.2838317314842
46.62667347738936 195.2302677482045
46.31119480514927 196.1767037649248
46.31119480514927 197.4386184538852
46.31119480514927 199.01601181508565
46.31119480514927 199.96244783180597
46.31119480514927 201.22436252076633
46.31119480514927 202.17079853748663
46.31119480514927 203.11723455420693
46.942152149629464 205.0101065876475
47.257630821869554 205.95654260436777
47.257630821869554 207.21845729332816
47.730848830229704 208.79585065452866
48.20406683858984 210.37324401572917
48.51954551082994 211.63515870468953
48.51954551082994 212.58159472140983
49.46598152755023 214.1589880826103
49.78146019979033 215.10542409933058
50.727896216510615 216.68281746053108
51.35885356099082 217.94473214949147
51.989810905471 219.20664683845186
52.6207682499512 220.15308285517213
52.93624692219129 221.41499754413252
53.882682938911586 222.99239090533302
54.513640283391766 224.56978426653347
55.460076300112064 225.5162202832538
56.72199098907245 227.09361364445425
57.35294833355266 228.35552833341464
57.98390567803284 229.30196435013494
58.61486302251305 230.2484003668552
59.24582036699323 231.19483638357553
60.82321372819371 233.4031870892562
61.45417107267389 234.3496231059765
62.400607089394185 235.61153779493688
63.031564433874394 236.87345248389727
64.29347912283478 238.76632451733784
65.23991513955505 240.34371787853834
66.50182982851547 241.60563256749873
67.44826584523571 243.18302592869918
68.39470186195601 244.7604192898997
69.3411378786763 245.70685530661996
70.2875738953966 246.96876999558035
70.91853123987678 247.91520601230064
71.86496725659708 249.17712070126103
72.81140327331738 250.1235567179813
73.75783929003768 251.3854714069417
74.70427530675795 253.2783434403823
75.96618999571834 254.85573680158276
77.22810468467873 256.11765149054315
78.33228003751907 257.69504485174366
79.43645539035941 259.2724382129441
80.38289140707971 260.84983157414456
81.64480609604007 261.7962675908649
82.27576344052025 263.05818227982525
83.22219945724055 263.6891396243055
84.79959281844106 265.5820116577461
86.06150750740144 267.15940501894653
87.00794352412174 267.4748836911866
87.95437954084198 268.42131970790695
89.2162942298024 269.0522770523871
90.47820891876279 270.3141917413475
91.42464493548306 270.62967041358763
93.00203829668357 271.57610643030785
94.26395298564395 272.207063774788
95.52586767460431 272.207063774788
96.47230369132461 272.207063774788
97.41873970804491 272.207063774788
98.99613306924539 272.207063774788
100.57352643044587 271.891585102548
101.51996244716617 271.891585102548
102.46639846388643 271.57610643030785
103.72831315284682 271.2606277580678
105.30570651404733 270.62967041358763
106.56762120300772 270.3141917413475
108.1450145642082 269.6832343968673
109.72240792540867 269.3677557246272
111.29980128660915 269.0522770523871
112.56171597556954 268.736798380147
113.50815199228984 268.1058410356668
114.45458800901014 267.7903623634267
116.6629387146908 267.15940501894653
117.60937473141107 266.5284476744663
119.50224676485166 265.5820116577461
121.07964012605214 264.63557564102575
122.65703348725265 263.6891396243055
124.54990552069322 262.74270360758516
126.1272988818937 262.42722493534507
127.07373489861399 261.7962675908649
128.33564958757438 261.1653102463847
128.65112825981447 259.90339555742435
129.59756427653477 258.32600219622384
130.54400029325504 257.69504485174366
132.12139365445552 256.11765149054315
132.4368723266956 255.17121547382285
132.4368723266956 252.9628647681422
133.06782967117582 252.0164287514219
133.3833083434159 250.7545140624615
133.3833083434159 249.80807804574124
133.3833083434159 248.8616420290209
133.3833083434159 247.91520601230064
132.4368723266956 247.28424866782046
131.80591498221543 246.33781265110017
130.85947896549513 245.39137663437987
129.91304294877483 244.44494061765957
129.59756427653477 243.18302592869918
129.28208560429468 242.2365899119789
128.96660693205456 241.2901538952586
128.65112825981447 240.34371787853834
128.33564958757438 239.39728186181804
128.0201709153343 238.45084584509772
127.38921357085408 237.18893115613733
126.75825622637387 235.92701646717697
125.8118202096536 234.66510177821658
124.8653841929333 234.03414443373637
123.2879908317328 232.1412724002958
122.34155481501256 231.19483638357553
121.71059747053235 230.2484003668552
120.44868278157196 229.30196435013494
119.50224676485166 228.04004966117455
118.24033207589127 226.77813497221416
116.34746004245068 225.20074161101368
115.71650269797053 224.2543055942934
114.45458800901014 223.3078695775731
113.19267332004975 222.0459548886127
111.29980128660915 220.46856152741225
110.66884394212894 219.52212551069195
109.72240792540867 218.57568949397165
108.7759719086884 216.99829613277117
108.1450145642082 216.0518601160509
