Study: 1.2.840.113704.1.111.3024.1085095985.1
Series: 1.2.840.113704.1.111.3024.1085096083.7
SpacingX: 0.755859375
SpacingY: 0.755859375
SpacingZ: 10.0

label: ground_glass
localisation: non-relevant
slice_number: 9
nb_points_on_contour: 211
171.8036992074671 206.3234038326642
171.56712357798637 205.613676944222
171.09397231902489 204.90395005577975
170.62082106006343 204.1942231673375
170.14766980110196 203.48449627889525
169.20136728317897 202.7747693904531
168.49164039473678 201.82846687253013
167.78191350629456 201.5918912430494
167.30876224733302 200.88216435460717
166.3624597294101 200.4090130956457
165.6527328409679 199.9358618366842
164.94300595252562 199.22613494824196
163.9967034346027 198.75298368928054
163.28697654616045 198.04325680083826
162.10409839875678 197.5701055418768
161.39437151031458 197.0969542829153
160.44806899239165 196.62380302395377
159.73834210394938 196.3872273944731
158.79203958602636 195.9140761355116
157.84573706810352 195.44092487655013
157.13601017966124 194.96777361758865
156.42628329121897 194.7311979881079
155.00682951433458 194.0214710996657
154.29710262589236 193.54831984070418
153.58737573745012 193.07516858174273
152.87764884900793 192.838592952262
152.1679219605657 192.36544169330048
151.45819507212346 192.12886606381977
150.98504381316198 191.41913917537755
149.8021656657583 191.18256354589676
148.61928751835458 190.23626102797382
147.90956062991236 189.99968539849306
147.19983374147012 189.76310976901237
146.25353122354718 189.2899585100509
145.30722870562425 188.81680725108941
144.59750181718198 188.34365599212794
143.41462366977828 188.1070803626472
142.46832115185535 187.63392910368572
141.52201863393236 187.39735347420498
140.81229174549014 187.16077784472424
139.8659892275672 186.6876265857627
138.91968670964425 186.45105095628202
137.97338419172127 186.21447532680128
137.26365730327905 185.74132406783977
136.3173547853561 185.74132406783977
135.60762789691387 185.26817280887832
134.89790100847165 185.03159717939758
134.1881741200294 184.79502154991684
133.24187160210647 184.55844592043604
132.53214471366425 184.55844592043604
131.822417825222 184.55844592043604
131.11269093677979 184.55844592043604
130.40296404833757 184.55844592043604
129.4566615304146 184.55844592043604
128.7469346419724 185.03159717939758
128.03720775353014 185.26817280887832
126.85432960612647 185.74132406783977
126.14460271768425 185.97789969732054
125.19830019976129 186.45105095628202
124.48857331131907 186.6876265857627
123.54227079339611 187.16077784472424
122.8325439049539 187.8705047331664
121.8862413870309 188.34365599212794
120.93993886910798 189.05338288057013
121.0002265221865 190.62191296704611
119.80873417010008 191.4162412017704
118.61724181801364 191.4162412017704
117.42574946592723 191.4162412017704
116.2342571138409 191.4162412017704
115.04276476175448 191.4162412017704
113.85127240966804 191.8134053191325
112.65978005758163 192.2105694364947
111.46828770549521 193.00489767121897
110.67395947077082 194.19639002330538
110.2767953534088 195.38788237539183
110.2767953534088 196.57937472747824
110.2767953534088 197.77086707956462
110.2767953534088 198.9623594316511
110.2767953534088 200.1538517837375
110.2767953534088 201.3453441358239
110.2767953534088 202.53683648791036
110.2767953534088 203.72832883999678
110.2767953534088 204.91982119208322
111.07112358813296 206.11131354416963
112.2626159402194 206.11131354416963
113.45410829230582 206.11131354416963
114.64560064439223 206.11131354416963
115.2621237615702 204.90395005577975
115.9718506500125 204.90395005577975
116.68157753845472 204.90395005577975
117.39130442689688 204.90395005577975
118.10103131533907 204.90395005577975
119.04733383326203 205.1405256852605
119.99363635118499 205.37710131474125
120.93993886910795 205.85025257370268
121.64966575755017 206.3234038326642
122.3593926459925 206.55997946214495
123.06911953443472 207.0331307211064
123.54227079339611 207.74285760954865
124.25199768183842 208.2160088685101
124.48857331131904 208.92573575695235
124.96172457028064 209.63546264539457
125.434875829242 210.34518953383676
125.90802708820351 211.054916422279
126.38117834716499 211.76464331072123
126.85432960612647 212.4743701991634
127.56405649456869 213.18409708760566
128.2737833830109 213.89382397604788
128.9835102714531 214.36697523500936
129.69323715989535 214.8401264939708
130.6395396778183 215.07670212345158
131.34926656626052 215.54985338241306
132.05899345470274 215.78642901189374
133.0052959726257 216.25958027085528
133.71502286106792 216.73273152981676
134.66132537899088 217.20588278877824
135.3710522674331 217.9156096772204
136.08077915587532 218.38876093618194
136.5539304148368 219.3350634541049
137.02708167379828 220.04479034254706
137.26365730327902 220.75451723098934
137.5002329327598 221.46424411943153
137.5002329327598 222.17397100787377
137.5002329327598 222.883697896316
137.26365730327902 223.59342478475818
137.02708167379828 224.30315167320046
136.79050604431757 225.24945419112342
136.3173547853561 225.9591810795656
136.08077915587532 226.66890796800786
135.3710522674331 227.61521048593082
135.1344766379524 228.32493737437304
134.89790100847162 229.27123989229597
134.42474974951014 230.2175424102189
134.42474974951014 230.92726929866117
134.1881741200294 231.6369961871034
134.5038065124993 233.1184735247952
134.5038065124993 234.30996587688162
134.90097062986143 235.50145822896806
134.90097062986143 236.69295058105448
135.6952988645857 237.8844429331409
136.09246298194785 239.07593528522733
136.88679121667212 240.26742763731374
137.2839553340343 241.45891998940016
138.4754476861207 242.6504123414866
139.66694003820712 243.0475764588487
140.85843239029353 243.0475764588487
142.04992474237997 243.0475764588487
143.24141709446639 243.0475764588487
144.4329094465528 243.0475764588487
145.6244017986392 243.0475764588487
146.81589415072565 242.6504123414866
147.61022238544993 241.45891998940016
148.80171473753634 241.06175587203802
149.99320708962276 239.47309940258944
151.18469944170917 239.07593528522733
152.77335591115775 238.67877116786516
153.96484826324416 238.67877116786516
155.1563406153306 238.28160705050303
156.34783296741702 237.09011469841656
157.53932531950343 236.69295058105448
158.73081767158988 236.69295058105448
159.9223100236763 236.69295058105448
161.1138023757627 236.69295058105448
162.30529472784912 236.69295058105448
163.49678707993556 236.69295058105448
164.68827943202197 236.69295058105448
165.87977178410839 236.69295058105448
167.0712641361948 236.69295058105448
168.26275648828124 237.09011469841656
169.45424884036765 237.48727881577875
170.64574119245412 238.28160705050303
171.83723354454057 239.47309940258944
172.7500017253901 237.78796255360265
173.93287987279376 237.31481129464115
174.64260676123604 237.07823566516038
175.58890927915897 236.60508440619896
177.00836305604344 235.89535751775668
177.71808994448563 235.42220625879526
179.37411935085083 234.4759037408723
180.08384623929302 234.0027524819108
181.26672438669675 233.05644996398786
182.21302690461977 232.58329870502632
183.63248068150426 231.16384492814194
184.34220756994637 230.21754241021898
185.5250857173502 228.56151300385378
185.99823697631155 227.61521048593082
186.94453949423456 226.19575670904638
187.1811151237153 225.4860298206042
188.12741764163823 223.83000041423895
188.12741764163823 222.88369789631602
188.83714453008042 221.22766848995076
189.07372015956116 220.5179416015086
189.78344704800335 218.86191219514342
189.78344704800335 217.9156096772204
189.78344704800335 216.73273152981676
189.78344704800335 216.02300464137454
189.5468714185227 214.36697523500936
189.07372015956116 213.4206727170864
188.12741764163823 211.76464331072123
186.94453949423456 210.10861390435605
186.23481260579229 209.16231138643303
184.8153588289079 208.2160088685101
183.39590505202344 207.26970635058717
182.68617816358116 206.55997946214495
181.7398756456583 206.08682820318344
181.03014875721604 205.37710131474125
180.32042186877376 204.43079879681827
179.61069498033157 203.72107190837602
178.6643924624086 203.01134501993383
177.71808994448563 202.30161813149155
176.7717874265627 201.82846687253013
slice_number: 10
nb_points_on_contour: 263
146.01695559406645 185.26817280887832
145.30722870562425 184.32187029095536
145.07065307614346 183.6121434025131
144.59750181718198 182.90241651407092
144.36092618770124 182.1926896256287
143.65119929925908 181.48296273718645
143.17804804029754 180.30008458978276
142.46832115185538 179.35378207185977
141.75859426341313 178.1709039244561
141.0488673749709 177.46117703601385
140.57571611600943 176.75145014757163
139.8659892275672 176.04172325912944
139.39283796860573 175.33199637068722
138.44653545068275 174.62226948224497
137.73680856224053 173.91254259380278
137.02708167379834 173.43939133484128
136.31735478535612 172.9662400758798
135.60762789691387 172.72966444639906
134.89790100847165 172.25651318743755
133.71502286106795 171.7833619284761
132.53214471366425 171.31021066951462
131.822417825222 171.07363504003385
130.8761153072991 170.83705941055314
130.16638841885685 170.83705941055314
129.4566615304146 170.6004837810723
128.7469346419724 170.36390815159166
127.80063212404946 170.36390815159166
127.09090523560721 170.36390815159166
126.38117834716499 170.36390815159166
125.67145145872283 170.36390815159166
124.96172457028064 170.36390815159166
124.25199768183845 170.36390815159166
123.54227079339614 170.36390815159166
122.8325439049539 170.36390815159166
122.12281701651168 170.36390815159166
121.41309012806946 170.36390815159166
120.70336323962724 170.36390815159166
119.99363635118502 170.36390815159166
119.28390946274288 170.36390815159166
118.57418257430064 170.36390815159166
117.86445568585833 170.36390815159166
117.15472879741614 170.36390815159166
116.44500190897392 170.6004837810723
115.7352750205317 170.6004837810723
115.02554813208948 170.6004837810723
114.07924561416658 170.83705941055314
113.3695187257243 170.83705941055314
112.65979183728209 171.07363504003385
111.95006494883984 171.07363504003385
111.24033806039762 171.31021066951462
110.5306111719554 171.7833619284761
109.82088428351318 172.01993755795687
109.11115739507096 172.49308881691832
108.40143050662883 172.9662400758798
107.69170361818658 173.67596696432201
107.21855235922504 174.38569385276426
106.74540110026356 175.09542074120648
106.27224984130206 175.8051476296487
105.56252295285987 176.75145014757163
105.08937169389836 177.46117703601385
104.61622043493696 178.1709039244561
103.90649354649474 178.88063081289826
103.19676665805247 179.8269333308213
102.72361539909105 180.5366602192635
102.25046414012948 181.2463871077057
101.77731288116803 181.95611399614796
101.54073725168726 182.66584088459018
101.54073725168726 183.3755677730324
101.54073725168726 184.08529466147462
101.54073725168726 185.03159717939758
101.54073725168726 185.74132406783977
101.54073725168726 186.45105095628202
101.54073725168726 187.16077784472424
101.54073725168726 187.8705047331664
101.777312881168 188.34365599212794
102.48703976961022 187.8705047331664
103.19676665805244 187.63392910368572
103.90649354649472 187.63392910368572
104.61622043493696 187.63392910368572
105.56252295285984 187.39735347420498
106.50882547078288 187.16077784472424
107.45512798870575 186.92420221524347
108.29097476659797 188.23892826287326
108.68813888396014 189.4304206149597
109.87963123604655 189.82758473232184
111.07112358813296 190.22474884968398
112.2626159402194 190.62191296704611
113.05694417494368 191.81340531913253
114.2484365270301 192.6077335538568
114.64560064439223 193.79922590594325
114.2484365270301 194.99071825802966
113.05694417494368 195.78504649275396
112.65978005758154 196.9765388448404
112.2626159402194 198.16803119692682
112.2626159402194 199.3595235490132
112.65978005758154 200.55101590109962
113.85127240966796 200.94818001846178
115.0427647617544 200.94818001846178
116.23425711384081 200.94818001846178
117.42574946592723 200.94818001846178
118.61724181801364 200.94818001846178
119.80873417010008 200.94818001846178
121.0002265221865 200.94818001846178
121.41309012806946 201.82846687253013
121.8862413870309 202.53819376097232
122.59596827547313 203.01134501993383
123.06911953443469 203.72107190837605
123.54227079339611 204.43079879681827
123.77884642287682 205.1405256852605
123.77884642287682 205.85025257370268
123.77884642287682 206.55997946214495
123.77884642287682 207.5062819800679
123.77884642287682 208.2160088685101
123.30569516391535 209.16231138643303
122.59596827547313 209.8720382748753
121.8862413870309 210.34518953383676
121.17651449858877 211.054916422279
120.46678761014655 211.52806768124046
119.75706072170425 212.00121894020197
119.04733383326203 212.71094582864418
118.57418257430064 213.4206727170864
117.86445568585833 213.89382397604788
117.15472879741611 214.36697523500936
116.4450019089739 214.8401264939708
115.4986993910509 215.07670212345158
114.3158212436472 215.54985338241306
113.36951872572428 215.78642901189374
112.18664057832063 215.78642901189374
111.47691368987836 215.78642901189374
110.53061117195537 215.78642901189374
109.82088428351315 215.78642901189374
109.11115739507096 215.78642901189374
109.82088428351318 216.02300464137454
110.29403554247475 216.73273152981676
110.5306111719554 217.44245841825898
111.95006494883984 217.9156096772204
112.65979183728206 218.15218530670117
113.36951872572428 218.38876093618194
114.07924561416658 218.62533656566268
114.78897250260877 218.62533656566268
115.49869939105093 218.86191219514342
116.20842627949315 218.86191219514342
116.91815316793537 219.0984878246241
117.62788005637762 219.3350634541049
118.33760694481981 219.80821471306638
118.81075820378129 220.5179416015086
119.28390946274286 221.22766848995076
119.99363635118499 221.93739537839303
120.70336323962724 222.64712226683525
121.41309012806946 223.35684915527742
121.88624138703094 224.0665760437197
122.3593926459925 224.77630293216188
122.8325439049539 225.4860298206042
123.54227079339614 225.9591810795656
124.0154220523576 226.66890796800786
124.48857331131904 227.37863485645008
125.19830019976129 228.08836174489224
125.434875829242 228.79808863333454
125.90802708820351 229.5078155217767
126.38117834716499 230.2175424102189
126.6177539766457 230.92726929866114
127.32748086508792 231.4004205576226
128.03720775353017 232.11014744606487
128.51035901249168 232.8198743345071
129.22008590093387 233.52960122294934
129.9298127893761 234.23932811139156
130.40296404833757 234.94905499983375
131.11269093677979 235.658781888276
131.34926656626055 236.36850877671822
131.34926656626055 237.07823566516038
131.34926656626055 237.78796255360265
131.34926656626055 238.49768944204487
131.34926656626055 239.20741633048704
131.11269093677979 240.15371884841005
131.7236576909643 241.45891998940013
131.7236576909643 242.6504123414866
131.7236576909643 243.84190469357299
132.91515004305072 244.23906881093515
134.10664239513713 244.23906881093515
135.29813474722354 244.23906881093515
136.48962709930998 245.03339704565937
137.2839553340343 246.22488939774584
138.44653545068275 247.01441210335145
139.62941359808644 247.01441210335145
140.33914048652866 247.01441210335145
141.52201863393236 247.01441210335145
142.23174552237467 247.01441210335145
143.17804804029754 247.25098773283224
143.88777492873976 247.25098773283224
145.07065307614346 247.25098773283224
145.78037996458568 247.25098773283224
147.19983374147012 247.25098773283224
148.1461362593931 247.25098773283224
148.85586314783532 247.25098773283224
149.8021656657583 247.25098773283224
150.51189255420059 247.01441210335145
151.9313463310849 246.30468521490928
153.82395136693086 245.35838269698635
155.47998077329603 244.41208017906337
156.8994345501805 243.4657776611404
157.60916143862272 243.4657776611404
158.55546395654565 242.75605077269816
159.97491773343012 241.80974825477523
161.39437151031458 240.86344573685227
162.81382528719905 239.9171432189293
163.76012780512198 239.68056758944857
164.7064303230449 239.20741633048704
165.4161572114871 238.7342650715256
167.0721866178524 238.0245381830833
167.78191350629456 237.78796255360265
168.9647916536984 237.07823566516038
170.3842454305827 235.89535751775668
171.09397231902489 235.18563062931452
172.51342609590935 233.76617685243002
172.7500017253901 233.05644996398786
173.57801642857274 231.87357181658416
174.40603113175524 230.69069366918043
175.1157580201975 229.50781552177673
175.8254849086397 228.32493737437304
176.29863616760116 227.37863485645008
176.65349961182233 226.07746889430598
177.00836305604344 224.77630293216188
177.00836305604344 223.3568491552775
177.00836305604344 221.93739537839306
177.00836305604344 220.5179416015086
177.00836305604344 219.0984878246241
177.00836305604344 217.9156096772204
177.00836305604344 217.20588278877824
176.7717874265627 216.49615590033602
176.5352117970819 215.78642901189374
175.8254849086397 214.01211179078825
175.1157580201975 212.2377945696827
174.87918239071675 211.52806768124046
174.05116768753413 210.10861390435605
173.22315298435157 208.6891601274716
172.395138281169 207.5062819800679
171.56712357798637 206.3234038326642
170.97568450428454 205.25881350000088
170.3842454305827 204.1942231673375
169.55623072740008 203.12963283467423
168.7282160242175 202.06504250201087
167.0721866178524 200.88216435460717
165.0854435493841 200.1538517837375
163.8939511972977 200.5510159010996
162.70245884521128 200.5510159010996
161.51096649312487 200.94818001846178
160.31947414103843 200.94818001846178
159.127981788952 200.94818001846178
157.9364894368656 200.94818001846178
156.74499708477916 200.1538517837375
155.55350473269274 199.3595235490132
154.36201238060633 198.56519531428893
153.17052002851992 198.16803119692682
151.97902767643347 197.37370296220251
150.78753532434706 196.57937472747824
149.59604297226065 195.38788237539183
148.80171473753634 194.19639002330538
148.00738650281207 193.00489767121897
147.2130582680878 191.4162412017704
147.2130582680878 190.22474884968398
146.4187300333635 189.03325649759753
146.02156591600144 187.84176414551112
146.02156591600144 186.65027179342465
slice_number: 11
nb_points_on_contour: 277
182.21302690461968 194.4946223586272
181.26672438669675 194.02147109966572
180.5569974982545 193.54831984070418
179.84727060981228 193.07516858174276
178.66439246240856 192.838592952262
177.71808994448563 192.36544169330048
176.53521179708196 192.12886606381977
175.35233364967837 191.89229043433903
174.64260676123604 191.89229043433903
173.45972861383237 191.6557148048583
172.51342609590935 191.6557148048583
171.8036992074671 191.41913917537755
170.85739668954417 191.41913917537755
170.14766980110196 191.41913917537755
169.4379429126597 191.41913917537755
168.49164039473678 191.41913917537755
167.54533787681376 191.41913917537755
166.83561098837157 191.41913917537755
166.12588409992938 191.41913917537755
165.17958158200642 191.41913917537755
164.23327906408343 191.41913917537755
163.0504009166797 191.41913917537755
161.86752276927604 191.41913917537755
160.92122025135305 191.41913917537755
160.21149336291083 191.41913917537755
159.2651908449879 191.41913917537755
158.08231269758417 191.41913917537755
156.8994345501805 191.41913917537755
156.18970766173825 191.18256354589676
155.47998077329603 191.18256354589676
154.5336782553731 190.94598791641607
153.82395136693086 190.94598791641607
153.11422447848864 190.94598791641607
152.1679219605657 190.70941228693533
150.98504381316198 190.70941228693533
150.2753169247198 190.70941228693533
149.32901440679677 190.4728366574546
148.38271188887384 190.23626102797382
147.67298500043165 190.23626102797382
146.96325811198938 189.99968539849306
146.01695559406645 189.99968539849306
144.83407744666272 189.52653413953163
143.88777492873976 189.2899585100509
143.17804804029754 189.05338288057013
142.46832115185535 188.81680725108941
141.52201863393236 188.58023162160868
140.33914048652866 188.34365599212794
139.62941359808644 188.1070803626472
138.20995982120198 187.63392910368572
137.26365730327902 187.16077784472424
136.31735478535612 186.6876265857627
135.13447663795242 186.45105095628202
134.1881741200294 185.97789969732054
133.24187160210647 185.50474843835906
132.53214471366425 185.26817280887832
131.58584219574126 184.79502154991684
130.6395396778183 184.55844592043604
129.9298127893761 184.32187029095536
128.51035901249168 183.84871903199388
127.56405649456869 183.6121434025131
126.6177539766457 183.3755677730324
125.67145145872283 183.3755677730324
124.48857331131904 183.13899214355166
123.30569516391535 183.13899214355166
122.35939264599259 182.90241651407092
121.6496657575502 182.90241651407092
120.70336323962724 182.66584088459018
119.99363635118499 182.66584088459018
118.81075820378129 182.66584088459018
118.10103131533907 182.66584088459018
117.15472879741611 182.4292652551094
116.44500190897392 182.4292652551094
115.7352750205317 182.4292652551094
115.02554813208945 182.4292652551094
114.31582124364724 182.4292652551094
113.60609435520499 182.4292652551094
112.65979183728206 182.4292652551094
111.71348931935907 182.4292652551094
111.00376243091696 182.4292652551094
110.29403554247483 182.4292652551094
109.58430865403244 182.4292652551094
108.87458176559022 182.4292652551094
108.16485487714797 182.4292652551094
107.21855235922501 182.4292652551094
106.50882547078297 182.4292652551094
105.79909858234075 182.66584088459018
105.08937169389836 183.13899214355166
104.61622043493705 183.84871903199388
104.1430691759754 184.55844592043604
103.66991791701395 185.26817280887832
103.19676665805244 186.21447532680128
102.72361539909105 187.16077784472424
102.25046414012948 187.8705047331664
101.777312881168 188.58023162160868
101.30416162220655 189.52653413953163
101.06758599272578 190.4728366574546
100.83101036324504 191.18256354589676
100.5944347337643 192.12886606381977
100.35785910428356 192.838592952262
100.34769241935521 193.79922590594325
100.34769241935521 194.99071825802966
100.34769241935521 196.18221061011604
100.34769241935521 197.37370296220251
100.34769241935521 198.56519531428893
100.34769241935521 199.75668766637537
100.34769241935521 200.94818001846178
100.34769241935521 202.1396723705482
100.34769241935521 203.33116472263464
100.34769241935521 204.52265707472105
100.34769241935521 205.71414942680744
100.34769241935521 206.9056417788939
100.34769241935521 208.09713413098032
100.34769241935521 209.28862648306676
100.34769241935521 210.48011883515318
101.30416162220655 210.81834079279827
101.777312881168 211.52806768124046
102.01388851064888 212.2377945696827
102.25046414012948 213.18409708760566
102.72361539909105 213.89382397604788
103.19676665805244 214.8401264939708
103.66991791701395 216.02300464137454
104.1430691759754 216.96930715929747
104.61622043493705 217.67903404773972
105.08937169389836 218.62533656566268
105.08937169389836 219.3350634541049
105.56252295285984 220.04479034254706
106.70231829714942 220.40922176920668
107.49664653187372 221.60071412129312
108.68813888396014 221.99787823865526
109.87963123604655 222.39504235601734
111.07112358813296 223.1893705907417
111.46828770549519 224.38086294282812
111.86545182285724 225.5723552949145
111.86545182285724 226.7638476470009
112.42321620780129 226.19575670904638
113.13294309624354 226.19575670904638
113.84266998468576 226.19575670904638
114.64560064439223 226.7638476470009
115.04276476175448 225.5723552949145
116.2342571138409 224.77802706019023
117.42574946592723 224.38086294282812
118.61724181801364 223.98369882546592
119.80873417010008 223.98369882546592
121.0002265221865 224.38086294282812
122.19171887427291 224.77802706019023
123.38321122635935 225.5723552949145
123.38321122635935 226.7638476470009
123.77884642287682 226.19575670904638
124.48857331131904 226.19575670904638
124.57470357844576 227.95533999908736
125.76619593053218 227.95533999908736
126.95768828261859 227.95533999908736
127.56405649456869 228.5615130038538
127.56405649456869 229.27123989229597
127.56405649456869 230.2175424102189
127.56405649456869 230.92726929866117
127.56405649456869 231.6369961871034
127.56405649456869 232.34672307554564
127.56405649456869 233.05644996398786
127.56405649456869 233.76617685243002
127.56405649456869 234.4759037408723
127.56405649456869 235.18563062931452
127.56405649456869 235.89535751775668
127.56405649456869 236.60508440619896
128.9435088694293 236.69295058105448
129.73783710415358 235.50145822896806
130.13500122151572 234.30996587688162
130.13500122151572 233.1184735247952
130.92932945624003 231.92698117270876
132.12082180832644 231.13265293798452
132.91515004305072 229.94116058589807
134.10664239513713 229.94116058589807
135.29813474722354 229.94116058589807
136.09246298194785 231.13265293798452
136.09246298194785 232.32414529007093
136.09246298194785 233.51563764215734
136.09246298194785 234.70712999424376
135.29813474722354 235.89862234633017
134.10664239513713 236.2957864636923
132.91515004305072 237.09011469841658
131.7236576909643 237.8844429331409
130.53216533887786 238.67877116786516
129.73783710415358 239.8702635199516
129.34067298679145 241.06175587203802
129.34067298679145 242.25324822412443
130.6395396778183 242.04632388425597
131.34926656626052 242.5194751432174
132.05899345470274 242.75605077269816
133.0052959726257 243.22920203165967
133.71502286106792 243.7023532906211
134.42474974951014 243.9389289201019
135.1344766379524 244.64865580854405
135.84420352639458 244.88523143802482
136.5539304148368 245.12180706750559
137.5002329327598 245.35838269698633
138.20995982120198 245.59495832646707
138.9196867096442 246.06810958542852
139.86598922756718 246.06810958542852
140.57571611600937 246.06810958542852
141.28544300445162 246.06810958542852
141.99516989289384 246.06810958542852
142.70489678133606 246.06810958542852
143.41462366977828 246.06810958542852
144.1243505582205 246.06810958542852
144.83407744666272 246.06810958542852
145.54380433510494 246.06810958542852
146.25353122354716 246.06810958542852
147.19983374147012 245.83153395594775
147.90956062991236 245.35838269698633
148.61928751835458 244.88523143802482
149.5655900362775 244.41208017906337
150.27531692471976 244.17550454958263
150.98504381316198 243.9389289201019
151.9313463310849 243.22920203165967
152.87764884900787 242.99262640217893
153.35080010796938 242.2828995137367
154.06052699641157 242.04632388425597
154.77025388485382 241.80974825477523
155.47998077329603 241.57317262529446
156.18970766173825 241.3365969958137
156.8994345501805 241.100021366333
157.60916143862272 241.100021366333
158.55546395654565 240.86344573685227
159.5017664744686 240.86344573685227
160.21149336291083 240.6268701073715
161.15779588083382 240.15371884841005
161.867522769276 239.9171432189293
162.57724965771823 239.9171432189293
163.28697654616047 239.9171432189293
163.99670343460267 239.68056758944857
164.7064303230449 239.20741633048704
165.41615721148713 238.7342650715256
166.12588409992932 238.49768944204487
166.83561098837157 238.49768944204487
167.54533787681376 238.2611138125641
168.255064765256 238.0245381830833
168.96479165369823 238.0245381830833
169.67451854214045 238.0245381830833
170.38424543058267 238.0245381830833
170.85739668954417 236.25022096197785
171.8036992074671 235.42220625879526
172.27685046642864 234.71247937035295
173.45972861383237 233.52960122294934
174.1694555022745 233.05644996398786
175.1157580201975 231.8735718165841
175.35233364967837 231.1638449281419
175.8254849086397 229.74439115125747
176.53521179708196 228.32493737437304
177.71808994448563 226.66890796800786
178.30952901818745 225.60431763534444
178.90096809188935 224.53972730268123
180.08384623929302 222.64712226683525
180.79357312773521 221.34595630469116
181.5033000161775 220.04479034254706
182.56066471331832 220.01205765184454
182.56066471331832 218.82056529975807
182.16350059595618 217.6290729476717
181.766336478594 216.43758059558527
181.766336478594 215.24608824349883
181.3691723612319 214.05459589141245
181.3691723612319 212.86310353932603
181.3691723612319 211.67161118723956
181.3691723612319 210.48011883515318
181.3691723612319 209.28862648306676
181.3691723612319 208.09713413098032
181.3691723612319 206.9056417788939
181.766336478594 205.71414942680744
181.766336478594 204.52265707472105
181.766336478594 203.33116472263464
182.16350059595618 202.1396723705482
182.16350059595618 200.94818001846178
182.56066471331832 199.75668766637537
182.95782883068046 198.56519531428893
183.3549929480426 197.37370296220251
183.3549929480426 196.18221061011604
183.3549929480426 194.99071825802966
183.3549929480426 193.79922590594325
slice_number: 12
nb_points_on_contour: 101
166.83561098837157 223.59342478475818
166.36245972941006 222.883697896316
165.65273284096787 222.17397100787377
164.94300595252562 221.7008197489123
164.2332790640834 221.22766848995076
163.5235521756412 220.75451723098934
162.81382528719897 220.5179416015086
162.10409839875678 220.5179416015086
161.39437151031453 220.5179416015086
160.6846446218723 220.5179416015086
159.97491773343012 220.5179416015086
159.26519084498787 220.5179416015086
158.55546395654565 220.5179416015086
157.84573706810343 220.5179416015086
157.1360101796612 220.5179416015086
156.42628329121897 220.5179416015086
155.71655640277677 220.5179416015086
155.00682951433456 220.75451723098934
154.29710262589234 221.22766848995076
153.58737573745012 221.7008197489123
152.87764884900787 222.41054663735446
152.40449759004642 223.12027352579673
151.9313463310849 223.83000041423895
151.69477070160417 224.5397273026812
151.45819507212346 225.24945419112342
151.22161944264272 225.9591810795656
151.22161944264272 226.66890796800786
150.98504381316198 227.37863485645008
150.7484681836812 228.08836174489224
150.27531692471976 228.79808863333454
150.03874129523902 229.50781552177673
149.5655900362775 230.2175424102189
148.85586314783532 230.92726929866117
148.3827118888738 231.6369961871034
147.90956062991236 232.34672307554564
147.43640937095086 233.05644996398786
146.96325811198938 233.76617685243002
146.72668248250864 234.4759037408723
146.25353122354716 235.18563062931452
146.01695559406642 236.13193314723745
143.6385812118285 236.2957864636923
143.6385812118285 237.48727881577875
142.84425297710422 238.67877116786516
142.04992474237997 239.8702635199516
140.85843239029353 240.66459175467585
140.4612682729314 241.8560841067623
140.4612682729314 243.0475764588487
139.26977592084498 243.84190469357299
138.07828356875854 244.23906881093515
137.6811194513964 245.43056116302157
137.6811194513964 246.62205351510798
138.07828356875854 247.81354586719442
139.26977592084498 248.21070998455656
140.4612682729314 248.21070998455656
141.6527606250178 248.21070998455656
142.84425297710422 248.21070998455656
144.03574532919066 248.21070998455656
145.22723768127707 248.21070998455656
146.4187300333635 248.21070998455656
147.61022238544993 248.21070998455656
148.80171473753634 248.21070998455656
149.99320708962276 248.21070998455656
151.18469944170917 247.41638174983225
152.3761917937956 247.41638174983225
153.56768414588203 247.41638174983225
154.75917649796844 247.01921763247014
155.95066885005488 246.62205351510798
157.1421612021413 246.62205351510798
158.33365355422774 246.22488939774584
159.52514590631415 246.22488939774584
160.7166382584006 245.8277252803837
161.908130610487 245.8277252803837
162.57724965771823 244.88523143802482
163.28697654616047 244.88523143802482
164.46985469356417 244.88523143802482
165.17958158200642 244.88523143802482
166.12588409992932 244.88523143802482
167.30876224733302 244.88523143802482
168.01848913577527 244.88523143802482
168.49164039473675 244.17550454958263
168.7282160242175 243.4657776611404
168.96479165369823 242.75605077269816
168.96479165369823 241.57317262529446
168.96479165369823 240.86344573685227
168.96479165369823 239.9171432189293
168.96479165369823 239.20741633048704
168.96479165369823 238.2611138125641
168.96479165369823 237.5513869241219
169.05708472300554 236.29578646369228
170.24857707509196 235.89862234633017
171.44006942717837 235.1042941116059
172.23439766190265 233.91280175951948
172.23439766190265 232.721309407433
172.23439766190265 231.13265293798452
172.23439766190265 229.94116058589807
171.83723354454057 228.74966823381166
171.04290530981623 227.5581758817252
170.64574119245412 225.96951941227667
169.8514129577298 224.77802706019023
169.45424884036765 223.5865347081038
168.26275648828124 222.79220647337954
nb_points_on_contour: 173
138.44653545068272 199.9358618366842
137.97338419172127 199.22613494824196
137.26365730327902 198.51640805979977
136.5539304148368 197.80668117135758
135.84420352639458 197.33352991239605
135.13447663795242 196.86037865343454
134.42474974951017 196.62380302395385
133.47844723158718 196.3872273944731
132.53214471366425 195.9140761355116
131.822417825222 195.44092487655013
131.11269093677979 195.20434924706942
130.40296404833757 195.20434924706942
129.69323715989538 194.7311979881079
128.51035901249168 194.4946223586272
127.8006321240494 194.25804672914646
126.85432960612647 193.78489547018495
125.90802708820351 193.78489547018495
124.72514894079984 193.54831984070418
123.77884642287682 193.54831984070418
122.8325439049539 193.54831984070418
121.88624138703094 193.54831984070418
121.17651449858877 193.54831984070418
120.46678761014655 193.54831984070418
119.75706072170428 193.54831984070418
119.04733383326203 193.54831984070418
118.33760694481981 193.54831984070418
117.62788005637762 193.54831984070418
116.68157753845472 193.54831984070418
115.97185065001247 193.54831984070418
115.26212376157022 193.54831984070418
114.55239687312798 193.54831984070418
113.60609435520499 193.78489547018495
112.42321620780129 194.25804672914646
111.47691368987836 194.4946223586272
110.53061117195537 194.7311979881079
109.58430865403244 194.96777361758865
108.87458176559022 195.44092487655013
108.16485487714797 195.67750050603084
107.45512798870575 196.15065176499238
106.50882547078288 196.62380302395385
105.79909858234066 197.33352991239605
105.08937169389836 197.80668117135758
104.37964480545614 198.51640805979977
103.66991791701395 198.9895593187612
102.72361539909102 199.69928620720347
102.0138885106488 200.64558872512643
101.30416162220655 201.1187399840879
100.83101036324504 202.06504250201087
100.35785910428356 202.7747693904531
99.64813221584131 203.48449627889534
99.17498095687986 204.1942231673375
98.9384053273991 204.90395005577975
98.70182969791838 205.85025257370268
98.46525406843764 206.55997946214495
98.46525406843764 207.5062819800679
98.46525406843764 208.2160088685101
98.46525406843764 208.92573575695235
98.46525406843764 209.63546264539457
98.46525406843764 210.34518953383676
98.46525406843764 211.2914920517597
98.46525406843764 212.2377945696827
98.46525406843764 213.18409708760566
98.70182969791838 213.89382397604788
98.70182969791838 214.60355086449005
99.17498095687986 215.54985338241306
99.4115565863606 216.25958027085528
99.64813221584131 216.96930715929747
100.35785910428356 217.67903404773972
100.83101036324504 218.38876093618194
101.54073725168723 219.0984878246241
102.0138885106488 219.80821471306638
103.19676665805244 220.99109286047008
103.90649354649472 221.7008197489123
104.61622043493696 222.17397100787377
105.3259473233791 222.64712226683525
106.03567421182132 223.12027352579673
106.98197672974428 223.35684915527742
107.69170361818658 223.83000041423895
108.87458176559022 224.53972730268123
109.82088428351318 225.01287856164265
110.53061117195537 225.4860298206042
111.24033806039762 225.9591810795656
111.95006494883984 226.43233233852715
112.65979183728206 226.66890796800786
113.36951872572428 227.1420592269693
114.07924561416658 227.61521048593082
115.02554813208945 228.08836174489224
115.97185065001247 228.5615130038538
116.68157753845472 228.79808863333454
117.62788005637762 229.5078155217767
118.33760694481981 229.74439115125747
119.04733383326203 229.50781552177673
119.99363635118499 229.27123989229597
120.93993886910795 228.79808863333454
122.12281701651165 228.08836174489224
122.83254390495387 227.85178611541156
123.77884642287682 227.37863485645008
124.96172457028061 226.90548359748854
125.67145145872283 226.43233233852712
126.38117834716499 226.19575670904638
127.09090523560721 225.72260545008484
127.8006321240494 225.48602982060416
128.51035901249165 225.24945419112342
129.22008590093387 224.77630293216188
129.69323715989538 224.53972730268123
129.9298127893761 223.83000041423895
130.16638841885685 223.12027352579673
130.13500122151572 222.39504235601734
131.32649357360214 222.39504235601734
132.51798592568858 221.60071412129312
133.70947827777502 221.20355000393096
134.90097062986143 220.80638588656885
136.09246298194785 220.80638588656885
137.2839553340343 220.80638588656885
138.4754476861207 220.40922176920668
139.66694003820712 220.80638588656885
140.06410415556923 221.99787823865526
140.06410415556923 223.1893705907417
139.26977592084498 224.38086294282812
138.8726118034828 225.5723552949145
137.6811194513964 225.96951941227667
136.48962709930998 226.7638476470009
135.6952988645857 227.95533999908736
134.5038065124993 228.74966823381166
133.70947827777502 229.94116058589807
132.51798592568858 230.3383247032602
131.7236576909643 231.52981705534663
131.7236576909643 232.721309407433
131.7236576909643 233.91280175951948
132.91515004305072 234.30996587688162
134.10664239513713 234.30996587688162
134.90097062986143 233.1184735247952
135.29813474722354 231.92698117270874
136.09246298194785 230.73548882062235
137.2839553340343 229.94116058589807
138.07828356875854 228.74966823381166
139.26977592084498 228.35250411644947
140.06410415556923 227.16101176436308
140.85843239029353 225.96951941227667
141.25559650765567 224.77802706019023
142.04992474237997 223.5865347081038
142.44708885974208 222.39504235601734
142.84425297710422 221.20355000393096
143.6385812118285 220.01205765184454
144.03574532919066 218.82056529975807
145.22723768127707 218.02623706503385
146.0215659160014 216.8347447129474
146.81589415072565 215.643252360861
148.00738650281207 214.45176000877453
148.00738650281207 213.26026765668814
146.81589415072565 213.26026765668814
145.6244017986392 213.26026765668814
144.03574532919066 214.05459589141245
142.84425297710422 215.24608824349886
141.6527606250178 216.04041647822314
140.4612682729314 216.04041647822314
139.26977592084498 216.8347447129474
138.8726118034828 216.04041647822314
138.8726118034828 214.84892412613672
138.4754476861207 213.6574317740503
138.07828356875854 212.46593942196387
137.2839553340343 211.27444706987745
136.09246298194785 210.48011883515318
137.50023293275981 210.10861390435605
137.50023293275981 209.3988870159138
137.50023293275981 208.6891601274716
137.50023293275981 207.74285760954865
137.50023293275981 207.0331307211064
137.50023293275981 206.3234038326642
137.50023293275981 205.37710131474125
137.50023293275981 204.43079879681827
137.50023293275981 203.72107190837605
137.50023293275981 203.01134501993383
nb_points_on_contour: 119
295.2387686877379 231.10463823140188
294.3452754724443 230.80680715963737
293.1539511853863 229.91331394434386
291.6647958265638 228.72198965728583
290.77130261127024 228.12632751375685
289.57997832421233 227.23283429846333
288.68648510891876 226.6371721549343
287.7929918936252 226.3393410831698
286.3038365348027 225.7436789396408
285.1125122477447 225.1480167961118
283.92118796068667 224.5523546525828
282.4320326018642 223.95669250905377
281.24070831480617 223.65886143728926
280.04938402774803 223.36103036552473
278.85805974069 223.06319929376022
277.96456652539655 223.06319929376022
276.7732422383385 223.06319929376022
275.87974902304506 223.06319929376022
274.68842473598704 223.06319929376022
273.79493152069347 223.36103036552473
272.60360723363544 223.65886143728926
271.71011401834187 223.95669250905377
270.2209586595194 224.25452358081827
269.32746544422594 224.25452358081827
267.83831008540335 224.8501857243473
266.6469857983453 225.1480167961118
265.15783043952274 226.0415100114053
264.2643372242293 226.3393410831698
263.07301293717126 226.93500322669883
262.1795197218778 227.8284964419923
261.5838575783488 228.72198965728583
260.6903643630553 229.61548287257938
260.39253329129076 230.5089760878729
259.79687114776175 231.4024693031664
259.20120900423274 232.89162466198894
258.6055468607037 234.08294894904694
257.71205364541015 235.57210430786947
256.8185604301167 237.06125966669202
255.92506721482314 238.25258395375005
255.62723614305864 239.14607716904356
255.03157399952968 240.03957038433708
254.73374292776518 241.2308946713951
254.43591185600067 242.7200500302176
253.84024971247166 243.91137431727563
253.84024971247166 245.40052967609813
253.84024971247166 246.59185396315615
253.84024971247166 247.78317825021418
253.84024971247166 248.97450253727217
253.84024971247166 250.16582682433022
253.84024971247166 251.35715111138822
253.84024971247166 252.84630647021078
254.13808078423617 254.0376307572688
254.73374292776518 254.93112397256235
255.32940507129413 255.8246171878558
255.92506721482314 256.71811040314935
257.11639150188114 257.61160361844287
258.0098847171747 258.2072657619719
258.9033779324683 258.80292790550084
259.79687114776175 259.1007589772654
260.6903643630553 259.3985900490299
261.5838575783488 259.99425219255886
262.47735079364236 260.2920832643234
263.3708440089358 260.58991433608793
264.2643372242293 260.88774540785244
265.15783043952274 261.1855764796169
266.05132365481643 261.78123862314595
266.9448168701099 261.78123862314595
267.83831008540335 262.3769007666749
269.0296343724615 262.67473183843947
269.92312758775495 263.2703939819685
270.8166208030484 263.56822505373293
271.71011401834187 263.8660561254975
272.60360723363544 264.16388719726194
273.79493152069347 264.75954934079095
274.68842473598704 265.0573804125555
275.87974902304506 265.35521148432
277.6667354536321 265.65304255608453
278.56022866892556 265.65304255608453
279.453721884219 265.95087362784903
280.3472150995126 265.95087362784903
281.5385393865706 265.95087362784903
282.72986367362864 265.95087362784903
283.92118796068667 265.65304255608453
285.41034331950914 265.0573804125555
286.3038365348027 264.75954934079095
287.7929918936252 263.8660561254975
289.28214725244777 263.56822505373293
290.4734715395058 262.972562910204
291.6647958265638 262.3769007666749
292.5582890418574 261.78123862314595
293.7496133289153 260.88774540785244
294.64310654420876 259.99425219255886
295.8344308312669 259.1007589772654
297.3235861900894 258.2072657619719
298.5149104771474 257.31377254667836
300.5997279794989 256.12244825962034
301.7910522665569 255.22895504432685
302.6845454818505 254.63329290079784
303.2802076253795 253.7397996855043
304.17370084067306 252.84630647021078
304.4715319124375 251.65498218315275
305.0671940559665 250.76148896785926
305.3650251277311 249.57016468080124
305.3650251277311 248.3788403937432
305.3650251277311 247.4853471784497
305.3650251277311 246.59185396315615
305.3650251277311 245.69836074786264
305.3650251277311 244.20920538904014
304.4715319124375 242.7200500302176
303.2802076253795 241.2308946713951
302.901392274047 240.26742763731374
302.5042281566848 239.07593528522733
302.1070640393227 237.8844429331409
301.7098999219605 236.69295058105448
300.91557168723625 235.50145822896806
299.7240793351498 234.70712999424376
298.5325869830634 233.91280175951948
297.34109463097695 233.1184735247952
296.1496022788906 232.32414529007093
slice_number: 13
nb_points_on_contour: 228
130.16638841885685 238.0245381830833
130.87611530729907 238.0245381830833
131.58584219574126 237.78796255360265
132.29556908418348 237.31481129464115
133.0052959726257 236.60508440619896
133.95159849054866 235.89535751775668
134.42474974951017 235.18563062931452
134.89790100847165 234.23932811139156
135.60762789691387 234.0027524819108
136.08077915587535 233.2930255934686
136.79050604431757 232.8198743345071
137.26365730327902 232.11014744606487
137.97338419172127 231.8735718165841
138.6831110801635 231.4004205576226
139.62941359808644 230.69069366918043
140.33914048652866 230.2175424102189
140.81229174549014 229.5078155217767
140.81229174549014 228.79808863333454
141.0488673749709 228.08836174489224
141.75859426341307 227.37863485645008
142.46832115185535 227.1420592269693
143.17804804029754 227.1420592269693
144.4329094465528 227.16101176436308
145.6244017986392 227.95533999908736
146.4187300333635 229.14683235117377
146.4187300333635 230.3383247032602
146.02156591600138 231.52981705534663
146.02156591600138 232.72130940743304
145.22723768127707 233.91280175951948
144.83007356391494 234.70712999424376
144.83007356391494 235.89862234633017
144.83007356391494 237.09011469841656
144.83007356391494 238.28160705050303
144.83007356391494 239.47309940258944
144.03574532919066 240.66459175467583
144.03574532919066 241.8560841067623
144.03574532919066 243.0475764588487
144.03574532919066 244.23906881093515
144.03574532919066 245.43056116302157
144.03574532919066 246.62205351510795
144.03574532919066 247.81354586719442
145.22723768127707 248.6078741019186
146.4187300333635 248.6078741019186
147.61022238544993 248.6078741019186
148.80171473753634 248.6078741019186
149.99320708962276 248.6078741019186
151.18469944170917 248.6078741019186
152.3761917937956 248.6078741019186
153.56768414588203 248.6078741019186
154.75917649796844 248.6078741019186
155.95066885005488 248.6078741019186
157.1421612021413 248.6078741019186
158.33365355422777 248.6078741019186
159.52514590631415 248.6078741019186
160.7166382584006 248.6078741019186
161.908130610487 248.6078741019186
163.09962296257342 248.6078741019186
164.29111531465983 248.21070998455656
165.0854435493841 247.01921763247014
165.0854435493841 245.82772528038367
165.0854435493841 244.6362329282973
165.17958158200642 244.17550454958263
165.88930847044864 243.22920203165967
166.12588409992938 242.2828995137367
166.83561098837157 241.3365969958137
167.07218661785242 240.6268701073715
167.30876224733302 239.68056758944857
167.54533787681376 238.97084070100635
167.78191350629456 238.0245381830833
167.78191350629456 237.31481129464115
167.78191350629456 236.60508440619896
167.78191350629456 235.89535751775668
167.78191350629456 234.94905499983375
168.0184891357753 234.0027524819108
168.49164039473678 233.05644996398786
168.49164039473678 232.34672307554564
168.7282160242175 231.4004205576226
168.7282160242175 230.45411803969967
168.7282160242175 229.5078155217767
168.7282160242175 228.79808863333454
168.7282160242175 227.61521048593082
168.7282160242175 226.90548359748863
168.7282160242175 226.19575670904638
168.7282160242175 225.4860298206042
168.7282160242175 224.77630293216188
168.7282160242175 223.83000041423895
168.49164039473678 222.64712226683525
168.49164039473678 221.93739537839303
168.25506476525604 221.22766848995076
168.0184891357753 220.5179416015086
167.54533787681376 219.57163908358564
167.07218661785242 218.86191219514342
166.59903535889083 218.15218530670117
166.12588409992938 217.44245841825898
165.88930847044864 216.73273152981676
165.41615721148716 215.78642901189374
164.7064303230449 215.07670212345158
163.9967034346027 214.60355086449005
163.2869765461605 213.65724834656712
162.57724965771823 213.18409708760566
161.86752276927604 212.71094582864418
161.15779588083385 212.2377945696827
160.44806899239157 212.2377945696827
159.73834210394938 212.00121894020197
159.0286152155072 212.00121894020197
158.3188883270649 211.76464331072123
157.60916143862272 211.76464331072123
155.95066885005488 211.67161118723956
154.75917649796844 212.46593942196387
153.96484826324416 213.6574317740503
152.77335591115775 214.45176000877453
151.58186355907134 215.24608824349883
150.39037120698492 215.643252360861
149.19887885489848 216.43758059558527
148.00738650281207 217.23190883030958
147.2130582680878 218.423401182396
146.02156591600144 218.82056529975807
144.83007356391494 218.82056529975807
143.6385812118285 218.82056529975807
142.44708885974208 218.82056529975807
141.25559650765567 218.82056529975807
140.06410415556923 218.82056529975807
138.8726118034828 218.82056529975807
137.6811194513964 218.02623706503385
137.6811194513964 216.8347447129474
137.6811194513964 215.643252360861
137.6811194513964 214.45176000877453
138.07828356875854 213.26026765668814
138.8726118034828 212.06877530460173
140.06410415556923 211.27444706987745
140.85843239029353 210.08295471779098
142.04992474237997 209.68579060042887
143.24141709446639 208.8914623657046
144.4329094465528 208.49429824834246
145.6244017986392 208.49429824834246
146.81589415072565 208.49429824834246
148.00738650281207 207.69997001361818
149.19887885489848 206.9056417788939
150.39037120698492 206.50847766153174
149.5655900362775 205.85025257370268
147.43640937095086 204.90395005577975
146.72668248250864 204.66737442629898
145.78037996458568 204.43079879681827
144.12435055822053 203.9576475378568
143.41462366977828 203.72107190837605
142.23174552237467 203.48449627889534
140.33914048652866 203.2479206494146
139.39283796860568 203.01134501993383
137.97338419172127 203.01134501993383
137.26365730327902 203.01134501993383
136.31735478535612 203.01134501993383
135.60762789691387 203.01134501993383
134.66132537899088 203.01134501993383
133.71502286106795 203.01134501993383
132.76872034314496 203.01134501993383
132.05899345470277 203.2479206494146
131.34926656626055 203.2479206494146
130.40296404833757 203.48449627889534
129.22008590093387 203.60278409363565
128.03720775353017 203.72107190837605
127.09090523560721 203.72107190837605
124.9617245702807 203.9576475378568
124.25199768183847 204.1942231673375
122.59596827547313 204.43079879681827
121.6496657575502 204.90395005577975
119.99363635118499 205.85025257370268
119.28390946274288 206.08682820318344
118.57418257430072 206.55997946214495
117.39130442689688 207.0331307211064
116.6815775384548 207.5062819800679
115.26212376157022 208.2160088685101
115.04276476175454 209.28862648306676
115.04276476175454 210.48011883515318
114.2484365270301 211.67161118723956
113.8512724096681 212.86310353932603
113.8512724096681 214.05459589141245
113.45410829230582 215.24608824349883
112.2626159402194 216.04041647822314
111.46828770549527 217.23190883030958
111.07112358813296 218.423401182396
110.27679535340886 219.61489353448238
109.08530300132242 220.40922176920668
108.29097476659797 221.60071412129312
107.09948241451156 222.39504235601734
107.21855235922501 222.883697896316
107.21855235922501 225.01287856164265
107.45512798870575 225.72260545008484
108.40143050662888 227.85178611541158
108.87458176559022 228.5615130038538
109.82088428351318 229.74439115125747
110.53061117195537 230.45411803969967
111.24033806039762 231.4004205576226
111.95006494883984 232.34672307554564
112.65979183728206 232.8198743345071
113.36951872572428 233.52960122294934
115.26212376157022 234.71247937035295
115.97185065001256 234.71247937035295
117.86445568585833 235.658781888276
118.81075820378129 235.89535751775668
120.23021198066573 235.89535751775668
120.60306240482436 236.29578646369228
121.39739063954872 235.1042941116059
121.39739063954872 233.91280175951948
121.39739063954872 232.721309407433
122.19171887427291 231.52981705534663
122.58888299163516 230.3383247032602
123.78037534372157 229.54399646853594
124.97186769580799 228.74966823381166
126.16336004789443 228.35250411644947
127.35485239998076 227.95533999908736
128.54634475206717 227.16101176436308
129.73783710415358 226.7638476470009
130.53216533887786 227.95533999908736
130.53216533887786 229.14683235117377
130.13500122151572 230.3383247032602
129.34067298679145 231.52981705534663
128.14918063470503 231.92698117270874
126.95768828261859 232.32414529007093
125.76619593053218 233.1184735247952
124.97186769580799 234.30996587688162
124.1775394610836 235.50145822896806
125.19830019976129 235.658781888276
125.90802708820351 235.658781888276
126.85432960612647 236.13193314723745
127.56405649456869 236.60508440619896
128.2737833830109 236.8416600356797
128.9835102714531 237.07823566516038
129.69323715989535 237.31481129464115
nb_points_on_contour: 148
308.3433358453761 235.869935379634
307.44984263008257 234.97644216434048
306.55634941478905 234.67861109257598
305.66285619949554 234.08294894904697
304.4715319124375 233.48728680551795
303.578038697144 233.18945573375345
302.386714410086 232.89162466198894
301.49322119479245 232.89162466198894
300.59972797949894 232.59379359022444
299.7062347642054 232.29596251845993
298.5149104771474 231.99813144669542
297.02575511832487 231.70030037493092
296.13226190303135 231.4024693031664
294.6431065442088 231.4024693031664
293.1539511853863 231.1046382314019
291.96262689832827 230.8068071596374
290.77130261127024 230.5089760878729
289.8778093959768 230.5089760878729
288.68648510891876 230.2111450161084
287.7929918936252 230.2111450161084
286.3038365348027 230.2111450161084
285.4103433195092 229.91331394434388
284.5168501042157 229.91331394434388
283.32552581715765 229.61548287257938
282.43203260186414 229.61548287257938
281.5385393865706 229.31765180081487
280.6450461712771 229.31765180081487
279.7515529559836 229.31765180081487
278.85805974069007 229.31765180081487
277.66673545363204 229.31765180081487
276.475411166574 229.61548287257938
275.284086879516 230.2111450161084
274.688424735987 231.1046382314019
273.79493152069347 231.99813144669542
273.19926937716446 232.89162466198894
272.60360723363544 233.78511787728246
272.30577616187094 234.67861109257598
271.4122829465775 235.5721043078695
271.1144518748129 236.465597523163
270.5187897312839 237.35909073845653
269.92312758775495 238.25258395375005
269.02963437246143 239.14607716904356
267.83831008540335 239.74173931257258
267.2426479418744 240.6352325278661
266.3491547265809 241.5287257431596
265.4556615112873 241.82655681492412
264.2643372242293 242.7200500302176
263.0730129371713 243.61354324551112
262.1795197218778 244.20920538904016
261.5838575783488 245.10269860433368
260.39253329129076 245.99619181962717
259.79687114776175 246.8896850349207
258.90337793246823 247.7831782502142
258.0098847171747 248.3788403937432
257.4142225736457 249.27233360903674
256.8185604301167 250.16582682433025
255.92506721482317 250.76148896785926
255.62723614305867 251.65498218315275
255.03157399952966 252.54847539844627
254.13808078423614 253.7397996855043
253.54241864070713 254.63329290079784
252.6489254254136 255.52678611609133
252.3510943536491 256.42027933138485
251.45760113835559 257.31377254667836
250.56410792306207 258.5050968337364
249.67061470776855 259.6964211207944
248.77712149247503 260.2920832643234
248.18145934894602 261.18557647961694
247.2879661336525 261.78123862314595
246.39447291835899 262.67473183843947
245.79881077482997 263.568225053733
245.20314863130096 264.4617182690265
244.60748648777195 265.35521148432
244.60748648777195 266.24870469961354
244.60748648777195 267.142197914907
244.60748648777195 268.0356911302006
244.60748648777195 268.92918434549404
244.60748648777195 269.8226775607876
244.9053175595365 270.71617077608107
244.9053175595365 271.60966399137465
245.50097970306547 272.5031572066681
246.39447291835899 273.3966504219617
247.2879661336525 273.9923125654907
248.18145934894602 274.5879747090197
249.07495256423954 275.1836368525487
249.96844577953306 275.48146792431316
251.15977006659108 275.48146792431316
252.3510943536491 275.48146792431316
253.24458756894262 275.48146792431316
254.13808078423614 275.48146792431316
255.62723614305867 275.48146792431316
256.8185604301167 275.48146792431316
258.3077157889392 275.48146792431316
259.20120900423274 275.48146792431316
260.0947022195262 275.48146792431316
260.9881954348198 275.1836368525487
262.1795197218778 274.29014363725514
263.0730129371713 273.9923125654907
263.9665061524648 273.69448149372613
264.85999936775835 273.3966504219617
265.75349258305187 273.0988193501971
266.6469857983453 273.0988193501971
267.83831008540335 272.80098827843267
268.7318033006969 272.80098827843267
269.92312758775495 272.80098827843267
270.8166208030484 272.5031572066681
271.7101140183419 272.5031572066681
272.9014383054 272.20532613490366
274.09276259245803 271.9074950631391
274.9862558077515 271.60966399137465
275.879749023045 271.3118329196101
277.07107331010303 271.01400184784563
278.26239759716105 270.4183397043166
279.4537218842191 269.8226775607876
280.6450461712771 269.2270154172586
281.5385393865706 268.333522201965
283.32552581715765 267.44002898667156
284.2190190324512 267.142197914907
285.1125122477447 266.54653577137805
286.60166760656716 265.35521148432
287.19732975009623 264.4617182690265
288.38865403715425 263.568225053733
289.8778093959768 262.37690076667496
290.77130261127024 261.18557647961694
291.6647958265638 260.58991433608793
293.1539511853863 259.1007589772654
294.3452754724443 258.2072657619719
294.9409376159733 257.31377254667836
296.4300929747959 256.12244825962034
297.3235861900894 255.52678611609133
298.21707940538295 254.33546182903333
299.7062347642054 252.54847539844627
300.0040658359699 251.65498218315275
300.89755905126344 250.76148896785926
301.49322119479245 249.86799575256575
302.386714410086 248.9745025372722
303.578038697144 247.4853471784497
304.4715319124375 246.8896850349207
304.769362984202 245.99619181962717
305.0671940559665 245.10269860433368
305.36502512773103 244.20920538904016
305.66285619949554 243.0178811019821
305.96068727126004 242.12438788668862
306.55634941478905 241.2308946713951
307.15201155831807 240.3374014561016
307.44984263008257 239.44390824080807
307.7476737018471 238.55041502551455
307.7476737018471 237.65692181022104
slice_number: 14
nb_points_on_contour: 153
305.36502512773103 237.35909073845653
304.173700840673 237.35909073845653
302.982376553615 237.35909073845653
302.0888833383215 237.35909073845653
300.89755905126344 237.35909073845653
300.0040658359699 237.35909073845653
298.5149104771474 237.35909073845653
297.6214172618539 237.35909073845653
296.13226190303135 237.35909073845653
295.2387686877379 237.35909073845653
293.74961332891536 237.06125966669202
292.85612011362184 236.76342859492752
291.3669647547993 236.1677664513985
289.8778093959768 235.869935379634
288.98431618068327 235.5721043078695
287.7929918936252 234.97644216434048
286.8994986783317 234.67861109257598
285.7081743912737 234.67861109257598
284.2190190324512 233.78511787728246
283.32552581715765 233.48728680551795
282.13420153009963 233.18945573375345
280.6450461712771 232.89162466198894
279.1558908124546 232.29596251845993
277.66673545363204 231.99813144669542
276.7732422383385 231.70030037493092
275.879749023045 231.4024693031664
274.9862558077515 231.4024693031664
273.79493152069347 231.1046382314019
272.60360723363544 231.1046382314019
271.4122829465775 231.1046382314019
270.22095865951945 231.4024693031664
269.02963437246143 231.99813144669542
268.13614115716786 232.29596251845993
266.6469857983453 232.89162466198894
265.75349258305187 233.78511787728246
264.85999936775835 234.38078002081147
263.6686750807003 235.274273236105
262.77518186540675 235.5721043078695
261.2860265065842 236.465597523163
260.39253329129076 237.35909073845653
259.49904007599724 237.95475288198554
258.3077157889392 238.84824609727906
257.4142225736457 239.44390824080807
256.5207293583522 240.3374014561016
255.62723614305867 240.9330635996306
254.73374292776515 241.5287257431596
253.84024971247163 242.4222189584531
252.94675649717811 243.0178811019821
252.3510943536491 243.91137431727563
251.7554322101201 244.80486753256918
250.56410792306207 245.69836074786267
250.26627685129756 246.59185396315618
249.37278363600404 247.4853471784497
248.77712149247503 248.3788403937432
247.88362827718151 249.57016468080124
246.990135061888 250.16582682433025
246.39447291835899 251.05932003962374
245.50097970306547 251.95281325491726
244.60748648777195 252.84630647021078
244.01182434424294 253.7397996855043
243.41616220071398 254.63329290079784
243.11833112894942 255.52678611609133
243.11833112894942 256.42027933138485
243.11833112894942 257.61160361844287
243.11833112894942 258.5050968337364
243.41616220071398 259.3985900490299
243.7139932724785 260.2920832643234
244.01182434424294 261.48340755138145
244.30965541600744 262.37690076667496
244.60748648777195 263.2703939819685
244.60748648777195 264.16388719726194
244.60748648777195 265.0573804125555
244.60748648777195 265.95087362784903
245.20314863130096 266.84436684314255
245.50097970306547 267.737860058436
245.50097970306547 268.6313532737296
245.79881077482997 269.5248464890231
246.990135061888 270.4183397043166
247.88362827718151 271.3118329196101
248.47929042071053 272.20532613490366
249.37278363600404 272.80098827843267
250.26627685129756 273.3966504219617
251.15977006659108 273.69448149372613
252.3510943536491 274.29014363725514
253.24458756894262 274.5879747090197
254.13808078423614 275.1836368525487
255.03157399952966 275.1836368525487
255.92506721482317 275.48146792431316
257.4142225736457 275.48146792431316
258.60554686070367 275.48146792431316
259.79687114776175 275.48146792431316
260.69036436305527 275.48146792431316
261.5838575783488 275.48146792431316
262.4773507936423 275.1836368525487
263.3708440089358 275.1836368525487
264.2643372242293 275.1836368525487
265.4556615112873 275.1836368525487
266.3491547265809 274.88580578078415
267.2426479418744 274.88580578078415
268.43397222893236 274.88580578078415
269.3274654442259 274.88580578078415
270.22095865951945 274.88580578078415
271.4122829465775 274.5879747090197
272.9014383054 274.5879747090197
273.79493152069347 274.5879747090197
274.688424735987 274.5879747090197
275.5819179512805 274.5879747090197
276.475411166574 274.5879747090197
277.36890438186754 274.29014363725514
278.26239759716105 273.9923125654907
279.1558908124546 273.3966504219617
280.0493840277481 272.80098827843267
281.2407083148061 272.20532613490366
282.13420153009963 271.60966399137465
283.02769474539315 271.3118329196101
283.92118796068667 271.01400184784563
284.8146811759802 270.12050863255206
285.7081743912737 269.5248464890231
286.8994986783317 268.92918434549404
287.7929918936252 268.333522201965
288.68648510891876 267.737860058436
289.5799783242123 267.142197914907
290.47347153950574 266.24870469961354
291.6647958265638 265.95087362784903
292.55828904185734 265.35521148432
294.04744440067986 264.4617182690265
295.2387686877379 263.8660561254975
296.13226190303135 262.972562910204
297.02575511832487 262.37690076667496
298.21707940538295 261.78123862314595
299.1105726206764 260.88774540785244
300.0040658359699 260.58991433608793
300.89755905126344 259.3985900490299
302.6845454818505 258.2072657619719
303.2802076253795 257.31377254667836
304.4715319124375 256.42027933138485
304.769362984202 255.52678611609133
305.0671940559665 254.63329290079784
305.36502512773103 253.7397996855043
305.66285619949554 252.84630647021078
305.96068727126004 251.65498218315275
306.25851834302455 250.46365789609476
307.15201155831807 249.27233360903674
307.44984263008257 248.3788403937432
307.44984263008257 247.1875161066852
307.44984263008257 246.29402289139168
307.44984263008257 245.10269860433368
307.44984263008257 244.20920538904016
307.44984263008257 242.4222189584531
307.44984263008257 241.5287257431596
306.85418048655356 240.6352325278661
305.66285619949554 239.44390824080807
304.769362984202 238.84824609727906
nb_points_on_contour: 136
135.60131422196307 241.82655681492412
136.79263850902106 242.12438788668862
137.6861317243146 242.12438788668862
138.8774560113726 242.12438788668862
139.77094922666615 242.4222189584531
140.66444244195964 242.7200500302176
141.85576672901766 243.0178811019821
143.04709101607568 243.31571217374662
143.9405842313692 243.31571217374662
144.83407744666272 243.31571217374662
145.72757066195624 243.31571217374662
146.62106387724972 243.61354324551112
147.51455709254327 243.61354324551112
148.4080503078368 243.91137431727563
149.59937459489478 243.91137431727563
150.49286781018833 243.91137431727563
151.38636102548185 243.91137431727563
152.27985424077534 243.91137431727563
153.17334745606885 243.91137431727563
154.0668406713624 243.91137431727563
154.9603338866559 243.91137431727563
155.8538271019494 243.91137431727563
156.74732031724295 243.91137431727563
157.64081353253644 243.91137431727563
158.53430674782996 243.91137431727563
159.42779996312345 243.91137431727563
160.321293178417 243.31571217374662
161.2147863937105 242.12438788668862
161.81044853723952 241.2308946713951
162.70394175253304 240.3374014561016
163.00177282429755 239.44390824080807
163.59743496782653 238.55041502551455
163.89526603959106 237.65692181022104
164.49092818312005 236.76342859492752
164.78875925488455 235.869935379634
165.3844213984136 234.97644216434048
165.6822524701781 234.08294894904697
165.6822524701781 233.18945573375345
165.6822524701781 232.29596251845993
165.6822524701781 231.4024693031664
165.6822524701781 230.5089760878729
165.6822524701781 229.61548287257938
165.08659032664906 228.12632751375685
164.78875925488455 227.23283429846333
164.49092818312005 226.0415100114053
163.89526603959106 224.8501857243473
163.29960389606202 223.9566925090538
162.70394175253304 223.06319929376025
161.81044853723952 222.46753715023124
160.91695532194603 221.87187500670225
160.0234621066525 221.27621286317324
159.12996889135897 220.68055071964423
158.23647567606548 220.08488857611522
157.34298246077194 219.4892264325862
156.44948924547842 219.19139536082173
155.55599603018493 218.89356428905722
154.66250281489138 218.5957332172927
153.76900959959787 218.00007107376368
152.57768531253987 217.40440893023467
151.68419209724635 217.10657785847016
150.49286781018833 216.51091571494115
149.30154352313028 216.21308464317664
148.11021923607225 215.91525357141217
147.21672602077876 215.91525357141217
146.32323280548525 215.61742249964766
145.4297395901917 215.31959142788315
144.5362463748982 215.02176035611865
143.6427531596047 214.42609821258964
142.74925994431118 213.83043606906062
141.85576672901766 213.5326049972961
140.96227351372414 212.9369428537671
139.77094922666615 212.6391117820026
138.5796249396081 212.0434496384736
137.38830065255007 211.74561856670908
136.19697636549208 211.44778749494458
135.00565207843405 211.14995642318007
133.51649671961152 211.14995642318007
132.623003504318 210.85212535141557
131.43167921725998 210.85212535141557
130.53818600196647 210.85212535141557
129.64469278667295 210.85212535141557
128.75119957137943 210.85212535141557
127.85770635608591 210.85212535141557
126.66638206902789 210.85212535141557
125.7728888537344 210.85212535141557
124.58156456667635 210.85212535141557
123.68807135138286 210.85212535141557
122.49674706432484 210.85212535141557
121.60325384903132 210.85212535141557
120.70976063373777 210.85212535141557
119.51843634667978 210.85212535141557
118.32711205962175 210.85212535141557
117.13578777256373 210.85212535141557
115.94446348550571 211.14995642318007
115.05097027021219 211.14995642318007
114.15747705491867 211.14995642318007
113.26398383962515 211.44778749494458
112.37049062433167 211.74561856670908
111.47699740903812 212.6391117820026
110.88133526550911 213.5326049972961
110.58350419374463 214.42609821258964
110.28567312198012 215.31959142788315
109.98784205021559 216.21308464317664
109.69001097845111 217.10657785847016
109.69001097845111 218.00007107376368
110.28567312198012 219.4892264325862
110.28567312198012 220.38271964787972
110.88133526550911 221.57404393493775
111.17916633727364 222.46753715023124
111.77482848080265 223.36103036552475
112.66832169609614 224.2545235808183
113.56181491138966 225.1480167961118
114.4553081266832 226.3393410831698
115.3488013419767 226.63717215493432
116.24229455727021 227.53066537022784
117.43361884432824 228.12632751375685
118.32711205962175 228.72198965728586
119.51843634667978 229.31765180081487
120.4119295619733 229.91331394434388
121.30542277726678 230.2111450161084
122.19891599256033 230.5089760878729
123.09240920785385 231.1046382314019
123.98590242314734 231.70030037493092
125.17722671020539 232.29596251845993
126.07071992549888 232.59379359022444
126.9642131407924 232.89162466198894
127.85770635608591 233.18945573375345
128.75119957137943 233.18945573375345
129.94252385843745 233.78511787728246
130.83601707373097 234.08294894904697
131.7295102890245 234.38078002081147
132.623003504318 235.274273236105
133.51649671961152 235.869935379634
134.40998993490504 236.465597523163
135.00565207843405 237.35909073845653
135.89914529372757 237.95475288198554
slice_number: 16
nb_points_on_contour: 144
295.53659975950234 237.95475288198554
294.3452754724443 237.65692181022098
292.85612011362184 237.65692181022098
291.0691336830348 237.65692181022098
289.57997832421233 237.65692181022098
288.68648510891876 237.95475288198554
287.49516082186074 238.25258395375005
286.00600546303815 238.848246097279
285.1125122477447 239.14607716904356
283.32552581715765 239.44390824080807
282.13420153009963 240.3374014561016
280.64504617127704 240.6352325278661
279.1558908124546 241.2308946713951
277.36890438186754 241.8265568149241
275.28408687951605 242.42221895845302
273.497100448929 243.0178811019821
271.4122829465774 243.61354324551112
269.32746544422594 244.20920538904014
267.24264794187445 244.80486753256918
265.4556615112873 245.40052967609813
263.9665061524647 245.6983607478626
262.1795197218778 245.99619181962717
260.6903643630553 245.99619181962717
259.20120900423274 245.99619181962717
258.0098847171747 246.29402289139168
257.11639150188114 246.29402289139168
256.2228982865877 246.29402289139168
255.32940507129413 246.29402289139168
254.43591185600067 246.29402289139168
253.54241864070715 246.59185396315615
252.64892542541364 246.8896850349207
251.1597700665911 247.1875161066852
249.96844577953308 247.78317825021415
249.07495256423957 248.08100932197863
248.181459348946 248.3788403937432
247.28796613365265 248.97450253727217
245.79881077483012 249.57016468080124
244.90531755953654 249.86799575256572
243.71399327247852 250.16582682433017
242.224837913656 250.76148896785926
240.7356825548334 251.3571511113882
239.24652719601104 251.95281325491726
238.05520290895302 252.54847539844621
237.1617096936594 253.14413754197528
236.26821647836582 254.0376307572688
235.9703854066013 254.93112397256235
235.37472326307235 255.82461718785578
235.07689219130785 256.71811040314935
234.48123004777884 257.9094346902074
234.48123004777884 258.80292790550084
234.48123004777884 259.6964211207944
234.48123004777884 261.1855764796169
234.48123004777884 262.07906969491046
234.48123004777884 263.2703939819685
234.48123004777884 264.16388719726194
234.48123004777884 265.35521148432
234.7790611195433 266.24870469961354
235.37472326307235 267.44002898667156
235.78065643984516 268.4660799700257
236.1778205572073 269.6575723221122
236.5749846745695 270.8490646741986
236.97214879193163 272.040557026285
238.163641144018 272.8348852610093
239.35513349610446 273.62921349573355
240.54662584819087 274.4235417304578
241.73811820027728 274.82070584782
242.9296105523637 275.6150340825443
244.12110290445017 275.6150340825443
245.31259525653653 275.6150340825443
246.504087608623 275.6150340825443
247.6955799607094 275.6150340825443
248.88707231279582 275.6150340825443
250.07856466488224 275.6150340825443
251.27005701696865 275.6150340825443
252.46154936905506 275.6150340825443
253.65304172114153 275.6150340825443
254.84453407322795 275.6150340825443
256.0360264253144 275.6150340825443
257.22751877740086 275.6150340825443
258.4190111294872 275.6150340825443
259.6105034815737 275.6150340825443
260.80199583366004 275.6150340825443
261.9934881857465 275.6150340825443
263.18498053783287 275.2178699651821
264.37647288991934 275.2178699651821
265.5679652420057 275.2178699651821
266.75945759409217 275.2178699651821
267.9509499461785 275.2178699651821
269.142442298265 274.82070584782
270.33393465035147 274.4235417304578
271.5254270024378 274.4235417304578
272.7169193545243 274.4235417304578
273.90841170661076 274.4235417304578
275.0999040586971 274.4235417304578
276.2913964107836 274.4235417304578
277.48288876286995 274.4235417304578
278.6743811149564 274.4235417304578
279.8658734670428 273.62921349573355
280.66020170176705 272.43772114364714
281.45452993649144 271.2462287915607
282.6460222885778 270.45190055683645
283.83751464066427 270.05473643947425
285.0290069927506 269.6575723221122
286.2204993448371 269.26040820475
287.01482757956137 268.0689158526636
288.2063199316477 266.87742350057715
289.3978122837342 266.0830952658529
290.1921405184585 264.8916029137664
291.38363287054494 264.8916029137664
292.1779611052691 263.70011056168005
293.3694534573556 263.30294644431785
294.56094580944205 262.5086182095936
295.3552740441663 261.3171258575072
296.5467663962528 260.52279762278295
297.73825874833915 259.72846938805867
298.9297511004256 259.3313052706965
300.121243452512 258.5369770359722
301.31273580459845 257.7426488012479
302.1070640393227 256.5511564491615
302.901392274047 255.35966409707507
304.09288462613347 254.56533586235076
304.88721286085763 253.37384351026438
305.681541095582 252.18235115817797
306.8730334476684 251.3880229234537
308.06452579975485 250.5936946887294
309.2560181518412 250.19653057136722
308.8588540344791 249.00503821928083
308.8588540344791 247.81354586719442
308.8588540344791 246.62205351510795
308.8588540344791 245.43056116302157
308.8588540344791 244.23906881093515
308.8588540344791 243.0475764588487
308.4616899171169 241.8560841067623
308.06452579975485 240.66459175467583
307.66736168239265 239.47309940258944
306.8730334476684 238.28160705050303
305.681541095582 238.28160705050303
304.49004874349555 237.48727881577875
303.2985563914091 237.09011469841656
302.1070640393227 236.69295058105448
300.91557168723625 236.69295058105448
299.7240793351498 237.09011469841656
298.5325869830634 237.48727881577875
297.73825874833915 238.67877116786516
slice_number: 17
nb_points_on_contour: 57
277.08572464550775 269.26040820475
276.2913964107836 268.0689158526636
275.4970681760592 266.87742350057715
274.30557582397284 266.0830952658529
273.1140834718864 264.89160291376646
272.3197552371621 263.70011056168005
271.5254270024378 262.5086182095936
270.33393465035147 260.9199617401451
269.142442298265 259.72846938805867
267.9509499461785 258.5369770359722
266.75945759409217 257.34548468388584
265.5679652420057 256.5511564491615
264.37647288991934 255.35966409707507
263.58214465519507 254.16817174498865
262.3906523031086 253.37384351026438
261.5963240683843 252.18235115817797
260.80199583366004 250.99085880609152
260.40483171629785 249.7993664540051
259.6105034815737 248.60787410191867
259.6105034815737 247.41638174983225
259.6105034815737 246.22488939774584
260.00766759893577 245.0333970456594
261.19915995102224 243.84190469357299
262.3906523031086 243.84190469357299
263.58214465519507 243.44474057621088
264.7736370072814 243.44474057621088
265.9651293593679 243.44474057621088
267.15662171145436 243.84190469357299
268.3481140635407 244.6362329282973
269.5396064156272 244.6362329282973
270.73109876771355 244.6362329282973
271.5254270024378 245.8277252803837
272.7169193545243 245.8277252803837
273.90841170661076 246.22488939774584
275.0999040586971 247.41638174983225
276.2913964107836 248.60787410191867
277.08572464550775 249.7993664540051
278.2772169975942 250.5936946887294
278.2772169975942 251.78518704081583
279.0715452323185 252.9766793929022
279.4687093496807 254.16817174498865
279.8658734670428 255.35966409707507
279.8658734670428 256.5511564491615
280.26303758440497 257.7426488012479
280.26303758440497 258.93414115333434
280.66020170176705 260.12563350542075
280.66020170176705 261.3171258575072
281.05736581912925 262.5086182095936
281.05736581912925 263.70011056168005
281.05736581912925 264.89160291376646
281.45452993649144 266.0830952658529
281.45452993649144 267.27458761793935
280.66020170176705 268.4660799700257
279.4687093496807 268.8632440873879
278.2772169975942 268.8632440873879
277.08572464550775 268.8632440873879
275.8942322934214 268.8632440873879
slice_number: 18
nb_points_on_contour: 60
287.01482757956137 259.3313052706965
287.01482757956137 258.13981291861006
286.2204993448371 256.94832056652365
285.4261711101128 255.75682821443723
285.0290069927506 254.5653358623508
284.23467875802635 253.37384351026438
283.4403505233021 252.18235115817797
282.6460222885778 250.99085880609152
282.2488581712156 249.7993664540051
281.05736581912925 249.402202336643
279.4687093496807 248.21070998455656
278.2772169975942 247.41638174983225
277.08572464550775 246.62205351510798
275.8942322934214 245.43056116302157
274.7027399413349 244.6362329282973
273.51124758924857 244.23906881093515
272.3197552371621 244.23906881093515
271.12826288507574 244.23906881093515
269.93677053298927 245.43056116302157
269.142442298265 246.62205351510798
268.7452781809029 247.81354586719442
268.7452781809029 249.00503821928083
268.7452781809029 250.19653057136725
268.7452781809029 251.3880229234537
269.142442298265 252.5795152755401
269.93677053298927 253.77100762762655
271.12826288507574 254.5653358623508
271.9225911198 255.75682821443723
272.3197552371621 256.94832056652365
273.51124758924857 258.13981291861006
273.90841170661076 259.3313052706965
275.0999040586971 260.12563350542075
275.8942322934214 261.3171258575072
277.08572464550775 262.5086182095936
277.48288876286995 263.70011056168005
277.48288876286995 264.89160291376646
277.48288876286995 266.0830952658529
277.48288876286995 267.27458761793935
277.48288876286995 268.8632440873879
277.08572464550775 270.05473643947425
276.2913964107836 271.2462287915607
275.4970681760592 272.43772114364714
275.8942322934214 273.62921349573355
277.48288876286995 274.4235417304578
278.6743811149564 274.82070584782
279.8658734670428 274.82070584782
281.05736581912925 273.62921349573355
282.2488581712156 272.8348852610093
282.6460222885778 271.64339290892286
283.4403505233021 270.45190055683645
285.0290069927506 269.26040820475
286.2204993448371 268.0689158526636
287.01482757956137 266.87742350057715
287.01482757956137 265.68593114849074
287.01482757956137 264.4944387964043
287.01482757956137 263.30294644431785
287.01482757956137 262.1114540922315
287.01482757956137 260.9199617401451
287.01482757956137 259.72846938805867
286.6176634621992 258.5369770359722
slice_number: 19
nb_points_on_contour: 114
286.6176634621992 256.5511564491615
285.4261711101128 257.34548468388584
283.83751464066427 257.7426488012479
282.6460222885778 258.13981291861
281.45452993649144 258.13981291861
280.26303758440497 258.5369770359722
279.0715452323185 258.9341411533343
277.88005288023214 258.9341411533343
276.6885605281457 258.9341411533343
275.4970681760592 258.9341411533343
274.30557582397284 259.3313052706965
273.1140834718864 259.72846938805867
271.9225911198 260.12563350542075
270.73109876771355 260.52279762278295
269.142442298265 261.3171258575072
267.9509499461785 262.1114540922315
266.75945759409217 262.5086182095936
265.9651293593679 263.70011056168005
264.7736370072814 264.4944387964043
263.58214465519507 265.68593114849074
262.3906523031086 266.87742350057715
262.3906523031086 268.0689158526636
262.3906523031086 269.26040820475
262.3906523031086 270.45190055683645
263.58214465519507 271.2462287915607
264.7736370072814 271.2462287915607
265.9651293593679 271.2462287915607
267.15662171145436 271.2462287915607
267.9509499461785 270.05473643947425
269.142442298265 269.6575723221122
270.33393465035147 269.26040820475
271.5254270024378 268.8632440873879
272.3197552371621 267.6717517353014
273.51124758924857 267.27458761793935
274.7027399413349 266.48025938321507
275.8942322934214 266.0830952658529
277.08572464550775 265.2887670311286
278.2772169975942 264.8916029137664
279.4687093496807 264.4944387964043
280.66020170176705 263.70011056168005
281.8516940538535 262.9057823269558
283.0431864059399 262.1114540922315
284.23467875802635 261.71428997486936
285.8233352274749 260.9199617401451
287.01482757956137 260.12563350542075
288.2063199316477 259.3313052706965
289.3978122837342 258.9341411533343
290.58930463582067 258.5369770359722
291.780796987907 258.13981291861
292.9722893399935 258.13981291861
294.16378169207985 257.7426488012479
295.3552740441663 257.7426488012479
296.5467663962528 257.34548468388584
297.73825874833915 256.94832056652365
298.9297511004256 255.75682821443723
300.121243452512 254.96249997971296
301.31273580459845 254.16817174498865
302.1070640393227 252.97667939290218
302.901392274047 251.7851870408158
302.901392274047 250.5936946887294
302.901392274047 249.402202336643
302.901392274047 248.21070998455656
302.5042281566848 247.01921763247014
300.91557168723625 246.22488939774584
299.7240793351498 246.22488939774584
298.5325869830634 246.22488939774584
297.34109463097695 246.22488939774584
296.1496022788906 246.22488939774584
294.9581099268041 245.8277252803837
293.76661757471777 245.43056116302157
292.9722893399935 244.23906881093515
292.5751252226313 243.0475764588487
292.1779611052691 241.8560841067623
290.98646875318275 240.66459175467585
290.1921405184585 239.47309940258944
289.3978122837342 237.8844429331409
288.6034840490099 236.2957864636923
287.41199169692345 235.1042941116059
287.01482757956137 233.91280175951948
285.8233352274749 232.72130940743304
285.4261711101128 231.52981705534663
284.63184287538843 230.3383247032602
283.4403505233021 229.54399646853594
282.2488581712156 228.74966823381166
281.05736581912925 227.95533999908736
279.8658734670428 227.55817588172522
278.6743811149564 227.16101176436308
277.48288876286995 227.16101176436308
276.2913964107836 227.16101176436308
275.0999040586971 227.95533999908736
274.30557582397284 229.14683235117377
273.51124758924857 230.3383247032602
273.1140834718864 231.52981705534663
273.1140834718864 232.72130940743304
273.1140834718864 233.91280175951948
273.1140834718864 235.1042941116059
273.1140834718864 236.2957864636923
273.51124758924857 237.48727881577875
274.7027399413349 238.67877116786516
275.4970681760592 239.8702635199516
275.8942322934214 241.06175587203802
277.08572464550775 242.25324822412443
277.88005288023214 243.44474057621088
279.0715452323185 244.6362329282973
279.8658734670428 245.8277252803837
281.05736581912925 246.62205351510798
282.2488581712156 247.81354586719442
283.4403505233021 248.60787410191867
284.23467875802635 249.7993664540051
285.4261711101128 250.5936946887294
286.2204993448371 251.78518704081583
286.6176634621992 252.9766793929022
286.6176634621992 254.16817174498865
286.6176634621992 255.35966409707507
slice_number: 20
nb_points_on_contour: 115
294.56094580944205 235.89862234633017
292.9722893399935 235.1042941116059
291.38363287054494 234.70712999424376
290.1921405184585 234.70712999424376
289.3978122837342 235.89862234633017
288.6034840490099 237.48727881577875
287.41199169692345 238.67877116786516
286.6176634621992 239.8702635199516
286.2204993448371 241.06175587203802
285.8233352274749 242.2532482241244
285.4261711101128 243.44474057621088
284.23467875802635 243.84190469357299
283.0431864059399 245.03339704565937
281.8516940538535 245.43056116302157
280.66020170176705 246.22488939774584
280.26303758440497 247.41638174983225
280.26303758440497 248.60787410191864
280.26303758440497 249.7993664540051
280.66020170176705 250.9908588060915
280.66020170176705 252.18235115817797
280.66020170176705 253.37384351026438
279.0715452323185 254.16817174498865
277.88005288023214 254.56533586235076
275.8942322934214 255.35966409707507
274.7027399413349 255.75682821443723
273.51124758924857 256.1539923317994
271.5254270024378 257.34548468388584
270.33393465035147 257.34548468388584
268.7452781809029 258.13981291861
267.55378582881644 258.9341411533343
266.3622934767301 259.3313052706965
265.5679652420057 260.52279762278295
265.5679652420057 261.71428997486936
265.5679652420057 262.9057823269558
266.3622934767301 264.09727467904213
267.15662171145436 265.2887670311286
268.3481140635407 266.0830952658529
269.5396064156272 267.27458761793935
270.73109876771355 267.6717517353014
271.9225911198 267.6717517353014
273.1140834718864 267.6717517353014
274.7027399413349 267.6717517353014
275.8942322934214 267.6717517353014
277.08572464550775 267.6717517353014
278.2772169975942 267.6717517353014
279.4687093496807 267.6717517353014
281.05736581912925 267.6717517353014
282.2488581712156 266.87742350057715
283.4403505233021 266.48025938321507
284.63184287538843 265.68593114849074
285.8233352274749 264.8916029137664
287.01482757956137 264.4944387964043
288.6034840490099 263.70011056168005
290.1921405184585 262.9057823269558
291.780796987907 262.1114540922315
292.9722893399935 261.71428997486936
294.16378169207985 260.52279762278295
295.7524381615284 259.3313052706965
296.9439305136149 257.7426488012479
298.13542286570134 256.5511564491615
299.3269152177877 255.75682821443723
300.51840756987417 254.96249997971296
301.7098999219605 254.16817174498865
302.901392274047 252.97667939290218
304.09288462613347 251.7851870408158
304.88721286085763 250.5936946887294
306.0787052129441 249.402202336643
306.8730334476684 248.21070998455656
307.66736168239265 247.01921763247014
308.8588540344791 246.22488939774584
309.6531822692034 245.03339704565937
310.4475105039277 243.84190469357299
311.63900285601403 242.2532482241244
312.0361669733762 241.06175587203802
313.2276593254627 239.8702635199516
313.6248234428248 238.67877116786516
314.02198756018686 237.48727881577875
314.41915167754905 236.29578646369228
315.2134799122733 235.1042941116059
315.6106440296355 233.91280175951948
316.4049722643598 232.721309407433
317.1993004990841 231.13265293798452
317.99362873380835 229.94116058589807
318.39079285117043 228.74966823381166
318.7879569685326 227.5581758817252
318.7879569685326 225.96951941227667
319.1851210858947 224.77802706019023
319.1851210858947 223.5865347081038
319.1851210858947 222.39504235601734
318.7879569685326 221.20355000393096
317.59646461644616 220.40922176920668
316.4049722643598 219.21772941712027
315.2134799122733 218.423401182396
314.02198756018686 218.02623706503385
312.8304952081005 218.02623706503385
311.63900285601403 218.423401182396
310.4475105039277 218.82056529975807
309.2560181518412 219.21772941712027
308.06452579975485 220.40922176920668
307.27019756503046 221.60071412129312
306.4758693303063 222.79220647337954
305.681541095582 223.98369882546592
305.2843769782198 225.5723552949145
305.2843769782198 226.7638476470009
305.2843769782198 227.95533999908736
305.2843769782198 229.14683235117377
304.49004874349555 230.3383247032602
303.2985563914091 231.52981705534663
302.5042281566848 232.721309407433
300.91557168723625 233.91280175951948
299.7240793351498 235.1042941116059
298.5325869830634 237.09011469841658
297.34109463097695 237.09011469841658
296.1496022788906 237.09011469841658
294.9581099268041 237.09011469841658
