Study: 1.2.840.113704.1.111.8152.1084978602.1
Series: 1.2.840.113704.1.111.8152.1084978871.7
SpacingX: 0.744140625
SpacingY: 0.744140625
SpacingZ: 10.0

label: ground_glass
localisation: basal
slice_number: 14
nb_points_on_contour: 184
319.90621909091635 191.4018025227003
319.90621909091635 192.59329487478675
320.30338320827855 193.78478722687316
320.7005473256406 194.97627957895958
321.0977114430027 196.167771931046
321.4948755603649 197.3592642831324
321.8920396777271 198.55075663521882
321.8920396777271 199.7422489873053
321.8920396777271 200.9337413393917
321.8920396777271 202.12523369147812
321.8920396777271 203.31672604356453
321.0977114430027 204.50821839565094
320.7005473256406 205.69971074773738
319.90621909091635 206.8912030998238
319.50905497355427 208.08269545191024
319.1118908561921 209.27418780399665
318.7147267388299 210.46568015608307
318.3175626214678 211.65717250816948
318.3175626214678 212.84866486025592
317.9203985041057 214.04015721234234
317.5232343867435 215.62881368179092
317.12607026938133 217.21747015123947
316.72890615201925 218.40896250332588
316.72890615201925 219.6004548554123
315.934577917295 220.79194720749874
315.1402496825707 221.98343955958515
314.3459214478464 223.1749319116716
313.15442909575995 224.366424263758
312.3601008610357 225.55791661584442
311.1686085089492 226.74940896793083
309.97711615686285 227.5437372026551
308.7856238047764 228.3380654373794
307.59413145269 229.52955778946583
306.40263910060355 229.926721906828
305.2111467485172 229.926721906828
304.0196543964307 229.926721906828
302.82816204434437 229.52955778946583
302.03383380962 228.3380654373794
300.8423414575336 227.5437372026551
300.04801322280935 226.3522448505687
299.25368498808507 225.16075249848228
298.4593567533608 223.57209602903373
297.2678644012743 222.77776779430945
296.47353616655005 221.586275442223
295.2820438144637 220.3947830901366
294.0905514623772 219.99761897277443
293.29622322765294 218.80612662068802
292.1047308755665 218.01179838596374
291.3104026408422 216.82030603387733
290.11891028875584 216.02597779915305
288.92741793666937 215.23164956442875
288.1330897019451 214.04015721234234
287.3387614672208 212.84866486025592
286.14726911513446 211.65717250816948
285.3529408804101 210.46568015608307
284.1614485283237 210.06851603872093
282.96995617623725 209.27418780399665
281.7784638241508 207.68553133454807
280.5869714720644 207.68553133454807
279.39547911997795 207.68553133454807
278.2039867678916 206.8912030998238
277.0124944158051 206.49403898246166
275.82100206371877 206.09687486509952
274.6295097116323 205.69971074773738
273.43801735954594 205.69971074773738
272.24652500745947 205.69971074773738
271.0550326553731 205.69971074773738
269.86354030328664 205.69971074773738
268.67204795120017 205.69971074773738
267.4805555991138 205.69971074773738
266.28906324702734 205.69971074773738
265.0975708949409 205.69971074773738
263.9060785428545 204.90538251301308
262.71458619076805 204.1110542782888
261.5230938386816 203.31672604356453
260.7287656039574 202.12523369147812
259.53727325187094 200.9337413393917
258.74294501714667 199.7422489873053
257.5514526650602 198.55075663521882
256.35996031297384 197.75642840049454
255.96279619561167 196.56493604840813
255.96279619561167 195.37344369632171
255.96279619561167 194.1819513442353
255.96279619561167 192.9904589921489
256.7571244303359 191.79896664006245
257.9486167824224 191.00463840533814
258.3457808997846 189.81314605325173
259.53727325187094 188.62165370116531
260.7287656039574 187.82732546644104
262.31742207340596 186.63583311435463
263.11175030813024 185.4443407622682
264.3032426602166 184.6500125275439
265.49473501230307 183.85568429281963
266.6862273643894 183.06135605809536
267.8777197164759 181.8698637060089
268.2748838338381 180.6783713539225
268.67204795120017 179.4868790018361
269.86354030328664 178.6925507671118
271.0550326553731 177.50105841502537
271.8493608900973 176.30956606293896
271.8493608900973 175.11807371085254
272.24652500745947 173.9265813587661
272.24652500745947 172.33792488931755
272.64368912482155 170.749268419869
272.64368912482155 169.55777606778256
272.64368912482155 168.36628371569614
272.64368912482155 166.77762724624756
272.64368912482155 165.58613489416115
272.64368912482155 163.60031430735046
272.64368912482155 162.40882195526405
273.04085324218374 161.2173296031776
273.04085324218374 160.0258372510912
273.04085324218374 158.4371807816426
273.04085324218374 157.2456884295562
273.04085324218374 156.05419607746978
271.8493608900973 154.86270372538334
270.6578685380109 153.2740472559348
269.46637618592445 152.08255490384835
268.2748838338381 150.4938984343998
267.8777197164759 149.30240608231338
267.4805555991138 148.11091373022697
267.4805555991138 145.72792902605408
267.4805555991138 144.53643667396767
267.4805555991138 143.34494432188126
267.4805555991138 142.15345196979484
268.2748838338381 139.37330314825985
269.46637618592445 137.78464667881127
270.6578685380109 135.40166197463844
271.4521967727352 134.21016962255203
272.24652500745947 133.01867727046562
274.6295097116323 130.63569256629273
276.21816618108085 129.44420021420632
277.8068226505294 128.64987197948204
279.39547911997795 127.85554374475777
280.5869714720644 127.45837962739563
282.57279205887517 127.45837962739563
284.5586126456858 127.06121551003349
285.75010499777227 127.06121551003349
287.7359255845829 127.06121551003349
289.32458205403145 127.06121551003349
292.89905911029075 127.06121551003349
294.4877155797393 127.06121551003349
296.87070028391213 127.06121551003349
298.4593567533608 127.45837962739563
299.65084910544715 128.64987197948204
299.65084910544715 129.84136433156846
300.04801322280935 131.82718491837917
300.04801322280935 133.41584138782775
300.4451773401714 134.60733373991417
300.4451773401714 136.19599020936272
300.8423414575336 137.78464667881127
301.2395055748957 139.770467265622
301.6366696922579 140.96195961770843
302.03383380962 142.55061608715698
302.4309979269822 143.7421084392434
302.82816204434437 144.9336007913298
303.62249027906864 146.12509314341622
304.4168185137928 148.11091373022697
305.2111467485172 150.4938984343998
306.00547498324147 151.6853907864862
307.9912955700521 154.86270372538334
309.1827879221386 157.64285254691833
311.1686085089492 160.0258372510912
311.9629367436735 161.61449372053974
313.9487573304842 164.39464254207473
315.1402496825707 165.58613489416115
315.1402496825707 166.77762724624756
315.5374137999328 169.16061195042042
315.5374137999328 172.33792488931755
315.5374137999328 173.52941724140396
315.5374137999328 175.91240194557682
315.5374137999328 178.6925507671118
315.5374137999328 181.8698637060089
315.5374137999328 184.6500125275439
315.5374137999328 185.84150487963035
315.5374137999328 187.4301613490789
316.72890615201925 190.607474287976
317.12607026938133 192.1961307574246
317.9203985041057 194.57911546159744
318.7147267388299 196.56493604840813
319.90621909091635 198.94792075258098
321.0977114430027 201.33090545675384
321.8920396777271 202.52239780884025
321.8920396777271 204.1110542782888
slice_number: 15
nb_points_on_contour: 190
312.75726497839787 180.28120723656036
311.1686085089492 180.28120723656036
309.57995203950065 180.28120723656036
308.3884596874143 179.88404311919822
306.79980321796575 179.4868790018361
305.6083108658793 179.4868790018361
304.0196543964307 179.4868790018361
302.82816204434437 178.6925507671118
301.6366696922579 178.29538664974962
300.4451773401714 178.29538664974962
299.25368498808507 177.50105841502534
298.0621926359986 176.70673018030107
296.87070028391213 175.51523782821465
295.6792079318258 174.3237454761282
294.8848796971015 173.1322531240418
293.69338734501514 172.33792488931755
292.89905911029075 171.14643253723114
291.3104026408422 169.95494018514466
290.9132385234801 168.76344783305825
289.72174617139365 167.57195548097184
288.92741793666937 166.3804631288854
288.1330897019451 165.18897077679898
286.9415973498586 164.39464254207468
286.14726911513446 163.20315018998832
284.955776763048 162.40882195526405
283.7642844109615 161.6144937205397
282.96995617623725 160.4230013684533
281.7784638241508 160.02583725109116
280.5869714720644 159.628673133729
279.39547911997795 159.23150901636686
278.2039867678916 159.23150901636686
277.0124944158051 159.23150901636686
275.82100206371877 159.23150901636686
274.6295097116323 159.23150901636686
273.04085324218374 158.83434489900472
271.8493608900973 158.43718078164258
270.6578685380109 157.6428525469183
270.2607044206487 156.4513601948319
269.06921206856225 155.25986784274545
268.2748838338381 154.06837549065904
267.4805555991138 152.8768831385726
266.6862273643894 151.68539078648618
265.49473501230307 150.8910625517619
265.0975708949409 149.6995701996755
264.3032426602166 148.50807784758908
263.11175030813024 147.31658549550264
262.31742207340596 146.1250931434162
261.1259297213195 144.93360079132978
259.93443736923314 144.1392725566055
258.74294501714667 142.9477802045191
257.5514526650602 142.15345196979482
256.35996031297384 141.35912373507054
255.1684679608874 140.9619596177084
253.97697560880098 140.9619596177084
252.78548325671457 140.9619596177084
251.5939909046281 140.56479550034626
250.4024985525417 140.56479550034626
249.21100620045527 140.16763138298413
247.62234973100672 139.77046726562196
246.43085737892036 139.37330314825982
245.2393650268339 138.97613903089768
244.04787267474742 138.97613903089768
242.856380322661 138.57897491353552
241.6648879705746 137.78464667881124
240.47339561848818 137.3874825614491
239.6790673837639 136.1959902093627
238.48757503167755 135.40166197463842
237.29608267959102 134.210169622552
236.50175444486686 133.0186772704656
235.31026209278033 131.82718491837915
234.11876974069392 130.23852844893057
232.9272773886075 128.25270786211988
231.73578503652104 126.66405139267133
230.94145680179687 125.47255904058488
230.14712856707254 124.28106668849847
229.3528003323482 122.69241021904989
228.55847209762405 121.10375374960134
228.1613079802618 119.51509728015279
227.76414386289966 117.92644081070421
227.36697974553752 116.33778434125566
227.36697974553752 115.14629198916924
226.96981562817538 113.9547996370828
226.96981562817538 112.76330728499639
226.57265151081336 111.17465081554778
226.57265151081336 109.9831584634614
226.57265151081336 108.79166611137498
226.57265151081336 107.60017375928857
226.96981562817538 106.40868140720212
227.36697974553752 105.21718905511568
227.36697974553752 104.02569670302927
228.1613079802618 102.83420435094285
228.95563621498619 101.64271199885641
230.54429268443468 100.45121964677003
231.73578503652104 99.25972729468361
232.9272773886075 98.46539905995931
234.11876974069392 97.67107082523503
235.31026209278033 96.87674259051073
236.50175444486686 96.47957847314859
238.48757503167755 95.68525023842432
240.07623150112605 95.28808612106218
241.26772385321257 95.28808612106218
242.45921620529887 95.28808612106218
244.04787267474742 94.89092200370001
245.2393650268339 94.89092200370001
246.43085737892036 94.89092200370001
248.01951384836886 94.89092200370001
249.21100620045527 94.89092200370001
250.79966266990394 94.89092200370001
251.99115502199024 94.89092200370001
253.97697560880098 94.89092200370001
255.1684679608874 94.89092200370001
257.1542885476981 95.28808612106218
258.3457808997846 95.28808612106218
259.53727325187094 95.68525023842432
260.7287656039574 95.68525023842432
261.92025795604377 95.68525023842432
263.5089144254923 96.47957847314859
264.7004067775788 96.87674259051073
265.89189912966526 97.67107082523503
267.0833914817516 98.06823494259717
268.2748838338381 98.46539905995931
269.86354030328664 98.46539905995934
271.0550326553731 99.25972729468364
272.64368912482155 100.05405552940792
273.43801735954594 101.24554788149433
274.6295097116323 102.43704023358075
275.0266738289945 103.62853258566716
276.21816618108085 104.0256967030293
277.0124944158051 105.21718905511571
277.8068226505294 106.40868140720215
278.99831500261587 107.20300964192646
280.1898073547022 108.39450199401287
281.3812997067887 109.18883022873715
282.57279205887517 109.98315846346142
283.7642844109615 110.7774866981857
284.955776763048 111.17465081554784
286.14726911513446 111.57181493290997
287.3387614672208 111.96897905027211
288.1330897019451 113.16047140235855
289.32458205403145 113.95479963708283
290.5160744061179 113.95479963708283
291.7075667582044 114.74912787180713
292.89905911029075 115.54345610653141
293.69338734501514 116.73494845861782
294.8848796971015 117.5292766933421
295.6792079318258 118.72076904542851
296.87070028391213 119.11793316279065
297.2678644012743 120.30942551487709
298.4593567533608 121.10375374960137
298.8565208707229 122.29524610168778
298.8565208707229 123.48673845377422
298.8565208707229 124.67823080586064
299.25368498808507 125.86972315794702
299.65084910544715 127.06121551003346
300.4451773401714 128.25270786211988
301.2395055748957 130.23852844893057
302.03383380962 132.22434903574128
302.4309979269822 134.210169622552
302.82816204434437 136.1959902093627
303.62249027906864 137.78464667881124
304.0196543964307 138.97613903089768
304.0196543964307 140.16763138298413
304.4168185137928 141.35912373507054
304.813982631155 142.55061608715695
305.2111467485172 143.74210843924337
305.6083108658793 144.93360079132978
306.40263910060355 147.31658549550264
306.79980321796575 148.50807784758908
306.79980321796575 149.6995701996755
307.59413145269 151.28822666912404
308.3884596874143 153.27404725593476
309.57995203950065 155.25986784274545
310.37428027422504 157.24568842955617
311.1686085089492 158.43718078164258
312.75726497839787 161.21732960317757
313.15442909575995 162.40882195526405
314.3459214478464 164.39464254207468
314.7430855652085 165.98329901152326
315.5374137999328 167.1747913636097
316.5303240933382 169.1606119504204
317.5232343867435 171.14643253723114
317.9203985041057 172.33792488931755
319.1118908561921 174.72090959349035
319.1118908561921 175.9124019455768
318.7147267388299 177.50105841502534
317.12607026938133 178.6925507671118
315.5374137999328 179.88404311919822
313.55159321312215 180.28120723656036
311.9629367436735 180.28120723656036
310.7714443915871 180.6783713539225
label: healthy
localisation: apical
slice_number: 4
nb_points_on_contour: 132
186.85623977459917 171.14643253723114
185.66474742251273 171.54359665459327
184.47325507042632 171.9407607719554
182.48743448361563 172.33792488931755
180.89877801416705 172.33792488931755
178.91295742735633 172.33792488931755
176.92713684054564 172.33792488931755
174.94131625373495 172.33792488931755
172.5583315495621 172.33792488931755
170.57251096275138 172.33792488931755
168.18952625857855 172.33792488931755
165.8065415544057 172.33792488931755
163.42355685023284 172.33792488931755
161.43773626342215 172.33792488931755
159.45191567661143 172.7350890066797
157.46609508980075 173.52941724140396
155.48027450299003 173.9265813587661
153.89161803354148 174.72090959349038
152.70012568145506 175.11807371085254
151.11146921200648 175.51523782821468
149.91997685992007 176.30956606293896
148.72848450783366 176.7067301803011
146.74266392102294 177.8982225323875
145.5511715689365 178.29538664974964
144.35967921685008 178.6925507671118
143.16818686476367 179.4868790018361
141.5795303953151 180.6783713539225
139.99087392586654 181.07553547128464
138.79938157378012 181.8698637060089
138.00505333905582 183.06135605809536
136.8135609869694 184.25284841018177
136.01923275224513 185.4443407622682
134.82774040015872 187.03299723171676
134.03341216543444 188.22448958380318
133.23908393071014 189.4159819358896
132.44475569598586 191.00463840533814
131.65042746126156 192.1961307574246
131.25326334389945 193.38762310951103
130.45893510917514 194.97627957895958
129.66460687445087 196.56493604840813
129.66460687445087 198.15359251785668
129.26744275708873 200.13941310466743
128.47311452236445 201.72806957411598
128.07595040500232 203.31672604356453
126.88445805291587 204.90538251301308
125.29580158346735 206.49403898246166
124.10430923138091 207.68553133454807
122.51565276193236 208.87702368663452
120.1326680577595 209.6713519213588
118.14684747094879 210.8628442734452
116.95535511886237 211.65717250816948
114.57237041468952 212.05433662553162
113.3808780626031 212.45150074289378
111.79222159315452 213.24582897761806
110.60072924106811 213.6429930949802
109.40923688898167 213.6429930949802
108.21774453689525 213.6429930949802
107.02625218480884 213.6429930949802
105.43759571536029 213.24582897761806
103.84893924591174 212.05433662553162
102.6574468938253 210.8628442734452
102.26028277646316 209.6713519213588
101.06879042437674 208.47985956927238
100.27446218965247 207.28836721718594
99.8772980722903 206.09687486509952
99.48013395492816 204.50821839565094
98.28864160284175 202.52239780884025
98.28864160284175 200.53657722202956
97.89147748547961 199.34508486994312
97.89147748547961 197.75642840049454
97.49431336811747 196.167771931046
97.49431336811747 194.57911546159744
97.09714925075531 191.00463840533814
97.09714925075531 189.4159819358896
97.09714925075531 187.82732546644104
97.09714925075531 186.2386689969925
97.09714925075531 184.6500125275439
97.09714925075531 181.8698637060089
97.09714925075531 180.28120723656036
97.09714925075531 178.6925507671118
97.09714925075531 176.7067301803011
97.09714925075531 175.11807371085254
97.09714925075531 173.52941724140396
97.09714925075531 170.749268419869
97.09714925075531 169.16061195042042
97.09714925075531 167.57195548097187
97.09714925075531 165.9832990115233
97.49431336811747 163.9974784247126
98.28864160284175 162.80598607262618
99.28155189624712 161.01874754449653
100.27446218965247 159.23150901636689
100.67162630701458 157.64285254691833
101.86311865910099 156.05419607746978
103.05461101118743 154.4655396080212
103.45177512854957 153.2740472559348
104.84184953931708 151.6853907864862
106.23192395008456 150.09673431703766
107.42341630217098 148.11091373022697
108.61490865425742 146.91942137814053
110.60072924106811 144.13927255660553
112.18938571051666 141.7562878524327
113.3808780626031 140.16763138298415
115.36669864941382 138.1818107961734
116.55819100150023 136.59315432672486
118.14684747094879 135.0044978572763
120.52983217512161 133.41584138782775
121.72132452720805 133.01867727046562
122.9128168792945 132.2243490357413
125.49438364214839 132.2243490357413
128.07595040500232 132.2243490357413
129.66460687445087 132.2243490357413
132.04759157862372 132.2243490357413
133.63624804807228 132.2243490357413
135.622068634883 132.2243490357413
138.00505333905582 132.62151315310345
140.38803804322868 133.01867727046562
142.3738586300394 133.8130055051899
143.96251509948797 135.0044978572763
145.5511715689365 135.79882609200058
147.13982803838508 136.59315432672486
148.72848450783366 138.1818107961734
150.31714097728218 139.770467265622
151.50863332936862 140.96195961770843
153.09728979881717 142.94778020451912
154.28878215090361 145.33076490869195
155.87743862035217 147.1180034368216
157.46609508980075 148.90524196495124
158.26042332452502 150.4938984343998
159.45191567661143 151.6853907864862
161.43773626342215 154.4655396080212
162.23206449814643 156.05419607746978
163.42355685023284 158.4371807816426
nb_points_on_contour: 79
261.5230938386816 204.90538251301308
260.3316014865952 205.69971074773738
259.14010913450875 206.49403898246166
257.9486167824224 206.8912030998238
256.7571244303359 206.8912030998238
255.56563207824954 206.8912030998238
253.1826473740767 205.69971074773738
251.19682678726602 204.50821839565094
249.6081703178174 203.31672604356453
247.62234973100672 201.72806957411598
245.2393650268339 200.13941310466743
242.45921620529887 197.75642840049454
240.87055973585032 195.77060781368385
238.09041091431536 193.38762310951103
236.10459032750467 191.00463840533814
234.11876974069392 189.01881781852745
232.13294915388323 186.63583311435463
230.54429268443468 184.25284841018177
228.95563621498613 181.8698637060089
228.1613079802618 179.88404311919822
227.36697974553752 177.50105841502537
226.96981562817538 175.51523782821468
226.5726515108133 173.13225312404182
225.77832327608897 170.749268419869
225.38115915872683 168.76344783305828
224.9839950413647 166.77762724624756
224.9839950413647 164.79180665943687
224.58683092400256 162.40882195526405
224.58683092400256 160.82016548581547
224.18966680664036 159.23150901636689
224.18966680664036 157.64285254691833
223.79250268927828 155.65703196010762
223.79250268927828 154.4655396080212
223.79250268927828 152.08255490384835
223.79250268927828 150.89106255176193
223.79250268927828 149.30240608231338
223.79250268927828 148.11091373022697
224.18966680664036 146.5222572607784
224.9839950413647 144.53643667396767
225.77832327608897 142.94778020451912
226.5726515108133 141.35912373507057
227.36697974553752 139.770467265622
228.558472097624 138.1818107961734
229.74996444971035 137.78464667881127
230.54429268443468 136.59315432672486
233.32444150596965 136.19599020936272
234.51593385805606 135.79882609200058
236.10459032750467 135.79882609200058
237.69324679695322 135.79882609200058
239.2819032664017 136.19599020936272
241.26772385321252 137.38748256144913
243.2535444400232 138.57897491353555
245.63652914419603 140.16763138298415
247.62234973100672 142.15345196979484
250.00533443517955 144.9336007913298
251.7925729633092 146.91942137814053
253.57981149143885 148.90524196495124
255.1684679608874 151.28822666912407
256.7571244303359 153.67121137329693
258.3457808997846 156.25277813615082
259.93443736923314 158.83434489900475
261.5230938386816 161.41591166185867
263.11175030813024 163.9974784247126
264.3032426602166 166.18188107020435
265.49473501230307 168.36628371569614
266.8848094230706 170.5506863611879
268.2748838338381 172.7350890066797
269.06921206856225 174.72090959349038
269.86354030328664 176.7067301803011
271.0550326553731 179.88404311919822
271.8493608900973 182.26702782337105
272.64368912482155 184.6500125275439
273.04085324218374 186.63583311435463
273.835181476908 188.62165370116531
274.2323455942701 190.21031017061387
274.2323455942701 191.79896664006245
274.2323455942701 194.97627957895958
274.2323455942701 196.56493604840813
273.43801735954594 198.15359251785668
slice_number: 5
nb_points_on_contour: 186
264.3032426602166 240.65015307560577
263.11175030813024 241.84164542769219
261.92025795604377 242.6359736624165
260.3316014865952 243.03313777977863
259.14010913450875 243.43030189714077
257.5514526650602 243.8274660145029
256.35996031297384 243.8274660145029
254.77130384352526 243.8274660145029
253.1826473740767 243.43030189714077
251.99115502199024 242.6359736624165
250.79966266990388 241.44448131033005
249.6081703178174 240.25298895824363
248.01951384836886 239.06149660615722
246.4308573789203 237.47284013670864
245.2393650268339 236.67851190198436
243.2535444400232 235.8841836672601
242.06205208793673 234.69269131517365
241.26772385321252 233.50119896308723
240.47339561848818 232.30970661100082
239.6790673837639 231.1182142589144
239.2819032664017 229.926721906828
238.4875750316775 228.3380654373794
238.4875750316775 226.3522448505687
238.09041091431536 224.76358838112014
238.09041091431536 223.57209602903373
238.09041091431536 221.98343955958515
238.09041091431536 220.79194720749874
237.69324679695322 219.20329073805016
237.29608267959102 218.01179838596374
236.89891856222889 216.02597779915305
236.10459032750467 214.04015721234234
235.70742621014253 212.05433662553162
234.51593385805606 209.6713519213588
234.51593385805606 208.47985956927238
234.11876974069392 206.8912030998238
233.32444150596965 205.69971074773738
232.9272773886075 204.1110542782888
232.13294915388323 202.9195619262024
231.33862091915896 201.72806957411598
230.94145680179682 200.53657722202956
230.14712856707254 198.55075663521882
229.74996444971035 196.96210016577027
229.3528003323482 195.77060781368385
228.95563621498613 194.57911546159744
228.558472097624 192.9904589921489
227.76414386289966 191.4018025227003
227.36697974553752 189.01881781852745
227.36697974553752 187.4301613490789
226.96981562817538 185.84150487963035
226.5726515108133 184.6500125275439
226.1754873934511 183.4585201754575
225.38115915872683 182.26702782337105
224.58683092400256 181.07553547128464
223.79250268927828 179.88404311919822
222.998174454554 178.6925507671118
222.20384621982967 177.50105841502537
221.40951798510545 176.30956606293896
220.21802563301898 175.11807371085254
219.4236973982947 173.9265813587661
218.62936916357043 172.7350890066797
218.2322050462083 171.54359665459327
217.83504092884615 170.35210430250683
217.04071269412188 167.969119598334
215.84922034203547 166.38046312888542
215.45205622467333 165.188970776799
215.05489210731113 163.60031430735046
214.657727989949 162.40882195526405
214.26056387258686 160.82016548581547
213.86339975522478 159.23150901636689
213.86339975522478 158.04001666428047
213.86339975522478 156.84852431219406
213.86339975522478 155.25986784274548
213.86339975522478 153.67121137329693
213.86339975522478 152.47971902121049
213.86339975522478 150.89106255176193
213.86339975522478 149.30240608231338
213.86339975522478 148.11091373022697
214.657727989949 146.5222572607784
215.45205622467333 145.33076490869195
215.84922034203547 144.13927255660553
216.64354857675974 142.94778020451912
217.04071269412188 141.7562878524327
217.83504092884615 140.5647955003463
218.2322050462083 139.37330314825985
219.02653328093263 136.990318444087
219.82086151565684 135.79882609200058
220.21802563301898 134.60733373991417
221.01235386774331 133.41584138782775
221.80668210246753 132.2243490357413
222.20384621982967 131.0328566836549
223.39533857191614 129.04703609684418
224.18966680664036 127.85554374475777
224.9839950413647 125.47255904058491
226.1754873934511 123.88390257113636
226.96981562817538 122.69241021904992
227.76414386289966 121.5009178669635
228.558472097624 119.91226139751495
229.74996444971035 119.11793316279065
230.54429268443468 117.92644081070424
231.73578503652104 117.5292766933421
232.9272773886075 117.13211257597996
234.51593385805606 116.73494845861782
236.5017544448668 116.73494845861782
237.69324679695322 116.33778434125568
238.88473914903963 116.33778434125568
240.47339561848818 116.33778434125568
241.6648879705746 116.33778434125568
242.856380322661 116.33778434125568
244.44503679210956 116.33778434125568
245.63652914419603 116.33778434125568
246.8280214962824 116.33778434125568
248.416677965731 116.33778434125568
249.6081703178174 116.33778434125568
250.79966266990388 116.33778434125568
252.38831913935238 116.33778434125568
253.57981149143885 116.73494845861782
254.77130384352526 117.13211257597996
255.96279619561167 117.5292766933421
257.5514526650602 118.32360492806637
259.14010913450875 119.51509728015282
260.3316014865952 120.30942551487709
261.1259297213195 121.5009178669635
263.11175030813024 122.69241021904992
264.7004067775788 123.48673845377422
265.89189912966526 124.2810666884985
267.4805555991138 125.47255904058491
268.67204795120017 127.06121551003349
269.86354030328664 127.45837962739563
271.0550326553731 128.64987197948204
272.24652500745947 129.44420021420632
273.43801735954594 130.63569256629273
274.2323455942701 131.82718491837917
275.0266738289945 133.01867727046562
275.82100206371877 134.21016962255203
277.0124944158051 135.40166197463844
277.8068226505294 136.59315432672486
278.99831500261587 138.1818107961734
280.1898073547022 139.37330314825985
280.9841355894266 140.5647955003463
281.7784638241508 141.7562878524327
282.57279205887517 142.94778020451912
283.7642844109615 144.13927255660553
284.5586126456858 145.33076490869195
285.3529408804101 147.31658549550266
285.75010499777227 148.5080778475891
286.9415973498586 150.4938984343998
287.3387614672208 151.6853907864862
288.92741793666937 154.86270372538334
288.92741793666937 156.05419607746978
289.72174617139365 159.62867313372902
289.72174617139365 160.82016548581547
289.72174617139365 162.80598607262618
289.72174617139365 163.9974784247126
289.72174617139365 167.17479136360973
289.72174617139365 168.76344783305828
289.72174617139365 171.54359665459327
289.72174617139365 173.52941724140396
289.72174617139365 176.7067301803011
289.72174617139365 177.8982225323875
289.72174617139365 179.4868790018361
289.72174617139365 181.47269958864678
289.72174617139365 183.4585201754575
289.72174617139365 185.04717664490605
289.72174617139365 187.4301613490789
289.72174617139365 189.01881781852745
289.72174617139365 190.21031017061387
289.72174617139365 192.1961307574246
289.72174617139365 194.1819513442353
289.72174617139365 196.167771931046
289.5231641127126 198.35217457653778
289.32458205403145 200.53657722202956
288.5302538193073 202.12523369147812
286.9415973498586 205.69971074773738
286.54443323249654 206.8912030998238
285.75010499777227 208.08269545191024
284.75719470436695 210.06851603872093
283.7642844109615 212.05433662553162
282.96995617623725 213.24582897761806
282.17562794151297 214.8344854470666
281.7784638241508 216.4231419165152
280.3883894133834 219.20329073805016
278.99831500261587 221.98343955958515
277.60824059184836 224.366424263758
276.21816618108085 226.74940896793083
273.835181476908 229.1323936721037
271.4521967727352 230.72105014155227
nb_points_on_contour: 202
148.72848450783366 210.06851603872093
149.91997685992007 211.26000839080734
150.71430509464435 212.84866486025592
151.50863332936862 214.04015721234234
152.70012568145506 215.23164956442875
153.09728979881717 216.4231419165152
153.09728979881717 217.6146342686016
153.49445391617934 218.80612662068802
153.09728979881717 220.3947830901366
152.30296156409293 221.98343955958515
151.50863332936862 223.57209602903373
150.31714097728218 224.366424263758
149.12564862519577 225.55791661584442
148.3313203904715 227.14657308529297
147.5369921557472 228.3380654373794
146.3454998036608 229.52955778946583
145.1540074515744 230.72105014155227
143.5653509821258 231.51537837627654
142.3738586300394 232.70687072836296
141.18236627795298 233.50119896308723
139.5937098085044 234.2955271978115
138.402217456418 235.0898554325358
137.21072510433154 235.8841836672601
135.622068634883 236.67851190198436
134.43057628279655 237.0756760193465
132.84191981334803 237.0756760193465
131.25326334389945 237.47284013670864
129.66460687445087 237.47284013670864
128.47311452236445 237.47284013670864
126.88445805291587 237.47284013670864
125.69296570082946 237.0756760193465
124.50147334874305 237.0756760193465
123.3099809966566 236.28134778462223
122.11848864457019 235.8841836672601
120.92699629248378 235.0898554325358
119.73550394039736 234.2955271978115
118.54401158831092 233.89836308044937
117.35251923622451 233.1040348457251
116.1610268841381 232.70687072836296
114.96953453205165 231.91254249363868
113.77804217996524 230.72105014155227
112.58654982787883 229.52955778946583
111.39505747579241 228.3380654373794
110.99789335843025 227.14657308529297
110.20356512370597 225.95508073320656
109.01207277161956 224.76358838112014
108.21774453689525 223.57209602903373
107.42341630217098 221.98343955958515
107.02625218480884 220.79194720749874
106.23192395008456 219.6004548554123
105.43759571536029 218.40896250332588
104.24610336327387 216.82030603387733
103.45177512854957 215.62881368179092
103.05461101118743 214.43732132970447
102.26028277646316 213.24582897761806
101.86311865910099 212.05433662553162
101.46595454173888 210.8628442734452
100.67162630701458 209.6713519213588
100.27446218965247 208.47985956927238
99.48013395492816 206.8912030998238
98.68580572020389 205.30254663037522
98.68580572020389 204.1110542782888
97.89147748547961 202.52239780884025
97.09714925075531 200.9337413393917
96.6999851333932 199.7422489873053
95.9056568986689 198.55075663521882
95.11132866394462 196.56493604840813
94.71416454658248 195.37344369632171
94.31700042922034 194.1819513442353
93.52267219449604 192.9904589921489
93.1255080771339 191.79896664006245
92.72834395977179 190.607474287976
91.93401572504749 189.4159819358896
91.53685160768535 187.82732546644104
90.74252337296105 186.63583311435463
89.9481951382368 185.04717664490605
89.9481951382368 183.85568429281963
89.15386690351252 182.6641919407332
89.15386690351252 181.47269958864678
88.75670278615036 180.28120723656036
88.75670278615036 179.08971488447395
88.75670278615036 177.8982225323875
88.75670278615036 176.30956606293896
88.75670278615036 175.11807371085254
88.75670278615036 173.52941724140396
88.75670278615036 172.33792488931755
88.75670278615036 171.14643253723114
88.75670278615036 169.16061195042042
89.15386690351252 167.969119598334
89.15386690351252 166.77762724624756
89.15386690351252 165.58613489416115
89.15386690351252 164.39464254207473
89.55103102087463 162.40882195526405
89.55103102087463 161.2173296031776
89.55103102087463 160.0258372510912
90.74252337296105 158.04001666428047
90.74252337296105 156.84852431219406
91.13968749032321 155.65703196010762
91.53685160768535 153.67121137329693
91.93401572504749 152.08255490384835
92.33117984240963 150.89106255176193
93.1255080771339 149.69957019967552
93.52267219449604 148.5080778475891
93.9198363118582 147.31658549550266
94.71416454658248 146.12509314341622
95.11132866394462 144.53643667396767
95.50849278130678 143.34494432188126
96.30282101603103 142.15345196979484
97.09714925075531 140.5647955003463
97.89147748547961 139.37330314825985
98.68580572020389 137.78464667881127
99.8772980722903 136.19599020936272
100.67162630701458 135.0044978572763
101.46595454173888 133.8130055051899
102.26028277646316 132.62151315310345
104.24610336327387 130.63569256629273
105.83475983272243 129.04703609684418
107.02625218480884 128.2527078621199
108.21774453689525 127.06121551003349
109.80640100634383 126.26688727530922
112.18938571051666 124.67823080586064
113.3808780626031 123.88390257113636
115.36669864941382 122.69241021904992
116.55819100150023 121.89808198432564
118.14684747094879 121.5009178669635
119.3383398230352 120.70658963223923
120.92699629248378 119.91226139751495
122.51565276193236 118.72076904542851
123.70714511401877 118.32360492806637
125.29580158346735 117.92644081070424
126.88445805291587 117.13211257597996
128.07595040500232 116.73494845861782
129.26744275708873 116.33778434125568
131.65042746126156 115.14629198916927
133.23908393071014 115.14629198916927
134.82774040015872 115.14629198916927
136.01923275224513 115.14629198916927
137.6078892216937 115.14629198916927
139.19654569114223 115.54345610653141
141.18236627795298 116.33778434125568
142.3738586300394 116.73494845861782
143.5653509821258 117.13211257597996
145.1540074515744 118.32360492806637
146.3454998036608 118.72076904542851
147.5369921557472 119.91226139751495
148.72848450783366 120.70658963223923
150.31714097728218 121.5009178669635
151.90579744673076 122.69241021904992
152.70012568145506 123.88390257113636
154.28878215090361 125.86972315794705
155.87743862035217 127.45837962739563
157.86325920716286 128.64987197948204
159.0547515592493 129.44420021420632
159.45191567661143 130.63569256629273
160.2462439113357 132.2243490357413
161.04057214606001 133.8130055051899
161.8349003807843 135.40166197463844
162.23206449814643 136.59315432672486
162.6292286155086 137.78464667881127
163.0263927328707 138.9761390308977
164.61504920231928 141.7562878524327
165.01221331968142 143.34494432188126
165.8065415544057 144.9336007913298
167.39519802385428 146.5222572607784
168.5866903759407 147.7137496128648
170.17534684538924 148.90524196495124
171.7640033148378 150.09673431703766
173.35265978428637 151.28822666912407
174.94131625373495 152.08255490384835
176.92713684054564 153.67121137329693
177.32430095790778 155.65703196010762
178.11862919263206 156.84852431219406
180.10444977944275 158.83434489900475
180.89877801416705 161.61449372053974
181.29594213152922 162.80598607262618
181.29594213152922 165.58613489416115
181.09736007284812 167.57195548097187
180.89877801416705 169.55777606778256
179.70728566208064 170.749268419869
178.11862919263206 173.13225312404182
176.5299727231835 174.32374547612824
174.94131625373495 175.51523782821468
173.74982390164854 175.91240194557682
170.96967508011355 177.50105841502537
167.7923621412164 179.4868790018361
166.00512361308677 180.87695341260357
164.21788508495712 182.26702782337105
162.23206449814643 183.4585201754575
159.8490797939736 186.2386689969925
158.26042332452502 189.01881781852745
156.67176685507644 191.79896664006245
155.48027450299003 193.38762310951103
154.68594626826575 194.57911546159744
154.28878215090361 195.77060781368385
153.49445391617934 197.3592642831324
153.09728979881717 198.55075663521882
151.90579744673076 200.13941310466743
151.11146921200648 201.33090545675384
150.71430509464435 202.9195619262024
149.91997685992007 204.1110542782888
149.52281274255793 205.30254663037522
149.12564862519577 206.49403898246166
slice_number: 6
nb_points_on_contour: 162
297.2678644012743 195.77060781368385
297.2678644012743 196.96210016577027
297.2678644012743 198.55075663521882
296.87070028391213 200.13941310466743
296.47353616655005 202.12523369147812
296.07637204918797 203.71389016092667
295.6792079318258 204.90538251301308
294.8848796971015 206.09687486509952
294.4877155797393 207.28836721718594
294.0905514623772 208.47985956927238
293.29622322765294 210.46568015608307
292.50189499292867 211.65717250816948
292.1047308755665 213.6429930949802
290.5160744061179 216.02597779915305
290.11891028875584 217.21747015123947
289.32458205403145 218.40896250332588
288.92741793666937 219.6004548554123
288.1330897019451 221.18911132486087
287.3387614672208 222.38060367694732
286.54443323249654 223.57209602903373
285.3529408804101 225.16075249848228
284.5586126456858 226.3522448505687
283.7642844109615 227.94090132001728
282.57279205887517 229.52955778946583
281.7784638241508 231.1182142589144
280.5869714720644 232.70687072836296
279.39547911997795 234.2955271978115
277.8068226505294 235.48701954989795
277.0124944158051 237.0756760193465
275.42383794635657 237.87000425407078
273.835181476908 239.06149660615722
272.64368912482155 239.8558248408815
271.0550326553731 240.65015307560577
269.46637618592445 241.44448131033005
268.2748838338381 242.23880954505435
266.6862273643894 242.6359736624165
264.7004067775788 243.43030189714077
263.11175030813024 243.43030189714077
261.92025795604377 243.43030189714077
260.3316014865952 243.8274660145029
259.14010913450875 243.8274660145029
257.5514526650602 243.8274660145029
256.35996031297384 243.8274660145029
255.1684679608874 243.8274660145029
253.97697560880098 243.43030189714077
252.78548325671457 243.03313777977863
251.19682678726602 242.23880954505435
250.00533443517955 241.84164542769219
248.8138420830932 241.44448131033005
247.62234973100672 240.25298895824363
246.4308573789203 239.06149660615722
245.2393650268339 238.26716837143294
244.04787267474742 237.47284013670864
242.856380322661 235.8841836672601
241.6648879705746 233.89836308044937
240.87055973585032 232.70687072836296
239.6790673837639 230.72105014155227
238.88473914903963 229.1323936721037
238.09041091431536 227.14657308529297
237.69324679695322 225.95508073320656
236.89891856222889 224.366424263758
236.5017544448668 222.38060367694732
236.10459032750467 221.18911132486087
235.70742621014253 219.20329073805016
235.31026209278033 218.01179838596374
234.9130979754182 216.02597779915305
234.9130979754182 214.8344854470666
234.9130979754182 212.45150074289378
234.51593385805606 211.26000839080734
234.51593385805606 210.06851603872093
234.51593385805606 208.08269545191024
234.51593385805606 204.90538251301308
234.51593385805606 203.71389016092667
234.11876974069392 201.72806957411598
233.72160562333178 200.53657722202956
233.32444150596965 197.75642840049454
232.53011327124537 196.56493604840813
232.13294915388323 194.57911546159744
231.73578503652104 192.9904589921489
231.73578503652104 191.79896664006245
230.94145680179682 189.6145639945707
230.14712856707254 187.4301613490789
229.74996444971035 186.2386689969925
229.3528003323482 185.04717664490605
228.558472097624 182.8627739994143
227.76414386289966 180.6783713539225
226.96981562817538 178.6925507671118
225.77832327608897 176.7067301803011
224.58683092400256 174.32374547612824
224.18966680664036 172.7350890066797
223.39533857191614 171.14643253723114
222.20384621982967 169.55777606778256
221.40951798510545 167.969119598334
220.21802563301898 164.79180665943687
219.82086151565684 163.60031430735046
219.82086151565684 162.40882195526405
219.4236973982947 161.2173296031776
219.4236973982947 160.0258372510912
219.4236973982947 157.64285254691833
219.4236973982947 156.05419607746978
219.82086151565684 154.86270372538334
220.61518975038112 153.2740472559348
221.40951798510545 151.6853907864862
222.00526416114863 149.30240608231338
222.6010103371918 146.91942137814053
223.39533857191614 144.9336007913298
223.79250268927828 143.34494432188126
223.79250268927828 142.15345196979484
224.58683092400256 139.770467265622
225.38115915872683 137.38748256144913
225.77832327608897 135.79882609200058
225.77832327608897 134.60733373991417
226.5726515108133 133.41584138782775
227.56556180421862 131.43002080101704
228.558472097624 129.44420021420632
229.3528003323482 127.45837962739563
230.94145680179682 124.2810666884985
231.33862091915896 123.08957433641208
232.13294915388323 121.89808198432564
232.9272773886075 120.30942551487709
234.11876974069392 119.11793316279065
235.31026209278033 117.5292766933421
237.29608267959102 115.54345610653141
238.4875750316775 114.74912787180713
239.6790673837639 114.74912787180713
241.6648879705746 114.74912787180713
243.65070855738534 114.74912787180713
245.2393650268339 114.74912787180713
248.8138420830932 115.94062022389355
250.79966266990388 116.33778434125568
251.99115502199024 116.73494845861782
253.7783935501199 117.92644081070424
255.56563207824954 119.11793316279065
257.9486167824224 120.30942551487709
259.93443736923314 121.89808198432564
262.31742207340596 123.48673845377422
264.568018738458 125.86972315794705
266.8186154035102 128.2527078621199
269.06921206856225 130.63569256629273
270.2607044206487 132.62151315310345
271.8493608900973 134.60733373991417
272.9415622128432 137.38748256144913
274.03376353558906 140.16763138298415
275.125964858335 142.94778020451912
276.21816618108085 145.72792902605408
277.0124944158051 148.90524196495124
277.4096585331673 152.08255490384835
278.2039867678916 155.78941999922833
278.99831500261587 159.49628509460834
279.79264323734014 163.20315018998832
280.5869714720644 164.39464254207473
281.3812997067887 165.9832990115233
282.7713741175562 168.96202989173935
284.1614485283237 171.9407607719554
285.3529408804101 173.9265813587661
286.14726911513446 176.7067301803011
286.9415973498586 179.4868790018361
286.9415973498586 181.47269958864678
287.7359255845829 184.25284841018177
288.1330897019451 185.84150487963035
288.1330897019451 187.4301613490789
288.92741793666937 190.21031017061387
nb_points_on_contour: 141
178.11862919263206 170.749268419869
178.11862919263206 171.9407607719554
177.72146507526992 173.13225312404182
176.5299727231835 175.51523782821468
175.33848037109706 176.7067301803011
173.74982390164854 179.08971488447395
172.16116743219996 181.07553547128464
170.17534684538924 182.6641919407332
167.39519802385428 184.25284841018177
165.40937743704356 185.84150487963035
163.0263927328707 187.4301613490789
160.64340802869785 188.62165370116531
159.0547515592493 190.21031017061387
157.0689309724386 191.4018025227003
155.48027450299003 192.59329487478675
154.68594626826575 193.78478722687316
153.09728979881717 194.97627957895958
152.30296156409293 196.56493604840813
151.50863332936862 197.75642840049454
150.31714097728218 198.94792075258098
149.91997685992007 200.13941310466743
149.12564862519577 201.33090545675384
147.93415627310935 202.9195619262024
147.13982803838508 204.90538251301308
146.3454998036608 206.8912030998238
145.94833568629866 208.08269545191024
145.5511715689365 210.06851603872093
145.1540074515744 211.65717250816948
145.1540074515744 213.24582897761806
144.75684333421222 214.43732132970447
144.35967921685008 216.4231419165152
144.35967921685008 218.40896250332588
144.35967921685008 219.99761897277443
144.35967921685008 221.586275442223
144.35967921685008 222.77776779430945
144.35967921685008 224.76358838112014
144.35967921685008 226.3522448505687
143.5653509821258 227.5437372026551
141.5795303953151 229.1323936721037
139.99087392586654 229.52955778946583
138.79938157378012 229.926721906828
136.41639686960727 230.32388602419013
134.43057628279655 230.32388602419013
132.2461736373048 230.52246808287117
130.06177099181303 230.72105014155227
127.28162217027804 230.72105014155227
125.29580158346735 230.72105014155227
122.9128168792945 230.72105014155227
120.92699629248378 230.72105014155227
118.74259364699202 229.926721906828
116.55819100150023 229.1323936721037
114.57237041468952 228.3380654373794
112.58654982787883 227.14657308529297
111.39505747579241 226.3522448505687
109.40923688898167 225.55791661584442
108.21774453689525 224.76358838112014
107.02625218480884 223.96926014639587
105.43759571536029 222.77776779430945
104.24610336327387 221.98343955958515
103.05461101118743 220.79194720749874
101.86311865910099 219.99761897277443
101.06879042437674 218.80612662068802
99.08296983756603 216.82030603387733
98.68580572020389 215.23164956442875
97.89147748547961 213.6429930949802
97.09714925075531 211.65717250816948
96.6999851333932 209.6713519213588
96.10423895734996 207.08978515850487
95.50849278130678 204.50821839565094
95.11132866394462 202.12523369147812
94.71416454658248 199.34508486994312
94.31700042922034 197.3592642831324
94.31700042922034 194.97627957895958
94.31700042922034 191.79896664006245
94.31700042922034 188.62165370116531
94.31700042922034 185.84150487963035
94.31700042922034 183.4585201754575
94.31700042922034 180.28120723656036
94.71416454658248 176.7067301803011
95.30991072262569 173.52941724140396
95.9056568986689 170.35210430250683
96.30282101603103 167.17479136360973
97.09714925075531 164.39464254207473
97.09714925075531 161.61449372053974
97.09714925075531 160.0258372510912
97.49431336811747 157.64285254691833
97.69289542679854 154.86270372538334
97.89147748547961 152.08255490384835
98.28864160284175 150.09673431703766
98.68580572020389 147.7137496128648
98.68580572020389 144.9336007913298
99.08296983756603 141.5577057937516
99.48013395492816 138.1818107961734
99.8772980722903 136.59315432672486
100.27446218965247 135.0044978572763
100.67162630701458 133.01867727046562
101.46595454173888 131.43002080101704
102.26028277646316 129.24561815552525
103.05461101118743 127.06121551003349
103.45177512854957 125.86972315794705
104.64326748063598 123.48673845377422
106.23192395008456 120.30942551487709
107.02625218480884 118.72076904542851
109.01207277161956 117.13211257597996
111.59363953447348 115.74203816521245
114.1752062973274 114.35196375444497
116.1610268841381 114.35196375444497
117.35251923622451 114.35196375444497
120.39744413600096 114.74912787180713
123.44236903577732 115.14629198916927
126.48729393555377 115.54345610653141
129.26744275708873 115.54345610653141
132.44475569598586 116.73494845861782
135.622068634883 117.5292766933421
138.53460549553867 118.72076904542851
141.4471423561944 119.91226139751495
144.35967921685008 121.10375374960137
146.3454998036608 122.29524610168778
148.72848450783366 123.48673845377422
149.91997685992007 124.2810666884985
152.10437950541183 126.46546933399026
154.28878215090361 128.64987197948204
155.87743862035217 130.63569256629273
157.46609508980075 132.42293109442238
159.0547515592493 134.21016962255203
159.45191567661143 135.40166197463844
161.04057214606001 137.38748256144913
163.0263927328707 140.5647955003463
163.820720967595 141.7562878524327
165.01221331968142 144.53643667396767
165.01221331968142 145.72792902605408
165.40937743704356 148.5080778475891
165.8065415544057 149.69957019967552
166.79945184781104 151.48680872780514
167.7923621412164 153.2740472559348
168.9838544933028 154.86270372538334
170.96967508011355 157.64285254691833
172.16116743219996 158.83434489900475
172.95549566692424 160.0258372510912
173.74982390164854 161.2173296031776
175.33848037109706 163.60031430735046
