Study: 2.16.840.1.113669.632.20.1211.10000101825
Series: 1.2.840.113704.1.111.5992.1128524710.6
SpacingX: 0.65625
SpacingY: 0.65625
SpacingZ: 10.0

label: fibrosis
localisation: basal
slice_number: 15
nb_points_on_contour: 66
277.2656250000001 185.71875
277.2656250000001 183.75000000000006
277.2656250000001 181.78125
277.2656250000001 179.81250000000006
277.2656250000001 177.84375
277.2656250000001 175.87500000000006
277.2656250000001 173.90625
277.2656250000001 171.93750000000006
277.2656250000001 169.96875
277.2656250000001 168.00000000000006
277.2656250000001 166.03125000000006
277.2656250000001 164.06250000000003
277.2656250000001 162.09375000000003
277.2656250000001 159.46875000000006
277.2656250000001 157.50000000000006
276.6093750000001 155.53125000000003
274.640625 153.56250000000003
273.328125 151.59375000000003
272.015625 149.62500000000003
270.7031250000001 147.65625000000003
269.3906250000001 145.68750000000003
268.078125 143.71875000000003
266.765625 141.75000000000003
264.7968750000001 141.09375000000003
262.828125 141.09375000000003
260.859375 142.40625000000006
260.203125 144.37500000000003
258.89062500000006 146.34375000000003
257.5781250000001 148.31250000000003
256.2656250000001 150.28125000000003
255.60937499999994 152.25000000000003
254.953125 154.21875000000003
253.640625 156.84375000000003
253.640625 158.81250000000003
252.98437500000006 161.43750000000003
252.98437500000006 164.06250000000003
252.98437500000006 166.03125000000006
252.98437500000006 168.00000000000006
252.98437500000006 169.96875
254.296875 171.9375
255.60937499999994 173.90625
257.578125 174.5625
258.89062499999994 176.53125
260.859375 178.5
262.828125 179.8125
264.796875 181.78125
266.765625 182.4375
268.078125 184.40625
268.078125 186.375
266.765625 188.34375
265.453125 190.3125
263.484375 191.625
262.828125 193.59375
264.1406250000001 196.875
264.7968750000001 198.84375000000006
266.109375 200.8125
268.078125 202.12500000000006
270.0468750000001 204.09375
272.015625 205.40625000000006
273.9843750000001 206.71875000000006
275.9531250000001 207.37500000000006
277.921875 205.40625000000006
277.921875 203.43750000000006
278.578125 201.46875000000006
278.578125 198.84375000000006
278.578125 196.875
slice_number: 16
nb_points_on_contour: 88
282.5156250000002 189.0
282.5156250000002 187.03125000000006
282.5156250000002 185.0625000000001
281.8593750000001 183.09375000000017
280.546875 180.46875
279.890625 178.5
279.234375 176.53125000000006
278.578125 173.90625
278.578125 171.28125000000006
277.921875 169.31250000000006
277.921875 166.03125
277.265625 164.0625
276.609375 162.09375
276.609375 160.125
275.9531250000001 157.5000000000001
274.640625 155.53125000000006
273.328125 153.56250000000006
272.671875 151.59375000000006
272.015625 149.62500000000006
272.015625 147.65625000000006
272.015625 145.68750000000006
272.015625 143.71875000000006
272.015625 141.75000000000006
272.015625 139.78125000000006
272.015625 137.81250000000006
272.015625 135.18750000000009
271.359375 133.21875000000009
270.0468750000001 131.25000000000009
269.3906250000001 129.28125000000009
268.078125 127.3125
266.109375 127.3125
264.1406250000002 126.65625000000009
262.171875 126.65625000000009
260.203125 127.3125
258.89062500000006 129.28125000000009
256.921875 131.90625000000009
256.921875 134.53125000000009
256.2656250000001 136.50000000000009
256.2656250000001 138.46875000000009
256.2656250000001 140.43750000000009
256.2656250000001 142.40625000000017
255.60937499999994 144.37500000000009
254.296875 146.34375000000009
252.32812500000006 148.31250000000009
251.6718750000001 150.28125000000009
250.3593750000001 152.25000000000009
249.046875 155.53125000000009
247.734375 158.15625000000009
246.42187499999994 160.12500000000009
244.453125 162.09375000000009
243.7968750000001 164.0625000000001
242.484375 166.68750000000017
241.17187500000006 168.65625000000006
239.85937500000006 170.625
238.546875 172.59375000000006
236.578125 174.5625
236.578125 176.53125000000006
235.921875 178.5
235.921875 181.12500000000017
237.23437499999994 183.09375000000017
239.2031250000001 184.40625000000017
240.51562500000006 186.37500000000017
242.484375 187.68750000000006
244.453125 188.34375000000017
246.42187499999994 189.65625
249.046875 190.31250000000017
251.0156250000001 191.62500000000006
252.98437500000006 192.9375
254.953125 194.25000000000017
256.921875 194.90625000000006
258.89062500000006 195.5625
261.515625 196.21875000000017
263.4843750000001 197.53125
265.453125 198.18750000000017
268.078125 198.84375000000006
270.0468750000001 200.15625000000017
272.015625 201.46875000000017
273.9843750000001 201.46875000000017
275.9531250000001 202.78125000000006
277.921875 203.43750000000017
279.890625 203.43750000000017
280.546875 201.46875000000017
282.5156250000002 200.15625000000017
283.1718750000001 198.18750000000017
283.1718750000001 196.21875000000017
283.1718750000001 194.25000000000017
283.1718750000001 192.28125000000017
283.1718750000001 190.31250000000017
slice_number: 18
nb_points_on_contour: 55
282.515625 171.28125
282.515625 169.3125
281.859375 167.34375
281.203125 165.375
279.890625 163.40625
278.578125 161.4375
277.265625 158.8125
275.953125 156.84375
273.984375 154.875
272.671875 152.90625
271.359375 150.28125
270.703125 147.65625
269.390625 145.6875
269.390625 143.71875
269.390625 141.75
269.390625 139.78125
269.390625 137.8125
269.390625 135.84375
269.390625 133.875
269.390625 131.90625
268.734375 129.9375
266.765625 128.625
264.796875 128.625
262.828125 128.625
260.859375 129.9375
260.203125 131.90625
260.203125 133.875
260.203125 135.84375
260.203125 138.46875
260.203125 140.4375
260.203125 142.40625
260.203125 144.375
260.203125 146.34375
260.203125 148.3125
258.89062499999994 150.28125
258.234375 152.25
257.578125 154.21875
256.26562500000006 156.1875
255.60937499999994 158.15625
254.296875 160.125
252.328125 161.4375
252.328125 163.40625
252.328125 165.375
253.640625 167.34375
255.60937499999994 168.0
257.578125 168.0
259.54687500000006 168.0
261.515625 168.0
263.484375 168.0
265.453125 167.34375
268.078125 167.34375
270.046875 167.34375
272.015625 167.34375
273.984375 168.0
275.953125 168.0
slice_number: 19
nb_points_on_contour: 132
146.46256307811933 280.865835747563
145.04667150935103 279.8039170709868
143.63077994058278 279.44994417879474
142.56886126400656 279.09597128660266
140.44502391085416 278.0340526100265
139.02913234208586 277.32610682564234
137.6132407733176 276.6181610412582
136.5513220967414 276.2641881490661
134.78145763578107 275.91021525687404
133.36556606701276 275.2022694724899
131.94967449824452 274.84829658029787
130.8877558216683 274.4943236881058
129.82583714509207 274.1403507959137
128.76391846851584 273.7863779037216
127.3480268997476 273.43240501152957
125.57816243878725 273.0784321193375
123.8082979778269 272.7244592271454
122.39240640905862 272.3704863349534
120.62254194809827 272.3704863349534
119.56062327152208 272.01651344276127
117.79075881056175 272.01651344276127
116.37486724179348 271.66254055056925
114.6050027808331 271.66254055056925
112.83513831987278 271.66254055056925
111.41924675110451 271.66254055056925
110.35732807452828 271.66254055056925
108.58746361356793 271.66254055056925
107.17157204479966 271.66254055056925
106.10965336822346 271.66254055056925
104.69376179945516 271.66254055056925
103.27787023068689 271.66254055056925
102.21595155411072 271.66254055056925
101.15403287753449 271.66254055056925
100.09211420095829 271.66254055056925
99.03019552438207 271.66254055056925
97.96827684780587 271.66254055056925
96.5523852790376 271.66254055056925
95.49046660246137 271.66254055056925
94.42854792588517 271.30856765837717
93.0126563571169 270.9545947661851
91.95073768054067 270.60062187399296
90.8888190039645 270.24664898180094
89.82690032738827 270.24664898180094
88.41100875862 269.89267608960887
86.99511718985173 269.5387031974168
85.93319851327553 269.1847303052248
84.8712798366993 268.83075741303264
83.8093611601231 268.83075741303264
82.74744248354688 268.4767845208406
81.68552380697068 267.7688387364565
80.62360513039448 267.4148658442644
79.56168645381828 267.0608929520723
78.49976777724206 266.70692005988025
77.43784910066586 266.70692005988025
76.02195753189758 266.70692005988025
74.60606596312931 266.70692005988025
73.54414728655308 266.70692005988025
72.83620150216899 267.7688387364565
72.48222860997689 268.83075741303264
72.48222860997689 269.89267608960887
72.48222860997689 270.9545947661851
73.19017439436104 272.3704863349534
74.25209307093726 273.43240501152957
74.60606596312931 274.4943236881058
75.66798463970551 275.556242364682
76.37593042408963 276.6181610412582
77.43784910066586 277.68007971783436
78.14579488505001 278.74199839441064
78.85374066943413 280.1578899631789
79.91565934601033 281.2198086397551
80.97757802258656 282.2817273163313
81.68552380697068 283.3436459929075
82.74744248354688 283.6976188850996
84.16333405231515 284.75953756167576
84.8712798366993 285.821456238252
85.93319851327553 286.52940202263613
88.05703586642792 288.29926648359645
89.47292743519623 289.3611851601727
90.8888190039645 290.42310383674885
92.30471057273277 291.4850225133251
93.36662924930897 292.1929682977092
94.42854792588517 292.9009140820934
95.49046660246137 293.6088598664775
96.5523852790376 294.3168056508616
97.61430395561379 295.0247514352458
99.03019552438207 295.7326972196299
100.09211420095829 296.4406430040141
101.50800576972657 297.1485887883982
102.92389733849484 298.2105074649744
103.98581601507104 298.91845324935855
105.40170758383931 299.6263990337427
106.81759915260758 299.9803719259348
107.87951782918381 300.68831771031887
108.94143650576001 301.04229060251095
110.00335518233624 301.396263494703
111.41924675110451 302.1042092790872
112.48116542768071 302.45818217127925
113.89705699644898 302.45818217127925
114.95897567302515 302.45818217127925
116.37486724179348 302.45818217127925
117.43678591836965 302.45818217127925
118.49870459494585 302.45818217127925
119.56062327152208 302.45818217127925
120.62254194809827 302.1042092790872
121.6844606246745 301.396263494703
122.74637930125073 301.04229060251095
124.16227087001897 300.3343448181268
125.2241895465952 299.9803719259348
126.28610822317137 299.9803719259348
128.05597268413175 299.2724261415506
129.4718642529 299.2724261415506
130.8877558216683 298.91845324935855
132.30364739043654 298.5644803571665
133.36556606701276 297.8565345727823
134.427484743589 297.50256168059025
135.48940342016522 297.1485887883982
136.5513220967414 296.4406430040141
138.32118655770176 295.7326972196299
139.38310523427793 295.0247514352458
140.44502391085416 294.3168056508616
141.50694258743033 293.6088598664775
142.21488837181448 292.5469411899013
143.2768070483907 291.4850225133251
143.63077994058278 290.42310383674885
144.692698617159 289.3611851601727
145.4006444015431 288.29926648359645
146.10859018592726 287.2373478070202
146.46256307811933 286.17542913044406
147.52448175469556 285.4674833460599
147.17050886250348 284.40556466948374
146.46256307811933 283.3436459929075
145.75461729373518 282.2817273163313
nb_points_on_contour: 87
69.29647258024829 189.18685666981713
69.29647258024829 188.12493799324093
69.29647258024829 186.70904642447266
69.29647258024829 184.9391819635123
69.29647258024829 183.52329039474404
68.58852679586411 181.75342593378366
68.23455390367207 180.69150725720746
67.88058101148002 178.92164279624714
67.17263522709587 177.50575122747884
66.81866233490379 176.08985965871057
65.7567436583276 174.6739680899423
65.40277076613552 173.25807652117402
64.69482498175137 172.19615784459782
63.986879197367244 171.1342391680216
63.27893341298309 169.71834759925335
61.86304184421482 168.30245603048508
60.447150275446546 166.88656446171677
59.38523159887035 165.82464578514058
58.32331292229412 165.4706728929485
57.26139424571792 164.76272710856438
56.199475569141725 164.05478132418023
55.13755689256553 163.70080843198815
54.0756382159893 164.05478132418023
53.36769243160515 165.11670000075642
52.30577375502895 166.53259156952473
51.59782797064483 168.30245603048508
51.243855078452754 170.42629338363747
50.88988218626068 171.4882120602137
50.88988218626068 172.5501307367899
50.88988218626068 173.96602230555817
50.88988218626068 175.02794098213437
50.88988218626068 176.44383255090264
50.88988218626068 177.85972411967091
50.88988218626068 179.27561568843922
50.88988218626068 180.33753436501542
50.88988218626068 181.75342593378366
50.88988218626068 182.81534461035992
50.88988218626068 184.23123617912816
50.88988218626068 185.64712774789643
50.88988218626068 187.06301931666474
50.88988218626068 188.12493799324093
50.88988218626068 189.18685666981713
50.88988218626068 190.6027482385854
50.88988218626068 192.01863980735368
50.88988218626068 193.43453137612198
50.88988218626068 194.49645005269818
50.88988218626068 196.2663145136585
50.5359092940686 197.6822060824268
50.181936401876555 199.09809765119508
50.181936401876555 200.16001632777127
50.181936401876555 201.2219350043475
50.181936401876555 202.2838536809237
50.181936401876555 203.3457723574999
50.181936401876555 204.40769103407612
50.5359092940686 205.46960971065232
50.5359092940686 206.53152838722852
50.88988218626068 207.59344706380472
51.59782797064483 208.65536574038094
52.65974664722103 209.71728441695714
53.0137195394131 210.77920309353334
54.0756382159893 210.77920309353334
55.13755689256553 210.77920309353334
56.199475569141725 210.77920309353334
57.61536713791 210.77920309353334
58.6772858144862 210.42523020134126
59.739204491062395 210.07125730914922
60.80112316763862 209.71728441695714
61.86304184421482 209.00933863257302
63.27893341298309 208.30139284818887
64.34085208955932 207.23947417161264
65.40277076613552 206.17755549503644
66.11071655051964 204.40769103407612
67.52660811928791 202.63782657311575
68.23455390367207 201.57590789653955
68.58852679586411 200.51398921996332
68.94249968805619 199.09809765119508
68.94249968805619 198.03617897461888
68.94249968805619 196.62028740585058
68.94249968805619 195.2043958370823
68.94249968805619 194.1424771605061
68.94249968805619 193.08055848392988
68.94249968805619 192.01863980735368
68.94249968805619 190.95672113077748
68.94249968805619 189.54082956200918
68.94249968805619 188.47891088543298
68.94249968805619 187.41699220885678
68.94249968805619 186.35507353228058
nb_points_on_contour: 100
274.9547229438404 256.0877332941182
273.5388313750721 256.7956790785023
272.47691269849594 257.14965197069444
271.41499402191965 258.2115706472706
269.6451295609594 258.91951643165476
267.875265099999 260.33540800042306
266.10540063903863 261.04335378480715
263.62759039369416 262.4592453535754
261.5037530405418 263.5211640301517
259.37991568738937 264.2291098145358
257.256078334237 264.9370555989199
255.13224098108452 265.291028491112
253.36237652012414 265.291028491112
251.9464849513559 265.291028491112
250.5305933825876 265.291028491112
248.76072892162733 264.58308270672785
246.99086446066696 263.5211640301517
245.22099999970658 262.8132182457675
243.4511355387462 262.1052724613834
241.68127107778594 261.04335378480715
239.91140661682556 259.9814351082309
238.14154215586518 258.91951643165476
236.72565058709694 258.2115706472706
234.95578612613656 257.14965197069444
233.18592166517624 256.4417061863103
232.1240029886 255.7337604019261
230.70811141983182 255.02581461754198
228.93824695887145 254.31786883315783
227.87632828229516 253.6099230487737
226.814409605719 252.9019772643896
225.3985180369507 252.1940314800054
224.33659936037452 252.1940314800054
222.92070779160622 252.1940314800054
221.85878911503005 252.5480043721975
220.44289754626175 253.25595015658163
219.38097886968552 253.96389594096578
218.31906019310935 254.6718417253499
216.54919573214903 256.4417061863103
215.13330416338067 257.50362486288645
214.42535837899658 258.91951643165476
213.00946681022833 260.33540800042306
212.6554939180362 261.3973266769992
211.9475481336521 262.8132182457675
211.23960234926795 263.8751369223437
210.88562945707594 264.9370555989199
210.17768367269173 266.70692005988025
210.17768367269173 268.4767845208406
210.17768367269173 270.24664898180094
210.53165656488386 271.66254055056925
210.53165656488386 273.0784321193375
210.88562945707594 274.1403507959137
211.23960234926795 275.556242364682
211.9475481336521 276.6181610412582
212.6554939180362 278.0340526100265
214.0713854868045 279.44994417879474
215.13330416338067 279.8039170709868
216.54919573214903 280.865835747563
217.6111144087252 281.57378153194713
218.67303308530143 281.9277544241392
220.79687043845388 282.98967310071544
222.21276200722207 283.6976188850996
223.62865357599043 284.0515917772916
225.04454514475862 284.40556466948374
226.814409605719 284.40556466948374
228.58427406667937 284.75953756167576
230.3541385276397 284.75953756167576
232.1240029886 284.75953756167576
234.24784034175246 284.75953756167576
235.6637319105207 284.75953756167576
237.4335963714811 284.75953756167576
239.55743372463348 284.75953756167576
240.61935240120965 284.75953756167576
242.38921686217003 284.75953756167576
243.80510843093833 284.40556466948374
245.57497289189865 283.3436459929075
246.99086446066696 282.63570020852336
248.05278313724313 281.9277544241392
249.11470181381935 281.2198086397551
250.17662049039558 280.51186285537096
251.59251205916388 280.1578899631789
253.71634941231622 278.74199839441064
255.4862138732766 277.32610682564234
257.96402411862107 276.2641881490661
259.37991568738937 274.84829658029787
261.1497801483497 273.7863779037216
262.2116988249259 272.7244592271454
263.2736175015021 271.66254055056925
263.9815632858863 270.60062187399296
265.04348196246247 269.89267608960887
266.4593735312307 268.83075741303264
267.52129220780694 268.12281162864855
268.5832108843831 267.4148658442644
269.99910245315147 266.70692005988025
271.06102112972764 265.99897427549615
272.12293980630386 264.9370555989199
273.18485848288003 263.8751369223437
274.2467771594563 262.8132182457675
274.9547229438404 261.75129956919125
275.6626687282245 260.33540800042306
276.0166416204166 258.91951643165476
nb_points_on_contour: 88
284.1580181408342 153.08162166622614
283.4500723564503 152.01970298964994
282.7421265720659 150.60381142088167
282.3881536798739 149.54189274430547
281.68020789548984 148.12600117553717
280.9722621111056 146.35613671457685
280.2643163267214 144.94024514580855
279.5563705423375 143.5243535770403
279.20239765014526 142.46243490046407
278.4944518657611 140.69257043950373
278.1404789735691 139.63065176292753
277.43253318918494 138.5687330863513
276.37061451260865 136.79886862539098
275.6626687282246 135.0290041644306
275.3086958360325 133.96708548785443
274.95472294384035 132.55119391908613
274.60075005164833 131.48927524250993
274.2467771594563 130.07338367374166
273.8928042672644 129.01146499716546
273.53883137507216 127.94954632058929
272.8308855906879 126.88762764401301
272.476912698496 125.82570896743681
271.4149940219197 124.76379029086064
270.70704823753556 123.34789872209237
269.99910245315164 121.93200715332401
269.6451295609594 120.87008847674787
268.5832108843832 119.45419690797954
267.52129220780694 118.39227823140337
266.4593735312309 117.68433244701927
265.3974548546545 117.68433244701927
264.3355361780784 118.39227823140337
263.27361750150203 119.45419690797954
262.5656717171181 120.51611558455579
261.85772593273384 121.57803426113202
261.50375304054194 122.63995293770822
261.1497801483498 124.05584450647649
260.4418343639656 125.47173607524482
260.4418343639656 126.88762764401301
260.4418343639656 128.30351921278128
260.0878614717735 129.71941078154958
259.7338885795816 130.7813294581258
259.3799156873895 132.19722102689406
259.0259427951974 133.96708548785443
258.6719699030053 135.73694994881478
258.6719699030053 137.50681440977513
257.96402411862107 138.92270597854338
257.610051226429 139.9846246551196
258.89062499999994 141.75
258.89062499999994 143.71875
258.89062499999994 145.6875
258.89062499999994 147.65625
257.578125 149.625
256.26562500000006 151.59375
255.60937499999994 153.5625
254.953125 155.53125
254.296875 157.5
254.296875 159.46875
253.640625 161.4375
255.4862138732767 162.28491686321996
258.23437500000006 162.09375000000003
260.203125 162.09375000000003
262.171875 162.09375000000003
264.1406250000001 162.09375000000003
266.109375 162.09375000000003
268.078125 162.09375000000003
270.0468750000001 162.09375000000003
272.015625 162.75000000000003
273.9843750000001 163.40625000000003
275.9531250000001 164.06250000000003
277.921875 165.37500000000003
279.890625 166.03125000000006
281.8593750000001 167.34375
283.09609946425803 166.8865644617169
284.1580181408342 166.17861867733268
285.2199368174105 165.47067289294856
285.92788260179464 164.40875421637236
286.6358283861787 163.34683553979616
286.9898012783708 162.28491686321996
287.34377417056305 161.2229981866438
287.34377417056305 160.1610795100675
287.34377417056305 158.74518794129932
287.34377417056305 157.32929637253102
286.9898012783708 155.55943191157064
286.6358283861787 154.49751323499441
286.28185549398654 153.43559455841822
285.92788260179464 152.37367588184202
285.92788260179464 151.3117572052658
285.5739097096026 150.2498385286896
slice_number: 20
nb_points_on_contour: 270
264.3355361780784 155.91340480376275
263.62759039369416 154.8514861271866
262.9196446093101 153.43559455841825
262.211698824926 152.37367588184208
261.85772593273384 150.9577843130738
261.50375304054194 149.89586563649755
261.1497801483498 148.47997406772936
260.79580725615773 147.064082498961
260.79580725615773 145.64819093019273
260.79580725615773 144.23229936142442
260.79580725615773 142.81640779265618
260.79580725615773 141.75448911607995
260.79580725615773 140.3385975473117
260.79580725615773 139.27667887073548
260.79580725615773 137.8607873019672
260.79580725615773 136.798868625391
260.79580725615773 135.38297705662274
260.79580725615773 134.32105838004654
260.79580725615773 133.2591397034703
260.79580725615773 131.84324813470204
260.79580725615773 130.78132945812584
261.50375304054194 129.7194107815496
262.211698824926 128.65749210497341
263.27361750150203 127.59557342839722
264.3355361780784 126.88762764401301
265.3974548546545 126.88762764401301
266.4593735312309 126.88762764401301
267.52129220780694 127.59557342839722
268.9371837765751 128.65749210497341
269.99910245315164 129.7194107815496
271.4149940219197 131.48927524250996
272.476912698496 132.19722102689408
273.18485848288003 133.2591397034703
274.60075005164833 134.67503127223858
276.01664162041675 136.44489573319893
277.07856029699303 137.8607873019672
277.78650608137707 138.9227059785434
278.4944518657611 139.98462465511963
279.20239765014526 141.75448911607995
280.2643163267214 143.17038068484825
280.61828921891345 144.58627225361656
280.9722621111056 145.64819093019273
281.3262350032977 147.41805539115308
281.68020789548984 148.47997406772936
281.68020789548984 149.5418927443055
282.03418078768186 150.9577843130738
282.3881536798739 152.01970298964997
283.09609946425803 153.08162166622617
283.4500723564503 154.49751323499444
284.5119910330262 155.91340480376275
284.86596392521835 157.32929637253108
285.5739097096026 158.39121504910722
285.5739097096026 159.8071066178755
285.92788260179464 160.8690252944517
285.92788260179464 161.93094397102792
285.92788260179464 162.99286264760408
285.92788260179464 165.1167000007566
285.92788260179464 166.53259156952487
285.92788260179464 167.94848313829317
286.28185549398654 169.3643747070613
286.6358283861787 170.42629338363764
286.9898012783708 171.4882120602137
287.69774706275496 173.2580765211742
288.051719954947 174.31999519775025
288.7596657393311 175.73588676651866
289.11363863152326 176.79780544309472
289.4676115237154 178.56766990405504
290.1755573080993 179.98356147282334
290.52953020029145 181.39945304159158
290.52953020029145 183.16931750255213
290.52953020029145 184.58520907132032
290.52953020029145 186.35507353228058
290.52953020029145 188.12493799324113
290.52953020029145 189.89480245420134
290.52953020029145 191.31069402296976
290.52953020029145 192.3726126995458
290.52953020029145 193.43453137612215
290.52953020029145 194.4964500526982
290.52953020029145 195.91234162146662
290.52953020029145 196.97426029804268
290.52953020029145 198.03617897461902
290.52953020029145 199.45207054338715
290.52953020029145 200.5139892199635
290.1755573080993 201.92988078873162
289.8215844159073 203.34577235750004
289.11363863152326 205.11563681846025
288.7596657393311 206.1775554950366
288.051719954947 207.9474199559968
287.69774706275496 209.71728441695723
287.69774706275496 211.1331759857256
287.34377417056305 212.54906755449377
287.34377417056305 213.61098623107006
287.34377417056305 214.67290490764617
287.34377417056305 216.0887964764146
287.69774706275496 217.50468804518272
287.69774706275496 218.92057961395113
288.051719954947 220.33647118271927
288.051719954947 221.3983898592956
288.405692847139 222.81428142806374
288.405692847139 224.23017299683215
288.405692847139 225.2920916734082
288.405692847139 226.35401034998455
289.11363863152326 227.76990191875268
289.4676115237154 228.83182059532902
289.8215844159073 229.89373927190508
290.1755573080993 230.9556579484813
290.1755573080993 232.01757662505764
290.1755573080993 233.43346819382577
290.1755573080993 234.49538687040211
290.1755573080993 235.91127843917025
290.1755573080993 236.9731971157466
290.1755573080993 238.38908868451483
289.8215844159073 239.80498025328313
289.11363863152326 240.8668989298592
288.7596657393311 241.92881760643564
288.405692847139 242.9907362830117
287.69774706275496 244.40662785178006
286.9898012783708 245.82251942054825
286.28185549398654 246.8844380971246
285.2199368174105 248.6543025580848
284.5119910330262 250.0701941268532
283.4500723564503 251.48608569562145
282.3881536798739 252.9019772643896
281.3262350032977 254.317868833158
280.2643163267214 255.37978750973406
279.5563705423375 256.4417061863104
278.4944518657611 257.85759775507853
277.43253318918494 258.5655435394627
276.37061451260865 259.9814351082312
275.3086958360325 261.04335378480715
274.640625 263.15625
273.328125 265.125
271.359375 266.4375
270.046875 268.40625
268.078125 269.0625
266.109375 270.375
264.140625 271.6875
262.171875 273.0
260.859375 274.96875
258.89062499999994 276.28125
256.921875 277.59375
254.953125 278.90625
252.98437499999994 279.5625
251.015625 280.875
249.70312499999994 282.84375
247.734375 282.84375
245.765625 282.84375
243.79687500000006 282.84375
241.828125 282.84375
239.859375 282.84375
237.89062500000006 282.84375
235.921875 282.84375
233.95312499999994 282.84375
231.98437500000006 282.84375
230.015625 282.84375
228.04687499999994 282.84375
226.078125 282.84375
224.109375 282.84375
222.14062499999994 282.84375
220.171875 282.84375
218.203125 282.1875
216.23437500000006 280.875
214.265625 278.90625
212.95312499999994 276.9375
210.984375 275.625
209.015625 274.3125
207.04687500000006 273.0
205.734375 271.03125
203.76562500000006 269.71875
203.109375 267.75
201.796875 265.78125
203.45219872104258 260.3354080004234
202.74425293665837 258.91951643165476
202.03630715227416 257.5036248628866
200.97438847569822 256.0877332941182
201.796875 254.62500000000006
201.796875 252.65625000000006
203.10937500000006 250.68750000000006
203.76562500000006 248.71875000000006
205.078125 246.75000000000006
206.39062499999994 244.78125000000006
207.0468750000001 242.81250000000006
207.0468750000001 240.84375000000006
209.4697378883077 237.32717000793866
211.239602349268 237.68114290013057
212.30152102584418 238.03511579232276
213.7174125946126 238.74306157670696
215.48727705557292 239.45100736109111
218.67303308530148 240.8668989298592
220.08892465406967 241.57484471424357
221.5048162228381 242.28279049862766
222.92070779160633 242.9907362830117
224.69057225256665 243.69868206739585
227.87632828229522 245.1145736361641
229.29221985106346 245.46854652835617
230.70811141983188 246.17649231274032
232.12400298860013 246.5304652049325
233.5398945573683 247.23841098931666
236.0177048027129 247.94635677370064
237.4335963714811 248.30032966589272
238.49551504805743 248.30032966589272
239.91140661682567 248.30032966589272
240.97332529340179 248.30032966589272
243.8051084309384 248.30032966589272
245.22099999970663 248.30032966589272
246.99086446066696 247.94635677370064
248.76072892162733 247.59238388150885
250.53059338258765 247.23841098931666
251.9464849513559 246.8844380971246
254.7782680888925 245.82251942054825
255.84018676546884 245.1145736361641
257.25607833423703 244.76060074397213
259.0259427951974 243.34470917520377
260.79580725615773 241.57484471424357
261.85772593273384 240.15895314547515
263.27361750150203 238.38908868451483
265.04348196246247 235.91127843917025
266.10540063903875 234.84935976259413
266.4593735312309 233.78744108601796
267.52129220780694 233.0794953016337
269.6451295609594 230.60168505628923
271.0610211297276 229.1857934875211
272.122939806304 227.76990191875268
273.53883137507216 226.35401034998455
274.60075005164833 225.64606456560028
274.95472294384035 224.58414588902406
276.37061451260865 222.81428142806374
277.43253318918494 220.69044407491134
278.4944518657611 218.56660672175906
278.8484247579531 217.50468804518272
278.8484247579531 216.0887964764146
279.5563705423375 212.90304044668585
279.9103434345295 211.84112177010957
279.9103434345295 210.7792030935335
280.9722621111056 207.59344706380472
281.3262350032977 206.53152838722866
281.3262350032977 205.11563681846025
281.3262350032977 204.0537181418842
280.9722621111056 202.2838536809237
280.2643163267214 200.86796211215557
279.5563705423375 199.45207054338715
278.8484247579531 198.3901518668111
278.4944518657611 197.32823319023476
278.1404789735691 195.91234162146662
278.1404789735691 194.85042294489028
278.1404789735691 193.78850426831423
278.4944518657611 191.66466691516166
278.8484247579531 190.24877534639342
279.20239765014526 189.1868566698172
280.2643163267214 186.00110064008874
280.2643163267214 184.9391819635124
280.2643163267214 183.8772632869361
280.2643163267214 182.8153446103601
280.2643163267214 181.75342593378366
280.2643163267214 180.33753436501559
280.2643163267214 178.92164279624723
279.9103434345295 177.85972411967106
277.921875 173.90625
279.234375 171.93750000000006
280.546875 169.96875
281.8593750000001 168.0000000000001
281.8593750000001 166.0312500000001
281.203125 164.06250000000006
279.234375 163.40625000000006
277.2656250000001 162.09375000000006
275.296875 161.43750000000006
273.328125 160.12500000000006
271.359375 158.15625000000006
269.3906250000001 156.84375000000006
267.421875 156.18750000000006
nb_points_on_contour: 158
137.9672136655097 243.69868206739585
136.5513220967414 243.69868206739585
134.78145763578112 244.76060074397202
133.71953895920484 245.1145736361641
132.6576202826286 245.82251942054825
131.5957016060524 246.17649231274032
130.53378292947627 246.5304652049324
129.4718642529 246.88443809712447
128.0559726841318 247.59238388150862
126.99405400755552 247.94635677370064
125.93213533097935 248.65430255808474
124.359375 249.375
124.359375 251.34375
123.703125 253.3125
123.046875 255.28125
123.046875 257.25
122.390625 259.21875
120.421875 260.53125
119.109375 262.5
117.140625 264.46875
116.484375 266.4375
114.515625 267.75
113.203125 269.71875
111.234375 271.03125
109.921875 273.0
107.953125 273.65625
105.984375 273.65625
104.015625 274.96875
102.046875 275.625
100.078125 275.625
98.109375 275.625
96.140625 275.625
94.171875 275.625
92.203125 275.625
90.234375 274.96875
88.265625 273.0
86.296875 272.34375
84.328125 271.03125
83.671875 269.0625
81.703125 267.09375
80.390625 265.125
78.421875 264.46875
76.453125 263.15625
74.484375 261.84375
73.828125 259.875
72.515625 257.90625
72.515625 255.9375
71.42030993340069 253.25595015658166
70.35839125682452 252.9019772643896
69.29647258024835 252.1940314800055
68.23455390367212 251.48608569562134
67.1726352270959 251.13211280342927
66.11071655051967 252.1940314800055
65.40277076613557 253.25595015658166
65.04879787394344 255.02581461754204
64.69482498175137 256.44170618631034
64.34085208955935 257.5036248628865
64.34085208955935 258.91951643165476
64.34085208955935 259.981435108231
64.69482498175137 261.3973266769992
65.40277076613557 263.16719113795955
65.7567436583276 264.2291098145358
66.11071655051967 265.2910284911121
66.81866233490382 266.70692005988025
67.52660811928797 268.1228116286486
67.88058101148005 269.18473030522483
68.23455390367212 270.24664898180106
69.29647258024835 271.6625405505693
69.65044547244037 272.72445922714553
71.06633704120861 274.8482965802979
72.48222860997691 276.61816104125825
73.54414728655308 277.6800797178345
74.25209307093729 278.74199839441064
74.96003885532139 279.80391707098687
76.02195753189761 281.2198086397551
76.72990331628176 282.28172731633134
77.43784910066586 283.34364599290757
78.49976777724208 284.05159177729166
79.91565934601039 285.82145623825204
81.33155091477863 286.52940202263613
82.39346959135486 287.5913206992125
83.80936116012316 288.65323937578853
85.2252527288914 289.71515805236476
87.3490900820438 291.131049621133
89.11895454300412 292.5469411899013
91.24279189615658 293.96283275866955
92.3047105727328 294.6707785430537
93.36662924930903 295.73269721963004
95.13649371026935 296.7946158962061
96.5523852790376 297.50256168059025
97.9682768478059 298.5644803571666
99.03019552438212 299.2724261415507
100.09211420095835 299.62639903374276
101.15403287753452 300.3343448181269
102.21595155411075 301.04229060251106
103.27787023068691 301.75023638689515
104.69376179945522 302.4581821712793
106.10965336822346 303.16612795566346
107.52554493699176 303.52010084785553
108.94143650576007 304.2280466322396
110.00335518233624 304.5820195244317
111.0652738589124 304.5820195244317
112.48116542768076 304.9359924166238
113.54308410425688 304.9359924166238
114.95897567302518 304.9359924166238
116.0208943496014 304.9359924166238
117.43678591836965 304.9359924166238
118.49870459494588 304.9359924166238
119.5606232715221 304.9359924166238
120.62254194809827 304.9359924166238
122.03843351686658 304.5820195244317
123.1003521934428 304.2280466322396
124.16227087001897 303.52010084785553
125.22418954659526 303.16612795566346
126.28610822317142 302.8121550634714
127.3480268997476 302.4581821712793
128.40994557632382 301.3962634947031
129.4718642529 301.04229060251106
130.53378292947627 300.3343448181269
131.5957016060524 299.62639903374276
133.01159317482075 298.5644803571666
134.07351185139692 297.85653457278244
135.13543052797314 296.7946158962061
136.1973492045493 296.0866701118221
136.90529498893352 295.0247514352458
137.9672136655097 293.96283275866955
138.32118655770182 292.9009140820935
139.02913234208586 291.83899540551715
139.73707812647007 290.7770767289411
140.44502391085416 289.71515805236476
141.5069425874304 287.94529359140444
142.5688612640066 286.52940202263613
142.92283415619863 285.46748334605996
143.2768070483907 283.34364599290757
143.2768070483907 281.92775442413927
143.2768070483907 280.86583574756304
143.2768070483907 279.4499441787948
143.2768070483907 278.38802550221857
143.2768070483907 277.3261068256424
143.2768070483907 275.9102152568741
143.2768070483907 274.49432368810585
143.2768070483907 273.0784321193376
142.92283415619863 270.95459476618515
142.21488837181448 269.5387031974168
141.86091547962246 268.1228116286486
141.5069425874304 266.70692005988025
140.79899680304624 264.93705559892004
140.44502391085416 263.8751369223437
140.09105101866214 262.81321824576753
139.38310523427793 261.3973266769992
139.38310523427793 259.981435108231
139.02913234208586 258.5655435394627
138.67515944989384 257.5036248628865
138.67515944989384 256.0877332941182
138.32118655770182 255.02581461754204
137.9672136655097 253.60992304877374
137.61324077331767 252.54800437219757
136.90529498893352 249.71622123466102
nb_points_on_contour: 91
89.82690032738827 172.55013073678998
88.41100875862008 171.4882120602137
87.3490900820438 170.78026627582966
85.93319851327556 169.71834759925338
84.87127983669933 168.65642892267715
83.45538826793103 167.9484831382931
82.39346959135491 167.24053735390885
80.97757802258661 166.5325915695248
79.56168645381837 165.82464578514063
78.14579488505001 164.76272710856443
76.72990331628182 163.70080843198826
75.31401174751346 162.99286264760406
73.828125 162.75000000000003
73.17187500000006 164.71875000000003
71.20312500000006 166.68750000000006
69.890625 168.65625000000006
67.921875 168.65625000000006
65.953125 168.65625000000006
63.98437500000006 168.00000000000006
62.01562500000006 166.68750000000006
60.046875 165.37500000000003
58.734375 163.40625000000003
56.765625 162.09375000000003
54.79687500000006 160.12500000000003
53.36769243160518 160.51505240225958
52.30577375502895 160.86902529445166
51.243855078452725 161.5769710788358
50.53590929406863 162.638889755412
50.181936401876555 163.70080843198826
49.473990617492404 164.76272710856443
49.120017725300386 166.17861867733268
48.76604483310837 167.24053735390885
48.058099048724216 168.65642892267715
47.704126156532084 170.42629338363759
47.35015326434001 171.84218495240577
46.99618037214799 172.90410362898206
46.99618037214799 174.31999519775025
46.64220747995586 175.38191387432653
46.64220747995586 176.44383255090264
46.64220747995586 177.859724119671
46.28823458776378 178.92164279624723
46.28823458776378 179.98356147282334
45.93426169557182 181.39945304159158
45.93426169557182 182.81534461036006
45.93426169557182 183.8772632869361
45.93426169557182 184.9391819635124
45.93426169557182 186.35507353228058
46.64220747995586 188.12493799324108
46.99618037214799 189.54082956200926
47.704126156532084 190.60274823858555
48.41207194091618 191.66466691516166
49.120017725300386 192.7265855917379
49.473990617492404 193.78850426831417
50.53590929406863 195.20439583708236
51.243855078452725 196.26631451365864
52.65974664722114 197.68220608242683
53.72166532379731 198.7441247590031
55.1375568925655 199.45207054338715
56.199475569141725 199.80604343557923
57.615367137910084 200.1600163277713
58.677285814486254 200.1600163277713
60.046875 198.84375
60.703125 196.875
61.359375 194.90625
63.328125 193.59375
65.296875 191.625
66.609375 189.65625
68.578125 187.6875
70.546875 187.03125
72.515625 187.03125
74.484375 186.375
76.453125 186.375
78.421875 186.375
80.390625 186.375
82.359375 186.375
83.80936116012316 184.23123617912825
84.51730694450725 183.16931750255208
85.57922562108354 182.46137171816792
86.64114429765971 181.75342593378366
87.70306297423593 181.39945304159158
88.7649816508121 181.04548014939962
89.82690032738827 180.33753436501553
90.18087321958035 179.2756156884393
90.53484611177248 178.21369701186308
90.53484611177248 176.79780544309472
90.53484611177248 175.38191387432653
90.53484611177248 174.31999519775025
90.53484611177248 173.25807652117413
90.53484611177248 172.19615784459785
90.18087321958035 171.13423916802162
89.82690032738827 170.0723204914455
slice_number: 21
nb_points_on_contour: 140
258.67196990300516 271.66254055056925
257.610051226429 271.66254055056925
256.5481325498528 271.66254055056925
255.4862138732766 271.66254055056925
253.71634941231622 271.66254055056925
252.30045784354797 271.66254055056925
250.88456627477967 271.66254055056925
249.46867470601143 271.30856765837717
248.05278313724313 270.60062187399296
246.99086446066696 270.60062187399296
245.92894578409073 270.60062187399296
244.1590813231304 270.24664898180094
243.09716264655418 270.24664898180094
241.68127107778594 270.24664898180094
240.61935240120965 269.89267608960887
239.2034608324414 269.89267608960887
237.7875692636731 269.5387031974168
236.37167769490486 269.5387031974168
234.95578612613656 269.1847303052248
233.8938674495604 269.1847303052248
232.83194877298416 268.83075741303264
231.41605720421592 268.4767845208406
230.3541385276397 268.12281162864855
229.29221985106346 267.4148658442644
228.2303011744873 266.70692005988025
227.52235539010314 265.645001383304
226.46043671352692 264.58308270672785
226.1064638213349 263.5211640301517
225.3985180369507 262.4592453535754
224.6905722525666 261.3973266769992
223.62865357599043 260.6893808926151
222.56673489941414 259.62746221603885
221.50481622283797 258.91951643165476
220.44289754626175 257.85759775507853
219.38097886968552 256.7956790785023
218.31906019310935 255.7337604019261
217.6111144087252 254.6718417253499
216.90316862434105 253.6099230487737
216.19522283995695 252.5480043721975
215.84124994776488 251.48608569562128
215.4872770555728 250.4241670190451
214.77933127118865 249.3622483424689
214.42535837899658 247.9463567737006
213.71741259461248 246.8844380971244
213.3634397024204 245.8225194205482
213.00946681022833 244.76060074397196
211.9475481336521 243.69868206739577
211.23960234926795 242.63676339081957
209.82371078049965 241.57484471424337
208.76179210392348 240.8668989298592
207.6998734273473 239.804980253283
206.6379547507711 239.09703446889887
205.57603607419486 238.03511579232267
204.51411739761863 237.68114290013057
203.45219872104246 236.97319711574644
202.39028004446624 236.26525133136232
201.32836136789 235.91127843917025
200.26644269131384 235.55730554697817
199.20452401473761 235.20333265478612
198.14260533816145 235.20333265478612
197.08068666158516 235.20333265478612
196.018767985009 235.55730554697817
195.3108222006249 236.61922422355437
194.6028764162407 238.03511579232267
194.24890352404861 239.09703446889887
193.54095773966452 240.51292603766714
193.18698484747244 241.57484471424337
193.18698484747244 242.63676339081957
193.18698484747244 243.69868206739577
193.18698484747244 244.76060074397196
193.18698484747244 245.8225194205482
193.54095773966452 246.8844380971244
193.8949306318566 247.9463567737006
194.6028764162407 249.3622483424689
195.3108222006249 250.77813991123713
195.66479509281692 252.1940314800054
196.37274087720107 253.25595015658163
196.72671376939314 254.31786883315783
197.43465955377724 255.37978750973403
198.49657823035346 256.4417061863103
199.5584969069297 257.85759775507853
200.26644269131384 258.91951643165476
200.974388475698 259.9814351082309
201.6823342600821 261.04335378480715
202.7442529366583 262.1052724613834
203.80617161323454 262.8132182457675
204.51411739761863 263.8751369223437
205.57603607419486 264.9370555989199
206.283981858579 265.99897427549615
207.34590053515518 266.70692005988025
208.76179210392348 268.12281162864855
209.82371078049965 269.1847303052248
210.53165656488386 270.24664898180094
211.59357524146003 271.30856765837717
211.9475481336521 272.3704863349534
213.00946681022833 273.43240501152957
213.71741259461248 274.4943236881058
214.77933127118865 275.2022694724899
215.4872770555728 276.2641881490661
216.54919573214903 277.32610682564234
217.6111144087252 278.3880255022185
218.67303308530143 279.09597128660266
219.7349517618776 280.1578899631789
220.79687043845388 281.2198086397551
221.85878911503005 281.9277544241392
222.92070779160622 282.98967310071544
223.98262646818245 283.6976188850996
225.3985180369507 284.40556466948374
226.814409605719 285.11351045386783
228.2303011744873 285.4674833460599
229.29221985106346 285.821456238252
230.3541385276397 285.821456238252
231.41605720421592 285.821456238252
232.4779758807921 285.821456238252
233.5398945573683 285.821456238252
234.60181323394454 285.821456238252
235.6637319105207 285.821456238252
236.72565058709694 285.821456238252
238.8494879402494 285.821456238252
239.91140661682556 285.821456238252
240.97332529340179 285.821456238252
242.03524396997796 285.4674833460599
243.4511355387462 285.4674833460599
244.51305421532248 285.11351045386783
245.57497289189865 284.75953756167576
246.99086446066696 284.40556466948374
248.05278313724313 284.0515917772916
249.46867470601143 283.6976188850996
250.5305933825876 282.98967310071544
251.59251205916388 282.2817273163313
252.65443073574005 281.57378153194713
253.71634941231622 280.865835747563
255.13224098108452 280.1578899631789
255.84018676546867 279.09597128660266
256.9021054420449 278.0340526100265
257.96402411862107 276.97213393345027
259.0259427951973 275.91021525687404
259.73388857958145 274.4943236881058
260.0878614717735 273.43240501152957
260.0878614717735 272.3704863349534
nb_points_on_contour: 167
83.10141537573901 280.15788996317895
86.28717140546757 281.5737815319472
88.05703586642795 282.28172731633134
89.82690032738827 282.6357002085234
91.59676478834865 283.34364599290757
93.36662924930903 283.34364599290757
95.13649371026935 283.6976188850996
96.90635817122967 284.05159177729166
98.67622263219005 284.05159177729166
100.44608709315037 284.05159177729166
101.86197866191867 284.05159177729166
103.63184312287899 284.05159177729166
104.69376179945522 284.05159177729166
106.10965336822346 284.05159177729166
107.52554493699176 284.05159177729166
109.29540939795208 284.05159177729166
110.71130096672044 283.34364599290757
111.77321964329661 282.6357002085234
112.83513831987278 282.6357002085234
113.89705699644895 281.92775442413927
115.31294856521731 281.2198086397551
116.484375 279.5625
118.453125 278.25
119.765625 276.28125
121.734375 274.96875
123.046875 273.0
125.015625 271.6875
126.328125 269.71875
126.984375 267.75
128.296875 265.78125
128.953125 263.8125
129.609375 261.84375
129.609375 259.875
130.265625 257.90625
130.265625 255.9375
130.265625 253.96875
130.265625 252.0
130.265625 250.03125
130.265625 248.0625
130.265625 246.09375
130.265625 244.125
130.265625 242.15625
130.265625 240.1875
126.99405400755552 239.09703446889893
126.6400811153635 237.32717000793855
125.93213533097935 236.26525133136238
125.93213533097935 235.20333265478615
125.22418954659526 233.43346819382577
125.22418954659526 232.01757662505753
124.87021665440312 230.9556579484813
124.51624376221105 229.89373927190508
124.16227087001897 228.8318205953289
123.80829797782695 227.76990191875268
123.45432508563488 226.35401034998443
123.1003521934428 225.2920916734082
123.1003521934428 224.23017299683204
123.1003521934428 223.1682543202558
124.16227087001897 221.75236275148757
125.22418954659526 220.69044407491134
126.28610822317142 219.6285253983351
127.3480268997476 219.27455250614304
128.40994557632382 218.56660672175894
129.4718642529 217.8586609373748
130.53378292947627 217.50468804518272
131.5957016060524 217.50468804518272
132.6576202826286 217.50468804518272
133.71953895920484 218.56660672175894
134.78145763578112 219.6285253983351
135.8433763123573 220.69044407491134
136.90529498893352 222.10633564367959
137.61324077331767 223.1682543202558
137.9672136655097 224.58414588902406
138.32118655770182 226.35401034998443
138.32118655770182 228.8318205953289
138.67515944989384 230.24771216409715
138.67515944989384 232.01757662505753
139.02913234208586 233.0794953016337
139.38310523427793 234.495386870402
139.38310523427793 235.55730554697817
139.73707812647007 236.6192242235544
139.73707812647007 237.68114290013057
139.73707812647007 238.74306157670685
139.73707812647007 240.1589531454751
139.73707812647007 241.57484471424345
139.73707812647007 242.9907362830117
139.73707812647007 244.05265495958793
139.73707812647007 245.1145736361641
139.38310523427793 247.94635677370064
139.02913234208586 249.00827545027687
138.67515944989384 250.0701941268531
138.67515944989384 251.13211280342927
138.32118655770182 252.54800437219757
138.32118655770182 254.3178688331579
138.32118655770182 256.0877332941182
138.32118655770182 257.5036248628865
138.32118655770182 258.91951643165476
138.32118655770182 260.3354080004232
138.32118655770182 262.1052724613834
138.32118655770182 263.8751369223437
138.32118655770182 265.645001383304
138.32118655770182 266.70692005988025
138.32118655770182 267.7688387364566
138.67515944989384 269.892676089609
139.02913234208586 271.6625405505693
139.38310523427793 272.72445922714553
139.73707812647007 274.1403507959138
140.09105101866214 275.20226947249
140.44502391085416 276.2641881490662
140.79899680304624 277.6800797178345
141.15296969523837 278.74199839441064
141.5069425874304 279.80391707098687
141.5069425874304 281.2198086397551
141.5069425874304 282.28172731633134
141.5069425874304 284.05159177729166
141.86091547962246 285.1135104538679
141.86091547962246 286.17542913044406
141.86091547962246 287.2373478070203
141.86091547962246 288.2992664835965
141.86091547962246 289.3611851601727
141.5069425874304 290.4231038367489
140.79899680304624 291.83899540551715
139.73707812647007 292.9009140820935
137.9672136655097 294.3168056508616
136.90529498893352 295.0247514352458
135.48940342016527 295.73269721963004
134.42748474358905 296.44064300401413
132.6576202826286 297.1485887883982
131.24172871386037 297.50256168059025
129.82583714509207 297.85653457278244
128.40994557632382 297.85653457278244
126.99405400755552 297.85653457278244
125.57816243878727 297.85653457278244
124.16227087001897 297.85653457278244
122.74637930125073 297.85653457278244
121.33048773248242 297.85653457278244
120.26856905590626 297.85653457278244
118.49870459494588 297.85653457278244
116.72884013398556 297.85653457278244
115.66692145740939 297.85653457278244
114.25102988864109 297.85653457278244
112.83513831987278 297.85653457278244
111.77321964329661 297.50256168059025
110.35732807452831 297.50256168059025
108.94143650576007 297.1485887883982
107.52554493699176 296.7946158962061
106.10965336822346 296.44064300401413
104.69376179945522 295.73269721963004
102.9238973384949 295.73269721963004
101.5080057697266 295.0247514352458
100.44608709315037 294.6707785430537
99.03019552438212 294.3168056508616
97.9682768478059 293.6088598664775
96.19841238684558 292.5469411899013
95.13649371026935 291.83899540551715
94.07457503369312 291.131049621133
93.0126563571169 290.4231038367489
91.95073768054067 289.71515805236476
90.8888190039645 289.0072122679806
89.82690032738827 288.2992664835965
88.7649816508121 287.5913206992125
87.70306297423588 286.8833749148282
86.64114429765971 286.17542913044406
85.2252527288914 284.40556466948374
84.16333405231512 283.34364599290757
83.10141537573901 282.6357002085234
82.39346959135486 281.5737815319472
81.33155091477863 279.80391707098687
label: emphysema
localisation: peripheral/sub_pleural
slice_number: 5
nb_points_on_contour: 40
231.04210437699643 250.13246069309528
231.04210437699643 248.9409683410088
230.64494025963424 247.74947598892243
229.85061202490996 246.557983636836
229.0562837901857 245.36649128474954
227.86479143809927 244.57216305002532
226.67329908601292 243.77783481530096
225.4818067339264 243.38067069793885
224.29031438184003 243.38067069793885
223.09882202975356 243.38067069793885
221.90732967766715 242.98350658057674
220.71583732558074 242.18917834585247
219.52434497349427 241.3948501111282
218.33285262140785 240.997685993766
217.14136026932144 240.20335775904178
215.94986791723503 239.40902952431742
214.75837556514855 239.40902952431742
213.5668832130622 239.8061936416796
212.77255497833787 240.997685993766
212.37539086097573 242.18917834585247
211.9782267436137 243.38067069793885
211.9782267436137 244.57216305002532
212.37539086097573 245.76365540211174
213.5668832130622 246.557983636836
214.36121144778647 247.74947598892243
215.5527037998729 247.74947598892243
216.74419615195936 248.1466401062846
217.14136026932144 250.52962481045742
218.33285262140785 251.72111716254386
219.52434497349427 252.51544539726814
220.71583732558074 252.91260951463025
221.90732967766715 252.91260951463025
223.09882202975356 252.91260951463025
224.29031438184003 252.91260951463025
225.4818067339264 252.91260951463025
226.67329908601286 252.51544539726814
227.86479143809927 251.72111716254386
229.0562837901857 251.72111716254386
230.2477761422721 251.72111716254386
231.43926849435852 251.72111716254386
slice_number: 9
nb_points_on_contour: 54
230.64494025963424 262.0473842139595
231.83643261172065 261.65022009659737
233.42508908116932 261.65022009659737
234.61658143325562 261.2530559792352
235.8080737853421 260.85589186187303
236.99956613742845 260.45872774451095
238.19105848951497 260.06156362714876
239.38255084160133 260.06156362714876
240.57404319368774 260.06156362714876
241.7655355457741 260.06156362714876
242.95702789786063 260.06156362714876
244.14852024994698 260.06156362714876
245.34001260203345 260.06156362714876
246.53150495411992 260.06156362714876
247.72299730620628 260.06156362714876
248.51732554093067 261.2530559792352
248.51732554093067 262.44454833132164
248.51732554093067 263.63604068340805
248.51732554093067 264.8275330354945
248.51732554093067 266.0190253875809
248.51732554093067 267.21051773966735
248.51732554093067 268.40201009175377
248.12016142356842 269.5935024438402
246.928669071482 271.18215891328873
245.7371767193956 271.976487148013
244.54568436730918 272.37365126537514
243.35419201522276 272.37365126537514
242.1626996631363 272.7708153827373
240.97120731104994 272.7708153827373
239.77971495896347 273.1679795000995
238.98538672423925 274.3594718521859
237.79389437215278 274.75663596954803
236.60240202006636 275.1538000869101
235.41090966797995 275.1538000869101
234.21941731589354 275.1538000869101
233.02792496380707 275.1538000869101
231.83643261172065 275.1538000869101
230.64494025963424 275.1538000869101
229.45344790754777 275.1538000869101
228.2619555554614 275.1538000869101
227.07046320337494 275.1538000869101
225.87897085128853 275.1538000869101
224.68747849920211 274.75663596954803
223.09882202975356 272.7708153827373
221.90732967766715 271.976487148013
221.90732967766715 270.78499479592665
222.70165791239143 269.5935024438402
222.70165791239143 268.40201009175377
222.70165791239143 267.21051773966735
224.29031438184003 266.81335362230516
225.4818067339264 266.0190253875809
226.67329908601292 265.2246971528566
227.86479143809927 264.43036891813233
229.0562837901857 264.43036891813233
slice_number: 11
nb_points_on_contour: 64
245.73717671939565 279.9197694952559
246.928669071482 279.5226053778937
248.12016142356842 278.7282771431694
248.9144896582928 277.53678479108294
249.31165377565483 276.3452924389966
249.70881789301697 275.1538000869101
250.5031461277413 273.96230773482375
250.5031461277413 272.7708153827373
250.5031461277413 271.5793230306508
250.5031461277413 270.38783067856446
250.5031461277413 269.19633832647804
250.5031461277413 268.0048459743916
250.5031461277413 266.81335362230516
250.5031461277413 265.6218612702188
249.70881789301697 264.43036891813233
248.51732554093067 264.03320480077025
247.32583318884414 263.63604068340805
246.1343408367578 263.2388765660459
244.94284848467132 263.2388765660459
243.7513561325849 263.2388765660459
242.55986378049843 263.2388765660459
241.36837142841213 263.2388765660459
240.1768790763256 263.2388765660459
238.98538672423925 263.2388765660459
237.79389437215278 263.2388765660459
236.60240202006636 263.2388765660459
235.41090966797995 263.2388765660459
234.2194173158936 263.2388765660459
233.02792496380707 263.2388765660459
231.83643261172065 264.43036891813233
231.04210437699643 265.6218612702188
229.85061202490996 266.0190253875809
228.65911967282355 266.81335362230516
227.46762732073708 267.6076818570295
226.27613496865078 268.40201009175377
225.4818067339264 269.5935024438402
224.29031438184003 270.38783067856446
223.49598614711576 271.5793230306508
222.3044937950293 272.3736512653751
221.90732967766715 273.56514361746156
221.11300144294287 274.75663596954803
219.9215090908564 275.9481283216344
219.9215090908564 277.13962067372086
219.9215090908564 278.3311130258072
221.11300144294287 279.5226053778937
222.3044937950293 279.9197694952559
223.49598614711576 280.7140977299801
224.68747849920211 281.1112618473423
226.27613496865078 281.90559008206657
227.46762732073708 282.3027541994287
228.65911967282355 282.69991831679084
229.85061202490996 282.69991831679084
231.04210437699643 282.69991831679084
232.2335967290828 282.69991831679084
233.82225319853146 282.69991831679084
235.01374555061776 282.69991831679084
236.20523790270423 282.69991831679084
236.99956613742845 283.89141066887726
238.19105848951492 283.097082434153
239.77971495896347 282.69991831679084
240.97120731104994 281.90559008206657
242.1626996631363 281.1112618473423
243.35419201522276 280.31693361261796
244.54568436730918 280.31693361261796
nb_points_on_contour: 74
144.06316267468753 297.39499065919
145.25465502677395 296.6006624244658
146.4461473788604 295.8063341897415
147.2404756135847 294.61484183765504
148.4319679656711 293.4233494855686
148.4319679656711 292.2318571334822
149.22629620039538 291.0403647813958
149.22629620039538 289.8488724293094
148.03480384830894 289.0545441945851
146.84331149622253 289.0545441945851
145.6518191441361 289.0545441945851
144.4603267920497 289.0545441945851
143.26883443996326 289.0545441945851
142.07734208787684 289.0545441945851
140.88584973579043 289.0545441945851
139.694357383704 288.6573800772229
138.50286503161757 288.2602159598608
137.31137267953116 287.8630518424987
136.11988032744475 287.4658877251365
134.9283879753583 287.0687236077744
133.7368956232719 287.0687236077744
132.54540327118548 287.0687236077744
131.35391091909904 287.0687236077744
129.76525444965048 287.0687236077744
128.57376209756407 287.0687236077744
127.38226974547763 287.0687236077744
126.19077739339122 287.0687236077744
124.9992850413048 287.0687236077744
123.80779268921836 287.0687236077744
122.61630033713195 287.0687236077744
121.42480798504553 287.0687236077744
120.23331563295912 287.0687236077744
119.04182328087268 287.0687236077744
117.85033092878626 287.0687236077744
116.65883857669985 287.4658877251365
115.46734622461341 287.4658877251365
114.275853872527 287.4658877251365
113.08436152044058 287.4658877251365
111.89286916835414 287.4658877251365
111.495705050992 288.6573800772229
111.495705050992 289.8488724293094
111.495705050992 291.0403647813958
111.495705050992 292.2318571334822
111.495705050992 293.4233494855686
111.495705050992 294.61484183765504
111.495705050992 295.8063341897415
111.89286916835414 296.9978265418279
113.08436152044058 297.39499065919
114.67301798988913 297.7921547765522
115.86451034197555 297.7921547765522
117.05600269406196 298.58648301127647
118.24749504614837 298.58648301127647
119.43898739823481 298.58648301127647
120.63047975032123 299.38081124600075
121.82197210240764 299.7779753633629
123.01346445449408 300.57230359808716
124.2049568065805 300.57230359808716
125.39644915866694 300.57230359808716
126.58794151075335 301.36663183281144
127.7794338628398 301.36663183281144
128.9709262149262 301.36663183281144
130.16241856701262 301.36663183281144
131.35391091909904 301.36663183281144
132.9425673885476 301.36663183281144
134.134059740634 301.36663183281144
135.32555209272044 301.36663183281144
136.51704444480686 301.36663183281144
137.7085367968933 301.36663183281144
138.90002914897974 301.36663183281144
140.09152150106615 301.36663183281144
141.28301385315257 301.36663183281144
142.47450620523898 300.57230359808716
143.66599855732542 300.175139480725
144.4603267920497 298.9836471286386
slice_number: 12
nb_points_on_contour: 72
254.47478730136268 266.81335362230516
253.28329494927632 266.0190253875809
252.09180259718985 265.6218612702188
250.90031024510344 264.8275330354945
249.70881789301697 264.8275330354945
248.51732554093067 264.8275330354945
247.32583318884414 264.8275330354945
246.1343408367578 264.8275330354945
244.94284848467132 264.8275330354945
243.7513561325849 264.8275330354945
242.55986378049843 264.8275330354945
241.36837142841213 264.8275330354945
240.1768790763256 264.8275330354945
238.98538672423925 264.8275330354945
237.79389437215278 264.8275330354945
236.60240202006636 264.8275330354945
235.41090966797995 264.8275330354945
234.2194173158936 264.8275330354945
233.02792496380707 265.6218612702188
231.83643261172065 266.4161895049431
230.64494025963424 266.81335362230516
229.45344790754777 266.81335362230516
228.2619555554614 267.21051773966735
227.46762732073708 268.40201009175377
226.67329908601292 269.5935024438402
225.4818067339264 270.38783067856446
224.68747849920211 271.5793230306508
223.49598614711576 272.3736512653751
222.70165791239143 273.56514361746156
221.510165560305 274.3594718521859
221.11300144294287 275.5509642042723
221.11300144294287 276.74245655635866
220.71583732558074 277.93394890844513
220.71583732558074 279.12544126053155
220.71583732558074 280.31693361261796
220.71583732558074 281.5084259647044
221.90732967766715 282.3027541994287
223.09882202975356 283.097082434153
224.29031438184003 283.89141066887726
225.08464261656425 285.08290302096367
226.27613496865078 285.08290302096367
227.46762732073708 285.08290302096367
228.65911967282355 285.08290302096367
229.85061202490996 285.08290302096367
231.04210437699643 285.08290302096367
232.2335967290828 285.08290302096367
233.42508908116932 285.08290302096367
234.61658143325562 285.08290302096367
235.8080737853421 285.08290302096367
236.99956613742845 285.08290302096367
238.19105848951497 285.08290302096367
239.38255084160133 284.68573890360153
240.57404319368774 285.08290302096367
241.7655355457741 284.68573890360153
242.95702789786063 283.89141066887726
244.14852024994698 283.097082434153
245.34001260203345 282.69991831679084
246.53150495411992 281.90559008206657
247.72299730620628 281.1112618473423
248.51732554093067 279.9197694952559
249.70881789301697 279.5226053778937
250.90031024510344 278.7282771431694
252.09180259718985 277.93394890844513
254.07762318400054 276.74245655635866
254.87195141872482 275.5509642042723
255.6662796534491 274.3594718521859
256.0634437708113 273.1679795000995
256.8577720055355 271.976487148013
256.8577720055355 270.78499479592665
256.8577720055355 269.5935024438402
256.8577720055355 268.40201009175377
256.0634437708113 267.21051773966735
nb_points_on_contour: 83
150.02062443511966 291.83469301612007
149.62346031775752 290.64320066403366
148.4319679656711 290.2460365466715
147.2404756135848 289.4517083119472
146.04898326149836 288.6573800772229
144.85749090941195 288.2602159598608
143.66599855732554 287.8630518424987
142.4745062052391 287.4658877251365
140.88584973579043 287.0687236077744
139.694357383704 286.27439537305
138.50286503161757 285.87723125568795
137.31137267953116 285.08290302096367
136.11988032744475 284.68573890360153
134.9283879753583 284.68573890360153
133.73689562327198 284.68573890360153
132.54540327118556 284.68573890360153
131.35391091909912 284.68573890360153
130.1624185670127 284.68573890360153
128.9709262149263 284.68573890360153
127.77943386283988 284.68573890360153
126.58794151075335 284.68573890360153
125.39644915866697 284.68573890360153
124.2049568065805 284.68573890360153
123.01346445449408 284.68573890360153
121.82197210240764 284.68573890360153
120.63047975032123 285.08290302096367
119.43898739823481 285.4800671383258
118.24749504614837 285.4800671383258
117.05600269406196 285.4800671383258
115.86451034197555 285.87723125568795
114.67301798988913 285.87723125568795
113.48152563780269 286.6715594904122
112.29003328571628 287.8630518424987
111.09854093362986 289.0545441945851
109.90704858154342 290.2460365466715
108.71555622945701 291.0403647813958
107.92122799473273 292.23185713348215
106.72973564264635 293.0261853682065
106.72973564264635 294.2176777202929
106.72973564264635 295.4091700723793
106.72973564264635 296.9978265418279
106.72973564264635 298.18931889391433
107.92122799473273 298.9836471286386
109.11272034681917 299.38081124600075
109.90704858154342 300.57230359808716
111.09854093362986 300.57230359808716
112.29003328571628 300.9694677154493
113.48152563780269 300.9694677154493
114.67301798988913 300.9694677154493
115.86451034197555 301.36663183281144
117.05600269406196 301.36663183281144
118.24749504614837 302.1609600675357
119.43898739823481 302.55812418489785
120.63047975032123 302.95528830226004
121.82197210240764 303.3524524196221
123.01346445449408 303.7496165369843
124.2049568065805 303.7496165369843
125.39644915866697 303.7496165369843
126.58794151075335 303.7496165369843
127.77943386283991 303.7496165369843
128.97092621492632 303.7496165369843
130.16241856701274 303.7496165369843
131.35391091909915 303.7496165369843
132.5454032711856 303.7496165369843
133.736895623272 303.7496165369843
134.9283879753583 303.7496165369843
136.11988032744475 303.7496165369843
137.31137267953116 303.7496165369843
138.50286503161757 303.7496165369843
140.09152150106618 303.7496165369843
141.2830138531526 303.7496165369843
142.474506205239 302.55812418489785
143.66599855732545 301.76379595017363
144.85749090941187 300.9694677154493
146.04898326149828 300.9694677154493
147.24047561358472 300.9694677154493
148.82913208303322 299.7779753633629
149.22629620039538 298.58648301127647
149.22629620039538 297.39499065919
149.22629620039538 296.20349830710364
149.22629620039538 295.01200595501723
149.22629620039538 293.82051360293076
149.22629620039538 292.62902125084435
slice_number: 13
nb_points_on_contour: 96
148.23242753907965 284.05159177729155
147.17050886250374 283.6976188850996
145.75461729373518 283.6976188850996
144.33872572496713 283.3436459929075
142.47450620523918 283.89141066887726
141.28301385315277 283.89141066887726
140.09152150106632 283.89141066887726
138.90002914897983 283.89141066887726
137.70853679689333 283.89141066887726
136.51704444480686 283.89141066887726
135.32555209272044 283.89141066887726
134.134059740634 283.89141066887726
132.54540327118568 283.89141066887726
131.35391091909923 283.89141066887726
130.16241856701282 283.89141066887726
128.9709262149264 283.89141066887726
127.77943386284 283.89141066887726
125.79361327602908 285.08290302096367
124.60212092394264 285.08290302096367
123.41062857185622 285.08290302096367
122.21913621976981 285.08290302096367
121.02764386768337 285.08290302096367
119.83615151559695 285.08290302096367
118.64465916351054 285.08290302096367
117.45316681142413 285.08290302096367
116.26167445933768 285.4800671383258
115.07018210725127 285.87723125568795
113.87868975516486 286.6715594904122
112.68719740307841 287.4658877251365
111.495705050992 287.8630518424987
110.30421269890562 287.8630518424987
109.11272034681917 288.2602159598608
108.31839211209487 289.4517083119472
107.12689976000843 290.2460365466715
106.33257152528418 291.4375288987579
103.98581601507104 292.19296829770917
103.27787023068689 293.25488697428545
102.92389733849484 294.3168056508616
101.86197866191861 295.37872432743785
101.50800576972654 296.4406430040141
100.80005998534241 297.50256168059025
101.5666021169385 298.9836471286386
102.36093035166274 300.17513948072497
103.15525858638708 300.57230359808716
104.34675093847352 300.9694677154493
105.5382432905599 301.36663183281144
106.72973564264635 302.1609600675357
107.92122799473273 302.95528830226004
109.11272034681917 303.7496165369843
110.30421269890562 304.14678065434646
111.89286916835414 305.3382730064328
113.08436152044058 305.735437123795
114.67301798988913 306.1326012411571
115.86451034197555 306.1326012411571
117.05600269406196 306.1326012411571
117.79075881056175 306.35188398539196
119.56062327152208 306.35188398539196
120.62254194809827 306.35188398539196
122.39240640905862 306.35188398539196
124.16227087001897 306.35188398539196
125.57816243878727 306.35188398539196
127.3480268997476 306.35188398539196
128.76391846851584 306.35188398539196
130.53378292947622 306.35188398539196
131.5957016060524 306.35188398539196
133.0115931748207 306.35188398539196
134.07351185139692 306.35188398539196
135.13543052797309 305.99791109319995
136.55132209674164 305.99791109319995
137.6132407733176 305.6439382010078
139.02913234208611 304.9359924166237
140.48868561842826 304.5439447717086
141.6801779705147 304.5439447717086
142.87167032260112 302.95528830226004
144.06316267468753 302.95528830226004
145.25465502677395 302.95528830226004
146.4461473788604 302.95528830226004
147.6376397309468 302.55812418489785
148.82913208303322 302.1609600675357
149.62346031775752 300.9694677154493
150.81495266984393 300.17513948072497
152.00644502193038 298.58648301127647
153.1979373740168 298.18931889391433
153.5951014913791 296.9978265418279
153.5951014913791 295.8063341897415
153.5951014913791 294.61484183765504
153.5951014913791 293.4233494855686
153.5951014913791 292.23185713348215
153.99226560874106 291.0403647813958
153.99226560874106 289.8488724293094
153.99226560874106 288.6573800772229
153.99226560874106 287.4658877251365
153.1979373740168 286.27439537305
152.00644502193038 285.87723125568795
151.21211678720616 284.68573890360153
150.02062443511966 284.68573890360153
nb_points_on_contour: 64
258.04926435762195 269.99066656120226
256.8577720055355 269.19633832647804
255.6662796534491 268.40201009175377
254.47478730136268 267.6076818570295
253.28329494927632 266.81335362230516
252.09180259718985 266.81335362230516
250.90031024510344 266.81335362230516
249.70881789301697 266.4161895049431
248.51732554093067 266.4161895049431
247.32583318884414 266.4161895049431
246.1343408367578 266.4161895049431
244.94284848467132 266.4161895049431
243.7513561325849 266.4161895049431
242.55986378049843 266.4161895049431
241.36837142841213 266.4161895049431
240.1768790763256 266.4161895049431
238.98538672423925 266.4161895049431
237.79389437215278 266.4161895049431
236.60240202006636 266.4161895049431
235.41090966797995 266.4161895049431
234.2194173158936 266.4161895049431
233.02792496380707 266.4161895049431
231.83643261172065 266.4161895049431
230.64494025963424 266.4161895049431
229.45344790754777 266.4161895049431
228.2619555554614 267.21051773966735
227.46762732073708 268.40201009175377
226.27613496865078 269.19633832647804
225.4818067339264 270.38783067856446
224.68747849920211 271.5793230306508
223.8931502644779 272.7708153827373
223.49598614711576 273.96230773482375
223.49598614711576 275.1538000869101
223.09882202975356 276.3452924389966
222.70165791239143 277.53678479108294
222.3044937950293 278.7282771431694
221.510165560305 279.9197694952559
220.31867320821854 280.7140977299801
220.31867320821854 281.90559008206657
220.31867320821854 283.097082434153
221.510165560305 283.89141066887726
223.89315026447784 285.08290302096367
226.27613496865072 286.2743953730501
227.46762732073708 286.2743953730501
228.65911967282355 286.2743953730501
229.85061202490996 286.2743953730501
231.04210437699638 286.2743953730501
232.2335967290828 286.2743953730501
233.42508908116926 286.2743953730501
234.61658143325562 286.2743953730501
237.66150633303207 284.8843209622826
240.7064312328085 283.4942465515151
243.7513561325849 282.1041721407476
246.79628103236124 280.7140977299801
249.84120593213774 279.32402331921264
252.88613083191413 277.93394890844513
253.68045906663852 276.3452924389966
254.87195141872482 276.3452924389966
256.0634437708113 275.9481283216344
257.2549361228977 275.5509642042723
258.04926435762195 274.3594718521859
258.04926435762195 273.1679795000995
258.04926435762195 271.976487148013
258.04926435762195 270.78499479592665
slice_number: 14
nb_points_on_contour: 93
152.80077325665465 290.2460365466715
152.00644502193038 289.0545441945851
150.81495266984393 288.6573800772229
149.62346031775752 287.4658877251365
148.4319679656711 286.6715594904122
147.24047561358478 286.27439537305
146.04898326149834 285.87723125568795
144.85749090941192 285.87723125568795
143.6659985573255 285.87723125568795
142.47450620523907 285.87723125568795
141.28301385315265 285.87723125568795
140.09152150106624 285.87723125568795
138.90002914897983 285.87723125568795
137.70853679689333 285.87723125568795
136.51704444480686 285.87723125568795
135.32555209272044 285.87723125568795
134.134059740634 285.87723125568795
132.9425673885476 285.87723125568795
131.75107503646117 285.87723125568795
130.1624185670127 285.87723125568795
128.9709262149263 285.87723125568795
127.77943386283988 285.87723125568795
126.58794151075335 285.87723125568795
125.39644915866697 285.87723125568795
124.2049568065805 285.87723125568795
123.01346445449408 285.87723125568795
121.82197210240764 285.87723125568795
120.63047975032123 285.87723125568795
119.04182328087268 286.27439537305
117.85033092878629 287.0687236077744
116.65883857669985 287.4658877251365
115.46734622461341 288.2602159598608
114.27585387252702 288.6573800772229
113.08436152044058 289.0545441945851
111.89286916835414 289.8488724293094
110.70137681626767 290.2460365466715
109.50988446418128 290.2460365466715
108.31839211209487 290.2460365466715
107.12689976000843 290.64320066403366
106.33257152528418 291.83469301612007
105.14107917319774 293.0261853682065
103.94958682111132 293.82051360293076
103.55242270374919 295.01200595501723
103.55242270374919 296.20349830710364
103.55242270374919 297.39499065919
103.94958682111132 298.58648301127647
103.94958682111132 299.7779753633629
104.7439150558356 300.9694677154493
105.93540740792201 301.76379595017363
107.12689976000843 302.1609600675357
108.31839211209487 302.95528830226004
109.50988446418128 303.7496165369843
110.70137681626767 303.7496165369843
111.89286916835414 303.7496165369843
113.08436152044058 303.7496165369843
114.27585387252702 306.1326012411571
115.46734622461341 306.1326012411571
116.65883857669985 306.1326012411571
117.85033092878629 306.1326012411571
119.04182328087268 306.1326012411571
120.23331563295912 306.1326012411571
121.42480798504556 306.1326012411571
122.61630033713195 306.1326012411571
123.80779268921839 306.1326012411571
124.99928504130483 306.1326012411571
126.19077739339122 306.1326012411571
127.38226974547763 306.1326012411571
128.57376209756407 306.1326012411571
129.76525444965048 306.1326012411571
130.9567468017369 306.1326012411571
132.1482391538233 306.1326012411571
133.33973150590975 306.1326012411571
134.53122385799617 305.735437123795
135.72271621008258 305.735437123795
136.914208562169 305.735437123795
138.10570091425544 305.3382730064328
139.29719326634185 304.94110888907073
140.48868561842826 304.14678065434646
141.28301385315265 303.3524524196221
142.47450620523907 303.3524524196221
143.6659985573255 302.95528830226004
144.85749090941192 302.55812418489785
146.04898326149834 301.36663183281144
147.24047561358478 300.57230359808716
148.03480384830894 299.38081124600075
150.02062443511966 298.58648301127647
150.02062443511966 297.39499065919
151.6092809045682 296.9978265418279
152.00644502193038 295.8063341897415
152.00644502193038 294.61484183765504
152.00644502193038 293.4233494855686
152.00644502193038 292.2318571334822
152.00644502193038 291.0403647813958
