Study: 2.16.840.1.113669.632.20.1211.10000083099
Series: 1.2.840.113704.1.111.4272.1125676384.21
SpacingX: 0.68359375
SpacingY: 0.68359375
SpacingZ: 10.0

label: micronodules
localisation: non-relevant
slice_number: 6
nb_points_on_contour: 97
138.88861585648465 188.84611194074205
134.87798663488283 189.73736287887579
132.20423382048156 189.73736287887579
129.08485553701345 190.18298834794268
126.41110272261221 190.62861381700958
124.62860084634474 190.62861381700958
123.2917244391441 190.62861381700958
121.06359709380973 190.62861381700958
119.72672068660913 191.07423928607642
118.38984427940852 191.07423928607642
117.05296787220789 191.51986475514332
115.27046599594041 192.41111569327705
113.93358958873978 192.8567411623439
112.1510877124723 194.19361756954453
110.81421130527164 194.63924303861137
109.0317094290042 195.976119445812
107.24920755273669 196.8673703839458
105.91233114553609 197.31299585301264
104.57545473833545 198.20424679114637
103.23857833113482 199.0954977292801
101.90170192393421 199.541123198347
100.5648255167336 200.87799960554764
99.67357457859987 202.21487601274822
98.7823236404661 203.55175241994885
97.89107270233237 204.8886288271495
96.9998217641986 206.22550523435012
96.55419629513173 207.5623816415507
95.21731988793113 209.34488351781818
94.32606894979739 211.1273853940857
93.88044348073049 212.46426180128634
92.98919254259675 213.80113820848692
92.98919254259675 215.13801461568755
91.65231613539615 216.4748910228882
91.65231613539615 218.25739289915566
91.65231613539615 219.5942693063563
91.65231613539615 220.93114571355693
92.09794160446302 222.7136475898244
92.98919254259675 224.05052399702498
94.77169441886426 225.38740040422562
96.10857082606486 226.72427681142625
97.4454472332655 227.61552774956
98.7823236404661 228.50677868769372
100.5648255167336 229.39802962582746
102.34732739300108 230.2892805639612
104.12982926926858 231.180531502095
105.46670567646919 231.62615697116183
106.80358208366982 232.07178244022873
108.14045849087043 232.07178244022873
109.92296036713793 232.07178244022873
111.7054622434054 232.07178244022873
113.48796411967291 232.07178244022873
115.27046599594041 232.07178244022873
116.60734240314102 232.07178244022873
117.94421881034162 231.62615697116183
119.72672068660913 231.62615697116183
121.06359709380973 231.62615697116183
122.40047350101037 231.62615697116183
123.73734990821097 231.62615697116183
125.51985178447848 231.62615697116183
127.74797912981285 231.62615697116183
129.53048100608032 231.62615697116183
130.86735741328096 231.62615697116183
132.20423382048156 231.62615697116183
133.54111022768217 231.62615697116183
134.87798663488283 231.180531502095
136.21486304208344 231.180531502095
137.55173944928404 230.7349060330281
138.88861585648465 229.84365509489436
140.67111773275215 228.50677868769372
142.45361960901965 226.72427681142625
144.23612148528713 224.94177493515872
144.681746954354 223.60489852795814
146.0186233615546 223.15927305889124
146.90987429968837 221.82239665169067
147.8011252378221 220.48552024449003
148.24675070688897 219.1486438372894
148.69237617595587 217.81176743008876
149.13800164502274 216.4748910228882
149.13800164502274 215.13801461568755
149.5836271140896 213.80113820848692
150.02925258315648 212.46426180128634
150.92050352129021 211.1273853940857
151.36612899035708 209.79050898688507
151.81175445942398 208.45363257968444
151.81175445942398 207.11675617248386
151.81175445942398 205.77987976528323
151.81175445942398 203.9973778890157
151.81175445942398 202.66050148181512
151.81175445942398 201.32362507461448
151.81175445942398 199.98674866741385
151.81175445942398 198.64987226021327
151.81175445942398 196.8673703839458
151.81175445942398 195.53049397674516
151.81175445942398 194.19361756954453
150.92050352129021 192.8567411623439
149.5836271140896 191.96549022421016
148.24675070688897 191.07423928607642
slice_number: 8
nb_points_on_contour: 169
132.64985928954843 129.57792455484798
131.31298288234782 129.57792455484798
129.97610647514722 129.57792455484798
127.74797912981285 129.57792455484798
126.41110272261221 129.57792455484798
125.07422631541161 129.57792455484798
123.2917244391441 129.57792455484798
121.9548480319435 129.57792455484798
120.61797162474286 129.57792455484798
119.28109521754226 130.02355002391482
117.49859334127476 130.9148009620486
116.16171693407415 131.80605190018235
114.37921505780665 132.6973028383161
113.04233865060604 133.14292830738293
111.7054622434054 133.58855377644983
110.3685858362048 134.0341792455167
108.5860839599373 134.92543018365046
107.24920755273669 135.3710556527173
105.91233114553609 135.8166811217842
103.68420380020171 137.1535575289848
102.34732739300108 138.04480846711857
100.5648255167336 139.38168487431918
98.7823236404661 140.2729358124529
97.4454472332655 140.71856128151978
95.662945356998 142.05543768872042
94.32606894979739 143.39231409592102
92.54356707352989 144.72919050312163
91.65231613539615 146.06606691032226
90.31543972819551 147.4029433175229
88.97856332099491 148.29419425565663
87.1960614447274 148.7398197247235
84.96793409939306 150.522321600991
83.18543222312556 151.8591980081916
80.95730487779119 153.19607441539222
79.62042847059058 154.97857629165972
77.83792659432308 156.31545269886033
76.50105018712247 158.09795457512783
75.16417377992184 158.5435800441947
73.82729737272123 159.88045645139533
72.49042096552063 160.77170738952907
70.70791908925312 162.55420926579654
69.81666815111936 163.89108567299718
68.47979174391875 166.11921301833155
66.69728986765125 168.79296583273276
66.25166439858438 170.1298422399334
65.36041346045064 171.46671864713403
64.4691625223169 173.2492205234015
63.57791158418314 175.03172239966898
63.13228611511627 176.8142242759365
63.13228611511627 178.1511006831371
63.13228611511627 179.48797709033772
63.13228611511627 180.82485349753833
63.13228611511627 182.161729904739
63.13228611511627 183.49860631193957
63.13228611511627 184.8354827191402
63.13228611511627 186.61798459540768
63.13228611511627 187.9548610026083
63.13228611511627 189.73736287887579
63.13228611511627 191.96549022421016
63.13228611511627 194.63924303861137
63.13228611511627 195.976119445812
63.13228611511627 197.31299585301264
63.13228611511627 198.64987226021327
63.57791158418314 200.43237413648075
64.02353705325004 202.21487601274822
64.4691625223169 203.55175241994885
65.36041346045064 205.33425429621633
66.25166439858438 206.67113070341696
67.14291533671815 208.0080071106176
68.03416627485188 209.79050898688507
69.37104268205249 211.1273853940857
70.26229362018626 212.46426180128634
71.59917002738686 213.80113820848692
72.49042096552063 215.13801461568755
72.93604643458747 216.4748910228882
73.82729737272123 218.25739289915566
74.71854831085497 219.5942693063563
75.16417377992184 220.93114571355693
76.05542471805558 222.7136475898244
76.05542471805558 224.05052399702498
76.05542471805558 225.38740040422562
76.94667565618934 227.16990228049315
77.39230112525624 228.50677868769372
78.28355206338995 229.84365509489436
79.17480300152368 231.180531502095
80.06605393965745 232.51740790929557
80.51167940872435 233.8542843164962
81.84855581592495 234.74553525462994
84.0766831612593 236.52803713089747
85.4135595684599 236.9736625999643
88.53293785192801 239.20178994529869
89.86981425912865 240.09304088343242
91.20669066632928 240.98429182156616
92.54356707352989 241.42991729063306
93.88044348073049 241.8755427596999
95.21731988793113 242.7667936978337
96.55419629513173 242.7667936978337
97.89107270233237 242.3211682287668
100.5648255167336 241.42991729063306
102.34732739300108 240.98429182156616
104.57545473833545 240.09304088343242
106.35795661460293 239.64741541436553
109.47733489807104 239.20178994529869
110.81421130527164 238.7561644762318
112.59671318153914 238.31053900716495
116.16171693407415 236.9736625999643
117.49859334127476 236.52803713089747
119.28109521754226 235.63678619276368
120.61797162474286 235.63678619276368
123.2917244391441 234.29990978556305
124.62860084634474 233.8542843164962
125.96547725354534 232.96303337836247
127.30235366074595 232.07178244022873
128.63923006794658 231.180531502095
130.42173194421406 229.84365509489436
132.20423382048156 228.95240415676062
134.20954843128249 227.39271501502657
136.21486304208344 225.8330258732925
137.55173944928404 224.05052399702498
138.44299038741778 222.2680221207575
138.44299038741778 220.93114571355693
137.99736491835088 218.7030183682225
136.66048851115028 217.81176743008876
135.32361210394967 216.0292655538213
133.09548475861533 214.69238914662066
131.31298288234782 213.80113820848692
129.97610647514722 213.35551273942008
126.85672819167908 212.01863633221944
125.51985178447848 211.57301086315255
123.73734990821097 211.1273853940857
120.61797162474286 210.2361344559519
119.28109521754226 209.79050898688507
117.94421881034162 209.34488351781818
116.16171693407415 208.89925804875134
112.59671318153914 208.45363257968444
111.25983677433854 207.5623816415507
109.47733489807104 206.22550523435012
108.14045849087043 205.77987976528323
106.80358208366982 204.4430033580826
104.57545473833545 203.55175241994885
102.79295286206798 202.66050148181512
101.90170192393421 201.32362507461448
101.01045098580047 199.98674866741385
99.22794910953297 196.8673703839458
98.7823236404661 195.53049397674516
98.7823236404661 193.74799210047763
98.7823236404661 191.96549022421016
98.7823236404661 190.62861381700958
98.7823236404661 188.40048647167515
98.7823236404661 186.17235912634084
98.7823236404661 184.8354827191402
99.22794910953297 183.49860631193957
100.11920004766671 180.82485349753833
101.01045098580047 178.59672615220398
101.01045098580047 177.25984974500335
102.34732739300108 174.14047146153524
103.23857833113482 172.80359505433464
105.46670567646919 169.23859130179966
107.24920755273669 167.0104639564653
108.5860839599373 165.67358754926465
109.92296036713793 165.2279620801978
112.1510877124723 163.89108567299718
115.71609146500725 161.6629583276628
117.94421881034162 160.77170738952907
120.172346155676 159.88045645139533
121.9548480319435 158.9892055132616
124.18297537727784 157.65232910606096
125.51985178447848 157.2067036369941
126.85672819167908 156.31545269886033
nb_points_on_contour: 92
231.57871342239426 118.43728782817615
230.24183701519357 118.43728782817615
228.90496060799293 118.43728782817615
227.56808420079236 118.43728782817615
226.23120779359172 118.88291329724302
224.44870591732425 119.3285387663099
223.1118295101236 119.3285387663099
221.77495310292304 119.3285387663099
220.43807669572234 119.3285387663099
218.65557481945487 119.3285387663099
216.8730729431874 119.3285387663099
215.53619653598676 119.3285387663099
213.7536946597193 119.3285387663099
212.41681825251865 119.3285387663099
211.07994184531807 119.3285387663099
209.74306543811744 119.3285387663099
208.4061890309168 119.3285387663099
207.06931262371623 119.3285387663099
205.7324362165156 119.3285387663099
203.94993434024806 119.3285387663099
202.6130579330475 119.3285387663099
201.27618152584685 119.3285387663099
199.93930511864622 119.3285387663099
198.15680324237874 119.3285387663099
196.8199268351781 119.3285387663099
195.48305042797747 119.3285387663099
194.1461740207769 119.3285387663099
192.80929761357626 119.3285387663099
191.47242120637563 119.3285387663099
190.13554479917505 119.3285387663099
188.79866839197442 119.3285387663099
187.46179198477378 119.3285387663099
186.1249155775732 119.77416423537677
184.78803917037257 120.21978970444364
183.45116276317188 120.66541517351051
182.1142863559713 121.1110406425774
180.77740994877067 121.55666611164426
179.4405335415701 122.447917049778
178.10365713436946 122.89354251884488
176.76678072716888 123.78479345697863
175.42990431996824 125.12166986417924
174.98427885090135 126.45854627137986
174.0930279127676 127.79542267858048
173.64740244370077 129.13229908578109
173.64740244370077 130.46917549298172
173.64740244370077 131.80605190018235
173.64740244370077 133.14292830738293
174.0930279127676 134.47980471458357
174.53865338183445 136.26230659085107
175.87552978903508 137.59918299805167
177.21240619623572 138.9360594052523
177.65803166530256 140.2729358124529
178.9949080725032 142.05543768872042
179.4405335415701 143.39231409592102
180.77740994877067 144.2835650340548
181.22303541783756 145.6204414412554
182.5599118250382 146.51169237938916
183.89678823223883 148.29419425565663
185.6792901085063 149.63107066285727
187.01616651570689 150.96794707005785
187.90741745384068 152.30482347725848
189.24429386104126 152.75044894632535
190.5811702682419 153.19607441539222
191.91804667544253 153.19607441539222
193.2549230826431 153.19607441539222
194.5917994898438 153.19607441539222
195.92867589704437 153.19607441539222
197.265552304245 153.19607441539222
198.60242871144564 153.19607441539222
199.93930511864622 152.75044894632535
201.27618152584685 151.8591980081916
202.6130579330475 151.41357253912474
204.39555980931502 150.522321600991
205.7324362165156 149.63107066285727
206.62368715464933 148.29419425565663
207.9605635618499 147.4029433175229
208.8518144999837 146.06606691032226
210.18869090718428 145.17481597218853
211.52556731438492 144.2835650340548
213.30806919065245 144.2835650340548
214.64494559785302 144.2835650340548
217.3186984122543 144.2835650340548
217.76432388132113 142.94668862685415
217.76432388132113 141.60981221965352
218.65557481945487 140.2729358124529
219.9924512266555 138.4904339361854
220.88370216478924 137.1535575289848
222.66620404105672 135.8166811217842
224.44870591732425 134.92543018365046
226.23120779359172 134.47980471458357
227.12245873172546 133.14292830738293
227.12245873172546 131.80605190018235
nb_points_on_contour: 168
286.8362715866864 168.34734036366592
285.49939517948576 168.34734036366592
284.16251877228524 168.34734036366592
282.8256423650846 168.79296583273276
281.48876595788397 168.79296583273276
280.15188955068334 168.79296583273276
278.8150131434827 168.79296583273276
277.47813673628207 168.79296583273276
276.14126032908155 169.23859130179966
274.8043839218808 170.1298422399334
273.4675075146803 170.57546770900026
272.13063110747964 171.46671864713403
270.793754700279 172.80359505433464
269.9025037621452 174.14047146153524
269.01125282401154 175.47734786873588
268.12000188587774 176.8142242759365
266.7831254786771 177.70547521407025
265.4462490714766 178.59672615220398
264.5549981333428 179.9336025594046
263.663747195209 181.2704789666052
263.663747195209 182.60735537380583
265.00062360240975 183.94423178100647
266.33750000961027 184.38985725007333
267.6743764168109 184.38985725007333
269.01125282401154 184.8354827191402
270.34812923121217 184.8354827191402
270.793754700279 186.17235912634084
270.793754700279 187.5092355335414
270.793754700279 188.84611194074205
270.793754700279 190.18298834794268
270.793754700279 191.51986475514332
270.793754700279 192.8567411623439
270.793754700279 194.19361756954453
270.793754700279 195.53049397674516
270.793754700279 196.8673703839458
269.9025037621452 198.20424679114637
269.01125282401154 199.541123198347
267.6743764168109 199.98674866741385
266.33750000961027 199.98674866741385
265.00062360240975 199.98674866741385
263.663747195209 199.98674866741385
262.32687078800836 199.98674866741385
260.98999438080784 199.0954977292801
259.6531179736072 198.20424679114637
258.3162415664066 198.20424679114637
256.97936515920594 198.20424679114637
255.64248875200533 198.64987226021327
255.1968632829385 199.98674866741385
255.1968632829385 201.32362507461448
255.1968632829385 202.66050148181512
256.5337396901391 203.10612695088196
257.87061609733973 203.10612695088196
259.20749250454037 203.10612695088196
260.5443689117409 203.10612695088196
261.8812453189415 203.10612695088196
263.21812172614216 203.10612695088196
264.5549981333428 203.9973778890157
264.5549981333428 205.33425429621633
264.5549981333428 206.67113070341696
264.5549981333428 208.0080071106176
263.663747195209 209.34488351781818
262.7724962570753 210.6817599250188
261.4356198498747 211.57301086315255
260.09874344267405 212.46426180128634
258.76186703547353 213.35551273942008
257.4249906282728 214.69238914662066
256.5337396901391 216.0292655538213
255.1968632829385 216.92051649195503
253.8599868757378 217.36614196102192
252.52311046853723 217.36614196102192
251.1862340613366 217.36614196102192
249.84935765413596 217.36614196102192
248.51248124693538 217.36614196102192
247.17560483973475 217.36614196102192
245.8387284325341 216.4748910228882
244.50185202533353 215.58364008475445
243.61060108719974 214.24676367755382
242.27372467999916 213.80113820848692
240.93684827279853 212.90988727035318
239.5999718655979 211.57301086315255
238.26309545839732 211.1273853940857
236.92621905119668 209.79050898688507
235.58934264399605 209.34488351781818
234.25246623679547 208.0080071106176
232.46996436052794 207.11675617248386
231.1330879533273 206.22550523435012
229.79621154612673 204.8886288271495
228.4593351389261 203.55175241994885
227.12245873172546 202.21487601274822
225.78558232452488 200.87799960554764
224.00308044825735 199.98674866741385
222.66620404105672 199.0954977292801
221.32932763385614 199.0954977292801
219.9924512266555 198.64987226021327
218.20994935038803 198.64987226021327
216.4274474741205 198.64987226021327
215.09057106691992 198.64987226021327
213.30806919065245 198.64987226021327
211.52556731438492 198.64987226021327
210.18869090718428 198.64987226021327
208.8518144999837 198.64987226021327
207.51493809278307 198.64987226021327
206.17806168558243 198.64987226021327
204.84118527838186 199.0954977292801
203.50430887118122 199.0954977292801
202.1674324639806 199.541123198347
200.83055605678 199.541123198347
199.49367964957932 199.98674866741385
198.15680324237874 200.87799960554764
197.265552304245 202.21487601274822
195.92867589704437 203.10612695088196
195.03742495891063 204.4430033580826
195.03742495891063 205.77987976528323
195.03742495891063 207.11675617248386
195.92867589704437 208.45363257968444
197.265552304245 208.89925804875134
198.60242871144564 210.2361344559519
199.93930511864622 210.6817599250188
201.27618152584685 211.1273853940857
202.6130579330475 211.57301086315255
203.94993434024806 212.01863633221944
205.2868107474487 212.01863633221944
206.62368715464933 212.01863633221944
207.9605635618499 212.01863633221944
209.29743996905054 212.01863633221944
210.63431637625112 212.46426180128634
211.9711927834518 212.46426180128634
213.30806919065245 212.46426180128634
215.53619653598676 212.46426180128634
216.8730729431874 212.90988727035318
218.20994935038803 212.90988727035318
219.54682575758866 212.90988727035318
220.88370216478924 212.90988727035318
222.22057857198988 212.90988727035318
223.5574549791905 213.35551273942008
224.8943313863911 213.35551273942008
226.23120779359172 213.35551273942008
227.56808420079236 213.35551273942008
228.90496060799293 213.80113820848692
230.24183701519357 214.69238914662066
232.0243388914611 215.13801461568755
233.36121529866168 215.13801461568755
234.6980917058623 215.58364008475445
236.03496811306294 215.58364008475445
237.37184452026352 215.58364008475445
238.70872092746416 216.0292655538213
240.0455973346648 216.4748910228882
241.38247374186537 216.92051649195503
243.1649756181329 217.36614196102192
244.94747749440037 217.81176743008876
246.7299793706679 218.7030183682225
248.06685577786848 219.1486438372894
250.29498312320285 220.48552024449003
251.6318595304035 220.93114571355693
252.96873593760412 221.37677118262377
254.3056123448047 221.82239665169067
255.64248875200533 222.2680221207575
257.4249906282728 222.2680221207575
258.76186703547353 222.2680221207575
260.5443689117409 222.2680221207575
261.8812453189415 222.2680221207575
263.21812172614216 222.2680221207575
264.5549981333428 222.2680221207575
265.8918745405434 222.2680221207575
267.22875094774406 222.2680221207575
268.5656273549446 222.2680221207575
269.9025037621452 222.2680221207575
271.23938016934585 222.2680221207575
slice_number: 9
nb_points_on_contour: 186
282.38001689601776 148.29419425565663
281.043140488817 147.84856878658974
279.7062640816165 146.51169237938916
277.923762205349 145.17481597218853
276.5868857981484 144.72919050312163
275.25000939094775 143.8379395649879
273.9131329837471 142.94668862685415
271.6850056384128 141.60981221965352
270.34812923121217 141.16418675058668
268.5656273549446 140.2729358124529
267.22875094774406 139.38168487431918
265.4462490714766 138.4904339361854
264.10937266427595 137.1535575289848
262.7724962570753 136.70793205991794
260.98999438080784 135.8166811217842
259.6531179736072 135.3710556527173
258.3162415664066 135.3710556527173
256.97936515920594 135.3710556527173
255.1968632829385 135.3710556527173
253.8599868757378 136.26230659085107
252.07748499947033 137.1535575289848
250.29498312320285 138.04480846711857
248.95810671600228 139.38168487431918
247.6212303088016 140.2729358124529
247.17560483973475 141.60981221965352
245.8387284325341 142.94668862685415
244.50185202533353 144.2835650340548
243.61060108719974 145.6204414412554
242.719350149066 146.957317848456
241.82809921093227 148.29419425565663
240.4912228037317 149.18544519379037
239.15434639653105 150.96794707005785
238.26309545839732 152.30482347725848
237.37184452026352 154.08732535352598
236.03496811306294 155.4242017607266
234.6980917058623 156.76107816792722
234.6980917058623 158.09795457512783
233.80684076772857 159.43483098232844
232.91558982959484 161.21733285859594
232.91558982959484 162.55420926579654
232.46996436052794 163.89108567299718
232.46996436052794 165.67358754926465
232.46996436052794 167.0104639564653
232.46996436052794 168.34734036366592
232.46996436052794 169.68421677086653
232.91558982959484 171.02109317806713
233.36121529866168 172.35796958526777
234.25246623679547 173.69484599246837
235.58934264399605 175.47734786873588
236.92621905119668 176.8142242759365
238.26309545839732 177.70547521407025
238.70872092746416 179.04235162127085
239.15434639653105 180.37922802847146
239.15434639653105 182.161729904739
239.5999718655979 183.49860631193957
240.0455973346648 184.8354827191402
240.93684827279853 186.17235912634084
241.82809921093227 187.5092355335414
242.27372467999916 188.84611194074205
242.719350149066 190.62861381700958
242.719350149066 191.96549022421016
242.719350149066 193.3023666314108
242.27372467999916 194.63924303861137
240.93684827279853 195.08486850767827
239.5999718655979 195.53049397674516
238.26309545839732 195.53049397674516
236.92621905119668 195.976119445812
235.58934264399605 196.4217449148789
234.25246623679547 196.8673703839458
232.91558982959484 196.8673703839458
231.1330879533273 196.8673703839458
229.35058607705983 197.31299585301264
228.01370966985925 198.20424679114637
226.67683326265856 198.64987226021327
225.33995685545798 198.64987226021327
223.5574549791905 199.0954977292801
222.22057857198988 199.0954977292801
220.88370216478924 199.0954977292801
219.54682575758866 199.0954977292801
218.20994935038803 199.0954977292801
216.8730729431874 199.0954977292801
215.53619653598676 199.0954977292801
214.19932012878613 199.0954977292801
212.86244372158555 199.0954977292801
211.52556731438492 199.0954977292801
210.18869090718428 199.541123198347
208.8518144999837 199.541123198347
207.51493809278307 199.541123198347
206.17806168558243 199.541123198347
204.84118527838186 199.541123198347
203.50430887118122 199.541123198347
202.1674324639806 199.98674866741385
201.27618152584685 201.32362507461448
200.38493058771311 202.66050148181512
200.38493058771311 203.9973778890157
200.38493058771311 205.33425429621633
200.38493058771311 206.67113070341696
199.04805418051248 207.5623816415507
198.15680324237874 208.89925804875134
196.8199268351781 209.79050898688507
196.37430136611127 211.1273853940857
195.92867589704437 212.46426180128634
195.92867589704437 213.80113820848692
195.92867589704437 215.13801461568755
195.92867589704437 216.4748910228882
195.92867589704437 217.81176743008876
195.48305042797747 219.1486438372894
195.92867589704437 220.48552024449003
195.92867589704437 221.82239665169067
196.37430136611127 223.15927305889124
196.37430136611127 224.49614946609188
196.37430136611127 225.8330258732925
196.37430136611127 227.61552774956
196.8199268351781 228.95240415676062
197.71117777331185 230.7349060330281
198.60242871144564 232.07178244022873
199.93930511864622 234.29990978556305
200.38493058771311 235.63678619276368
202.1674324639806 237.4192880690312
204.39555980931502 238.7561644762318
207.06931262371623 240.09304088343242
208.4061890309168 240.98429182156616
209.74306543811744 240.98429182156616
211.52556731438492 240.98429182156616
212.86244372158555 240.98429182156616
215.53619653598676 240.98429182156616
216.8730729431874 240.98429182156616
218.20994935038803 240.98429182156616
219.54682575758866 240.98429182156616
220.88370216478924 240.98429182156616
222.22057857198988 241.42991729063306
224.00308044825735 241.42991729063306
225.33995685545798 241.42991729063306
226.67683326265856 241.42991729063306
228.4593351389261 241.42991729063306
229.79621154612673 241.42991729063306
231.1330879533273 241.8755427596999
232.91558982959484 242.3211682287668
234.25246623679547 242.3211682287668
235.58934264399605 243.65804463596743
236.92621905119668 244.10367010503427
238.26309545839732 244.54929557410117
240.0455973346648 244.994921043168
242.27372467999916 246.33179745036864
244.05622655626658 247.22304838850238
245.8387284325341 247.66867385756927
247.6212303088016 248.559924795703
248.95810671600228 249.00555026476985
250.29498312320285 249.00555026476985
252.07748499947033 247.66867385756927
253.41436140667096 247.22304838850238
255.1968632829385 246.33179745036864
256.5337396901391 244.54929557410117
257.87061609733973 243.21241916690053
259.20749250454037 241.8755427596999
260.09874344267405 240.09304088343242
261.4356198498747 239.20178994529869
262.7724962570753 237.86491353809805
263.663747195209 236.08241166183058
265.00062360240975 234.29990978556305
265.8918745405434 232.51740790929557
266.33750000961027 231.180531502095
266.7831254786771 229.84365509489436
267.22875094774406 228.06115321862688
268.5656273549446 226.72427681142625
269.9025037621452 225.38740040422562
270.793754700279 224.05052399702498
272.13063110747964 222.7136475898244
273.9131329837471 220.93114571355693
274.8043839218808 219.5942693063563
275.6956348600146 218.25739289915566
277.923762205349 216.4748910228882
280.15188955068334 215.13801461568755
281.48876595788397 213.80113820848692
282.8256423650846 212.46426180128634
283.7168933032183 211.1273853940857
284.16251877228524 209.79050898688507
285.0537697104189 208.0080071106176
286.39064611761955 206.22550523435012
287.7275225248202 205.33425429621633
288.618773462954 203.9973778890157
289.9556498701545 203.10612695088196
290.40127533922146 201.32362507461448
291.29252627735514 199.541123198347
291.29252627735514 198.20424679114637
293.52065362268957 195.976119445812
nb_points_on_contour: 240
153.1486308666246 118.88291329724302
151.81175445942398 118.88291329724302
150.47487805222335 118.88291329724302
148.69237617595587 118.88291329724302
147.35549976875524 118.88291329724302
145.12737242342087 119.3285387663099
143.3448705471534 120.21978970444364
142.00799413995276 120.21978970444364
139.77986679461839 121.1110406425774
138.44299038741778 121.55666611164426
137.10611398021717 122.447917049778
135.32361210394967 122.89354251884488
133.98673569674907 123.33916798791175
132.20423382048156 124.2304189260455
130.86735741328096 124.67604439511237
128.19360459887972 125.12166986417924
126.85672819167908 125.12166986417924
125.07422631541161 125.12166986417924
123.2917244391441 125.12166986417924
121.9548480319435 125.56729533324611
120.172346155676 126.45854627137986
118.38984427940852 126.90417174044674
117.05296787220789 126.90417174044674
115.27046599594041 127.79542267858048
113.93358958873978 128.24104814764735
112.59671318153914 128.68667361671424
111.25983677433854 129.57792455484798
109.92296036713793 130.46917549298172
108.14045849087043 131.36042643111546
106.80358208366982 131.80605190018235
105.46670567646919 132.6973028383161
103.23857833113482 134.0341792455167
101.01045098580047 135.3710556527173
99.22794910953297 137.1535575289848
97.4454472332655 137.59918299805167
95.662945356998 138.9360594052523
93.43481801166362 140.2729358124529
92.09794160446302 140.2729358124529
91.20669066632928 141.60981221965352
89.86981425912865 142.05543768872042
88.08731238286117 142.94668862685415
86.30481050659367 143.8379395649879
84.0766831612593 144.72919050312163
82.73980675405869 145.6204414412554
81.40293034685806 146.957317848456
80.06605393965745 147.4029433175229
78.72917753245684 148.29419425565663
77.39230112525624 149.63107066285727
76.50105018712247 150.96794707005785
74.71854831085497 152.75044894632535
73.82729737272123 154.08732535352598
72.93604643458747 155.86982722979346
72.49042096552063 157.2067036369941
70.70791908925312 159.43483098232844
70.26229362018626 160.77170738952907
69.81666815111936 162.55420926579654
68.47979174391875 164.78233661113092
68.47979174391875 167.0104639564653
68.47979174391875 168.34734036366592
67.58854080578502 170.1298422399334
67.58854080578502 171.46671864713403
67.58854080578502 172.80359505433464
67.58854080578502 175.47734786873588
68.03416627485188 177.25984974500335
68.03416627485188 178.59672615220398
68.03416627485188 179.9336025594046
68.03416627485188 181.7161044356721
68.03416627485188 183.05298084287273
68.92541721298562 185.2811081882071
69.37104268205249 186.61798459540768
69.81666815111936 187.9548610026083
70.70791908925312 190.18298834794268
71.59917002738686 192.41111569327705
72.04479549645373 194.19361756954453
72.04479549645373 195.53049397674516
72.93604643458747 197.31299585301264
73.82729737272123 199.0954977292801
74.2729228417881 200.43237413648075
74.2729228417881 202.21487601274822
74.71854831085497 203.9973778890157
75.16417377992184 205.33425429621633
76.05542471805558 206.67113070341696
76.05542471805558 208.45363257968444
76.94667565618934 209.79050898688507
77.83792659432308 211.57301086315255
78.72917753245684 212.90988727035318
78.72917753245684 214.24676367755382
78.72917753245684 215.58364008475445
78.72917753245684 216.92051649195503
78.72917753245684 218.25739289915566
78.72917753245684 219.5942693063563
78.72917753245684 220.93114571355693
78.28355206338995 222.2680221207575
78.28355206338995 223.60489852795814
78.28355206338995 225.8330258732925
78.28355206338995 228.06115321862688
79.62042847059058 230.2892805639612
80.06605393965745 232.51740790929557
80.51167940872435 234.29990978556305
80.51167940872435 235.63678619276368
80.95730487779119 236.9736625999643
80.95730487779119 238.31053900716495
80.95730487779119 239.64741541436553
80.95730487779119 240.98429182156616
82.2941812849918 243.65804463596743
82.73980675405869 244.994921043168
83.18543222312556 246.33179745036864
84.0766831612593 247.66867385756927
84.96793409939306 249.00555026476985
85.8591850375268 251.23367761010428
87.1960614447274 253.4618049554386
87.64168691379427 254.79868136263923
89.42418879006178 256.13555776983986
91.20669066632928 257.0268087079736
92.54356707352989 257.91805964610734
93.88044348073049 258.36368511517423
96.10857082606486 259.254936053308
98.33669817139923 260.1461869914417
100.5648255167336 260.1461869914417
101.90170192393421 260.1461869914417
103.23857833113482 261.03743792957545
105.02108020740232 261.03743792957545
106.80358208366982 261.03743792957545
108.14045849087043 261.03743792957545
109.47733489807104 261.03743792957545
110.81421130527164 261.03743792957545
113.26515138513949 260.81462519504197
115.71609146500725 260.59181246050855
117.94421881034162 260.59181246050855
119.72672068660913 260.59181246050855
122.40047350101037 260.59181246050855
125.07422631541161 260.36899972597513
127.74797912981285 260.1461869914417
129.08485553701345 259.7005615223748
131.31298288234782 258.36368511517423
132.64985928954843 257.4724341770405
135.32361210394967 256.13555776983986
136.66048851115028 255.24430683170607
139.77986679461839 253.01617948637175
141.116743201819 251.67930307917112
143.3448705471534 249.89680120290365
145.12737242342087 249.45117573383675
146.90987429968837 248.11429932663611
148.24675070688897 247.22304838850238
150.02925258315648 245.4405465122349
150.92050352129021 244.10367010503427
150.92050352129021 242.7667936978337
150.92050352129021 241.42991729063306
151.36612899035708 239.64741541436553
152.25737992849085 237.86491353809805
152.70300539755775 236.52803713089747
153.59425633569143 235.19116072369684
154.03988180475832 233.8542843164962
154.48550727382522 232.51740790929557
155.82238368102585 230.7349060330281
157.15926008822643 228.50677868769372
157.60488555729333 227.16990228049315
158.05051102636017 225.8330258732925
159.3873874335608 223.60489852795814
160.27863837169454 222.2680221207575
160.72426384076144 220.93114571355693
160.72426384076144 219.1486438372894
160.72426384076144 217.81176743008876
160.72426384076144 216.4748910228882
160.72426384076144 215.13801461568755
160.72426384076144 212.90988727035318
160.72426384076144 210.6817599250188
160.72426384076144 209.34488351781818
160.72426384076144 208.0080071106176
159.83301290262764 206.22550523435012
158.94176196449396 203.9973778890157
157.15926008822643 201.76925054368138
155.82238368102585 199.98674866741385
154.03988180475832 198.20424679114637
151.81175445942398 196.4217449148789
150.47487805222335 194.63924303861137
149.13800164502274 193.74799210047763
147.8011252378221 191.96549022421016
146.0186233615546 190.62861381700958
144.681746954354 190.18298834794268
143.3448705471534 190.18298834794268
141.5623686708859 191.07423928607642
140.22549226368528 191.96549022421016
138.44299038741778 193.3023666314108
136.66048851115028 194.63924303861137
135.32361210394967 195.08486850767827
133.54111022768217 195.976119445812
129.97610647514722 196.8673703839458
128.63923006794658 198.20424679114637
125.51985178447848 198.64987226021327
123.2917244391441 198.64987226021327
120.172346155676 198.64987226021327
118.83546974847536 198.64987226021327
114.82484052687352 198.64987226021327
112.59671318153914 198.20424679114637
110.3685858362048 197.75862132207953
108.5860839599373 197.75862132207953
107.24920755273669 197.31299585301264
105.91233114553609 195.976119445812
105.02108020740232 194.63924303861137
104.57545473833545 193.3023666314108
104.57545473833545 191.96549022421016
105.02108020740232 190.18298834794268
106.80358208366982 187.5092355335414
110.3685858362048 185.2811081882071
112.1510877124723 184.8354827191402
114.82484052687352 184.16704451553989
117.49859334127476 183.49860631193957
118.83546974847536 183.49860631193957
121.50922256287663 182.60735537380583
122.40047350101037 181.2704789666052
122.84609897007724 179.48797709033772
122.84609897007724 178.1511006831371
122.40047350101037 176.8142242759365
121.50922256287663 173.2492205234015
121.06359709380973 171.91234411620087
121.06359709380973 170.57546770900026
121.50922256287663 169.23859130179966
122.84609897007724 166.56483848739842
124.62860084634474 163.89108567299718
126.41110272261221 162.55420926579654
128.63923006794658 161.21733285859594
129.53048100608032 159.43483098232844
130.86735741328096 158.09795457512783
132.20423382048156 158.09795457512783
132.20423382048156 160.32608192046217
132.20423382048156 162.1085837967297
132.20423382048156 164.78233661113092
132.20423382048156 166.11921301833155
132.20423382048156 167.45608942553216
133.98673569674907 170.57546770900026
136.66048851115028 172.35796958526777
138.44299038741778 173.2492205234015
139.77986679461839 173.2492205234015
141.5623686708859 173.2492205234015
144.23612148528713 175.03172239966898
147.35549976875524 177.25984974500335
148.69237617595587 178.59672615220398
150.02925258315648 178.59672615220398
150.02925258315648 176.3685988068696
slice_number: 10
nb_points_on_contour: 283
146.0186233615546 115.76353501377491
144.681746954354 115.76353501377491
142.8992450780865 115.76353501377491
141.116743201819 116.20916048284178
139.77986679461839 116.65478595190866
137.55173944928404 116.65478595190866
136.21486304208344 117.10041142097553
134.87798663488283 117.5460368900424
133.09548475861533 117.99166235910928
131.7586083514147 117.99166235910928
129.97610647514722 118.88291329724302
128.63923006794658 118.88291329724302
126.41110272261221 119.77416423537677
124.18297537727784 120.21978970444364
121.9548480319435 121.1110406425774
120.61797162474286 121.55666611164426
119.28109521754226 121.55666611164426
117.49859334127476 122.447917049778
116.16171693407415 122.447917049778
114.37921505780665 122.447917049778
113.04233865060604 122.447917049778
111.25983677433854 122.447917049778
109.47733489807104 122.447917049778
108.14045849087043 122.447917049778
106.35795661460293 122.89354251884488
104.57545473833545 123.33916798791175
102.34732739300108 123.33916798791175
101.01045098580047 123.33916798791175
99.67357457859987 124.2304189260455
97.89107270233237 124.67604439511237
96.55419629513173 124.67604439511237
95.21731988793113 125.12166986417924
93.43481801166362 126.01292080231299
92.09794160446302 126.45854627137986
90.76106519726238 126.90417174044674
88.97856332099491 128.24104814764735
87.64168691379427 128.68667361671424
86.30481050659367 129.57792455484798
84.96793409939306 130.46917549298172
83.18543222312556 132.2516773692492
81.84855581592495 133.14292830738293
80.51167940872435 134.0341792455167
79.62042847059058 135.3710556527173
78.28355206338995 135.8166811217842
77.39230112525624 137.1535575289848
76.05542471805558 138.9360594052523
74.71854831085497 140.2729358124529
73.82729737272123 141.60981221965352
72.93604643458747 142.94668862685415
72.04479549645373 144.2835650340548
70.70791908925312 145.6204414412554
69.81666815111936 147.4029433175229
68.47979174391875 148.7398197247235
67.58854080578502 150.0766961319241
66.69728986765125 151.41357253912474
65.80603892951751 152.75044894632535
64.4691625223169 154.08732535352598
63.13228611511627 155.86982722979346
62.241035176982535 157.2067036369941
61.34978423884877 158.5435800441947
60.45853330071503 159.88045645139533
59.567282362581295 161.21733285859594
59.12165689351443 162.55420926579654
58.23040595538066 164.33671114206405
57.339155017246924 165.67358754926465
56.893529548180055 167.45608942553216
56.44790407911319 169.23859130179966
55.55665314097945 170.57546770900026
55.11102767191255 171.91234411620087
54.66540220284571 173.2492205234015
54.66540220284571 174.58609693060214
54.219776733778815 175.92297333780274
53.774151264711946 177.70547521407025
53.32852579564505 179.04235162127085
52.88290032657821 180.37922802847146
52.43727485751134 181.7161044356721
51.5460239193776 183.05298084287273
51.100398450310706 184.8354827191402
50.209147512177 187.06361006447457
49.7635220431101 188.40048647167515
49.31789657404323 189.73736287887579
49.31789657404323 191.07423928607642
48.872271104976335 192.8567411623439
48.872271104976335 194.63924303861137
48.872271104976335 195.976119445812
48.872271104976335 197.31299585301264
48.872271104976335 198.64987226021327
48.872271104976335 199.98674866741385
49.31789657404323 201.32362507461448
49.7635220431101 202.66050148181512
49.7635220431101 203.9973778890157
50.209147512177 205.33425429621633
50.65477298124384 206.67113070341696
51.100398450310706 208.45363257968444
51.100398450310706 209.79050898688507
51.5460239193776 211.1273853940857
51.99164938844444 212.46426180128634
52.43727485751134 213.80113820848692
53.32852579564505 215.58364008475445
54.219776733778815 216.92051649195503
55.55665314097945 217.81176743008876
56.44790407911319 219.1486438372894
57.78478048631382 220.03989477542314
59.12165689351443 220.48552024449003
60.45853330071503 221.37677118262377
61.79540970791567 221.37677118262377
62.241035176982535 222.7136475898244
63.13228611511627 224.05052399702498
64.4691625223169 226.27865134235935
64.91478799138378 227.61552774956
65.80603892951751 229.84365509489436
66.69728986765125 231.180531502095
68.03416627485188 232.96303337836247
69.37104268205249 234.74553525462994
70.26229362018626 236.08241166183058
71.15354455832 237.4192880690312
72.04479549645373 238.7561644762318
73.82729737272123 239.20178994529869
74.71854831085497 240.53866635249926
76.50105018712247 241.42991729063306
78.72917753245684 242.3211682287668
80.95730487779119 242.7667936978337
83.18543222312556 243.21241916690053
84.52230863032617 244.54929557410117
85.8591850375268 244.994921043168
87.64168691379427 246.33179745036864
89.86981425912865 247.22304838850238
92.54356707352989 248.559924795703
94.32606894979739 249.00555026476985
95.662945356998 249.89680120290365
96.9998217641986 250.78805214103738
100.11920004766671 252.57055401730486
101.45607645486734 253.9074304245055
103.68420380020171 254.35305589357233
105.02108020740232 255.68993230077297
108.5860839599373 256.13555776983986
109.92296036713793 256.5811832389067
111.25983677433854 257.0268087079736
113.48796411967291 258.36368511517423
115.27046599594041 258.8093105842411
117.05296787220789 258.8093105842411
118.38984427940852 258.8093105842411
120.172346155676 258.8093105842411
121.50922256287663 258.8093105842411
122.84609897007724 258.8093105842411
124.18297537727784 258.8093105842411
125.51985178447848 258.8093105842411
126.85672819167908 258.36368511517423
128.19360459887972 258.36368511517423
129.97610647514722 257.0268087079736
129.97610647514722 255.68993230077297
129.97610647514722 254.35305589357233
131.31298288234782 253.4618049554386
132.64985928954843 252.12492854823802
133.98673569674907 250.3424266719705
134.87798663488283 248.559924795703
137.10611398021717 246.33179745036864
138.44299038741778 244.994921043168
139.77986679461839 244.10367010503427
141.116743201819 242.3211682287668
142.00799413995276 240.98429182156616
142.8992450780865 239.64741541436553
143.79049601622026 238.31053900716495
144.681746954354 236.9736625999643
144.681746954354 235.63678619276368
145.57299789248776 233.8542843164962
146.4642488306215 232.07178244022873
146.90987429968837 230.7349060330281
147.35549976875524 229.39802962582746
148.69237617595587 227.61552774956
150.47487805222335 225.38740040422562
150.92050352129021 224.05052399702498
151.81175445942398 222.2680221207575
153.1486308666246 220.03989477542314
153.59425633569143 218.25739289915566
154.03988180475832 216.92051649195503
154.03988180475832 215.58364008475445
154.03988180475832 213.80113820848692
154.03988180475832 212.01863633221944
154.03988180475832 209.79050898688507
154.03988180475832 208.45363257968444
154.03988180475832 207.11675617248386
153.1486308666246 204.8886288271495
152.25737992849085 203.55175241994885
150.92050352129021 201.76925054368138
149.5836271140896 199.98674866741385
147.8011252378221 197.75862132207953
146.4642488306215 196.8673703839458
145.12737242342087 196.8673703839458
143.79049601622026 196.8673703839458
142.00799413995276 197.31299585301264
139.77986679461839 199.0954977292801
137.55173944928404 199.98674866741385
134.87798663488283 201.32362507461448
133.54111022768217 202.21487601274822
131.31298288234782 202.66050148181512
129.97610647514722 203.10612695088196
128.19360459887972 203.9973778890157
125.96547725354534 203.9973778890157
124.18297537727784 203.9973778890157
121.06359709380973 203.55175241994885
119.72672068660913 203.55175241994885
118.38984427940852 203.10612695088196
115.71609146500725 201.76925054368138
113.93358958873978 200.43237413648075
112.1510877124723 197.75862132207953
110.81421130527164 195.976119445812
110.59139857073822 193.74799210047763
110.3685858362048 191.51986475514332
110.3685858362048 189.73736287887579
110.3685858362048 188.40048647167515
110.3685858362048 185.72673365727394
109.92296036713793 183.94423178100647
109.47733489807104 182.60735537380583
108.14045849087043 180.37922802847146
107.69483302180359 178.1511006831371
106.80358208366982 176.3685988068696
107.24920755273669 175.03172239966898
107.24920755273669 173.2492205234015
107.24920755273669 171.46671864713403
106.35795661460293 169.68421677086653
105.02108020740232 167.45608942553216
102.79295286206798 165.67358754926465
101.45607645486734 164.33671114206405
100.11920004766671 162.55420926579654
97.4454472332655 160.32608192046217
96.10857082606486 158.5435800441947
95.662945356998 156.31545269886033
95.662945356998 153.64169988445911
96.55419629513173 150.0766961319241
99.22794910953297 147.4029433175229
101.45607645486734 146.73450511392258
103.68420380020171 146.06606691032226
105.02108020740232 145.6204414412554
108.5860839599373 145.17481597218853
110.81421130527164 146.2888796448557
113.04233865060604 147.4029433175229
116.16171693407415 148.7398197247235
117.49859334127476 150.0766961319241
120.172346155676 152.30482347725848
121.9548480319435 153.19607441539222
123.2917244391441 154.97857629165972
124.62860084634474 154.97857629165972
125.96547725354534 154.97857629165972
128.19360459887972 154.97857629165972
130.42173194421406 154.53295082259285
132.20423382048156 153.19607441539222
132.64985928954843 151.8591980081916
133.54111022768217 149.18544519379037
134.43236116581593 146.957317848456
135.32361210394967 144.72919050312163
137.10611398021717 140.71856128151978
138.44299038741778 138.04480846711857
140.67111773275215 136.26230659085107
142.8992450780865 134.92543018365046
145.12737242342087 133.58855377644983
146.4642488306215 133.14292830738293
150.02925258315648 134.0341792455167
151.81175445942398 136.70793205991794
151.81175445942398 139.15887213978573
151.81175445942398 141.60981221965352
150.92050352129021 145.6204414412554
149.5836271140896 148.7398197247235
148.69237617595587 151.41357253912474
147.35549976875524 152.30482347725848
146.90987429968837 154.97857629165972
146.90987429968837 156.76107816792722
148.69237617595587 156.76107816792722
150.02925258315648 154.53295082259285
152.70300539755775 152.30482347725848
153.59425633569143 150.522321600991
154.03988180475832 148.7398197247235
154.48550727382522 146.957317848456
155.82238368102585 145.17481597218853
157.15926008822643 142.94668862685415
157.60488555729333 141.16418675058668
158.94176196449396 139.38168487431918
159.3873874335608 138.04480846711857
159.3873874335608 135.8166811217842
160.72426384076144 133.58855377644983
160.72426384076144 132.2516773692492
160.72426384076144 130.9148009620486
162.06114024796207 128.24104814764735
nb_points_on_contour: 307
257.4249906282728 117.99166235910928
256.08811422107215 117.5460368900424
254.7512378138716 117.10041142097553
253.41436140667096 116.65478595190866
252.07748499947033 115.76353501377491
250.74060859226975 114.87228407564118
249.40373218506912 113.98103313750742
247.6212303088016 113.53540766844054
246.284353901601 113.08978219937367
244.94747749440037 112.19853126123994
243.61060108719974 111.75290579217307
242.27372467999916 111.3072803231062
240.93684827279853 110.86165485403933
239.5999718655979 110.41602938497243
238.26309545839732 109.97040391590556
236.92621905119674 109.5247784468387
235.58934264399605 109.07915297777183
233.80684076772857 108.18790203963809
232.02433889146116 107.74227657057122
230.24183701519357 107.29665110150432
228.90496060799293 107.29665110150432
227.56808420079236 107.29665110150432
226.23120779359172 107.29665110150432
224.8943313863911 107.29665110150432
223.1118295101236 107.29665110150432
221.32932763385614 107.29665110150432
219.9924512266555 107.29665110150432
218.65557481945487 107.29665110150432
217.3186984122543 107.29665110150432
215.98182200505371 107.29665110150432
214.64494559785302 107.29665110150432
213.30806919065245 107.29665110150432
211.97119278345187 107.29665110150432
210.63431637625112 107.29665110150432
209.29743996905054 107.29665110150432
207.9605635618499 107.29665110150432
206.62368715464933 107.29665110150432
205.2868107474487 107.29665110150432
203.94993434024806 107.74227657057122
202.1674324639806 108.63352750870496
200.83055605678 109.5247784468387
199.49367964957926 109.5247784468387
198.1568032423787 110.41602938497243
196.37430136611127 110.86165485403933
195.03742495891063 111.75290579217307
193.70054855171 112.6441567303068
192.36367214450942 113.08978219937367
191.02679573730884 113.53540766844054
189.68991933010815 113.53540766844054
188.35304292290758 113.98103313750742
187.01616651570689 114.87228407564118
185.6792901085063 115.76353501377491
184.34241370130567 116.20916048284178
183.00553729410504 117.10041142097553
182.11428635597125 118.43728782817615
181.22303541783756 119.77416423537677
180.77740994877067 121.11104064257741
180.33178447970383 122.447917049778
180.33178447970383 123.78479345697865
180.33178447970383 125.12166986417925
180.33178447970383 126.45854627137987
181.66866088690446 128.24104814764735
182.11428635597125 129.57792455484798
183.45116276317182 130.9148009620486
184.78803917037257 132.2516773692492
186.12491557757326 133.14292830738293
187.46179198477384 134.03417924551673
188.79866839197442 135.3710556527173
190.13554479917505 135.8166811217842
191.47242120637563 136.70793205991794
192.80929761357626 136.70793205991794
194.1461740207769 136.70793205991794
195.92867589704443 136.70793205991794
197.265552304245 136.70793205991794
198.6024287114457 136.70793205991794
199.93930511864627 136.70793205991794
201.27618152584685 136.70793205991794
202.6130579330475 136.70793205991794
203.94993434024806 136.70793205991794
205.2868107474487 136.70793205991794
206.62368715464933 136.70793205991794
207.9605635618499 136.70793205991794
209.29743996905054 136.70793205991794
210.63431637625112 136.70793205991794
211.97119278345187 136.70793205991794
213.30806919065245 136.70793205991794
215.09057106691992 136.70793205991794
216.4274474741205 136.70793205991794
217.76432388132113 136.70793205991794
219.10120028852177 136.70793205991794
220.8837021647893 137.1535575289848
222.22057857198988 137.1535575289848
223.5574549791905 137.59918299805167
224.8943313863911 137.59918299805167
226.23120779359172 137.59918299805167
227.56808420079236 137.59918299805167
229.3505860770599 138.04480846711857
230.68746248426046 138.04480846711857
232.46996436052794 138.9360594052523
233.80684076772857 138.9360594052523
235.14371717492915 138.9360594052523
236.48059358212973 139.3816848743192
237.8174699893303 140.27293581245294
239.15434639653105 141.16418675058668
240.49122280373174 141.60981221965352
241.82809921093232 142.50106315778729
243.1649756181329 142.94668862685415
245.39310296346727 144.2835650340548
246.7299793706679 146.06606691032226
248.06685577786848 147.84856878658974
248.95810671600228 149.18544519379037
250.74060859226975 150.96794707005785
252.96873593760412 153.19607441539222
254.3056123448047 154.08732535352598
256.08811422107215 155.4242017607266
257.87061609733973 156.76107816792722
259.20749250454037 157.65232910606096
260.5443689117409 158.9892055132616
260.98999438080784 160.32608192046217
261.8812453189415 161.6629583276628
262.7724962570753 163.44546020393028
263.663747195209 164.78233661113092
264.10937266427595 166.11921301833155
265.00062360240975 167.90171489459902
265.8918745405434 169.23859130179966
266.33750000961027 171.02109317806713
267.22875094774406 172.35796958526777
267.6743764168109 174.14047146153524
268.12000188587774 175.47734786873588
268.12000188587774 177.25984974500335
268.5656273549446 178.59672615220398
268.5656273549446 179.9336025594046
268.5656273549446 181.2704789666052
268.5656273549446 182.60735537380583
268.5656273549446 183.94423178100647
268.5656273549446 185.2811081882071
268.5656273549446 186.61798459540768
267.22875094774406 187.06361006447457
265.8918745405434 188.40048647167515
265.00062360240975 189.73736287887579
263.663747195209 190.62861381700958
262.32687078800836 192.41111569327705
261.4356198498747 193.74799210047763
260.09874344267405 195.08486850767827
258.76186703547353 195.976119445812
257.4249906282728 197.31299585301264
256.08811422107215 198.20424679114637
254.7512378138716 199.541123198347
253.41436140667096 200.87799960554764
252.07748499947033 201.76925054368138
250.29498312320285 203.10612695088196
248.95810671600228 203.9973778890157
247.6212303088016 204.8886288271495
245.39310296346727 206.67113070341696
244.05622655626658 207.5623816415507
242.719350149066 208.0080071106176
241.38247374186537 208.89925804875134
239.5999718655979 210.2361344559519
237.81746998933036 211.1273853940857
236.48059358212979 212.01863633221944
235.14371717492915 212.46426180128634
233.80684076772857 213.35551273942008
232.46996436052794 213.35551273942008
231.1330879533273 213.35551273942008
229.79621154612673 213.35551273942008
228.01370966985925 213.35551273942008
226.23120779359172 213.35551273942008
224.8943313863911 213.35551273942008
223.5574549791905 213.35551273942008
222.22057857198988 213.35551273942008
220.88370216478924 213.35551273942008
219.54682575758866 213.35551273942008
218.20994935038803 213.35551273942008
216.8730729431874 213.35551273942008
215.53619653598676 213.35551273942008
214.19932012878613 213.35551273942008
212.86244372158555 213.35551273942008
211.52556731438492 213.35551273942008
210.18869090718428 213.80113820848692
208.8518144999837 214.24676367755382
207.51493809278307 214.69238914662066
206.17806168558243 215.58364008475445
204.84118527838186 216.92051649195503
203.94993434024806 218.25739289915566
202.6130579330475 219.5942693063563
201.27618152584685 220.93114571355693
200.38493058771311 222.2680221207575
199.93930511864622 223.60489852795814
199.04805418051248 224.94177493515872
198.60242871144564 226.27865134235935
198.60242871144564 227.61552774956
198.60242871144564 229.39802962582746
198.60242871144564 230.7349060330281
198.60242871144564 232.07178244022873
199.49367964957932 233.4086588474293
200.38493058771311 235.19116072369684
200.83055605678 236.52803713089747
201.27618152584685 237.86491353809805
202.1674324639806 239.20178994529869
203.50430887118122 239.64741541436553
204.84118527838186 240.53866635249926
206.17806168558243 240.98429182156616
207.51493809278307 241.42991729063306
208.8518144999837 241.8755427596999
210.18869090718428 242.7667936978337
211.9711927834518 243.21241916690053
214.19932012878613 243.65804463596743
215.53619653598676 243.65804463596743
216.8730729431874 244.10367010503427
218.20994935038803 244.994921043168
219.9924512266555 245.4405465122349
221.32932763385614 246.33179745036864
222.66620404105672 246.77742291943554
224.00308044825735 246.77742291943554
225.33995685545798 246.33179745036864
226.67683326265856 245.8861719813018
228.01370966985925 245.4405465122349
230.24183701519357 243.65804463596743
231.57871342239426 243.21241916690053
232.91558982959484 242.7667936978337
234.25246623679547 241.8755427596999
236.03496811306294 242.3211682287668
237.81746998933036 241.8755427596999
239.15434639653105 241.8755427596999
241.38247374186537 241.8755427596999
242.719350149066 241.8755427596999
246.284353901601 241.8755427596999
247.6212303088016 241.8755427596999
249.40373218506912 241.8755427596999
251.1862340613366 241.42991729063306
252.52311046853723 240.98429182156616
254.7512378138716 239.20178994529869
256.08811422107215 237.86491353809805
257.4249906282728 236.9736625999643
259.20749250454037 235.19116072369684
260.5443689117409 234.74553525462994
261.8812453189415 233.4086588474293
263.21812172614216 232.51740790929557
264.10937266427595 231.180531502095
265.4462490714766 230.2892805639612
265.8918745405434 228.95240415676062
267.22875094774406 228.06115321862688
268.5656273549446 227.16990228049315
269.4568782930784 225.8330258732925
270.793754700279 225.38740040422562
272.13063110747964 224.49614946609188
273.0218820456133 223.15927305889124
273.9131329837471 221.82239665169067
275.25000939094775 220.48552024449003
276.5868857981484 218.25739289915566
278.36938767441586 216.0292655538213
279.7062640816165 214.24676367755382
280.5975150197502 212.90988727035318
281.48876595788397 211.57301086315255
282.8256423650846 210.2361344559519
283.7168933032183 208.45363257968444
284.16251877228524 206.22550523435012
284.6081442413521 203.55175241994885
285.49939517948576 202.21487601274822
285.9450206485527 200.87799960554764
285.9450206485527 198.20424679114637
286.8362715866864 196.8673703839458
288.173147993887 193.3023666314108
288.618773462954 191.96549022421016
289.0643989320208 190.62861381700958
290.8469008082883 187.5092355335414
290.8469008082883 185.72673365727394
290.8469008082883 181.7161044356721
290.8469008082883 180.37922802847146
290.8469008082883 178.59672615220398
290.8469008082883 177.25984974500335
290.8469008082883 175.92297333780274
290.40127533922146 174.14047146153524
290.40127533922146 172.35796958526777
289.9556498701545 171.02109317806713
288.173147993887 167.45608942553216
288.173147993887 166.11921301833155
286.8362715866864 163.89108567299718
285.9450206485527 162.1085837967297
285.0537697104189 160.77170738952907
284.16251877228524 159.43483098232844
282.38001689601776 157.2067036369941
281.9343914269508 155.86982722979346
280.5975150197502 154.08732535352598
279.26063861254954 151.8591980081916
278.36938767441586 150.522321600991
277.47813673628207 148.7398197247235
276.14126032908155 147.4029433175229
274.35875845281396 145.6204414412554
273.0218820456133 143.8379395649879
271.6850056384128 141.60981221965352
270.34812923121217 139.38168487431918
269.9025037621452 138.04480846711857
269.4568782930784 136.70793205991794
268.12000188587774 134.92543018365046
267.22875094774406 133.58855377644983
265.8918745405434 131.80605190018235
264.10937266427595 130.02355002391482
262.7724962570753 127.79542267858048
261.4356198498747 126.45854627137986
260.5443689117409 124.67604439511237
259.6531179736072 123.33916798791175
259.6531179736072 122.447917049778
259.6531179736072 121.11104064257741
259.6531179736072 119.77416423537677
258.3162415664066 118.88291329724302
256.97936515920594 118.43728782817615
slice_number: 11
nb_points_on_contour: 157
98.33669817139923 127.79542267858048
96.9998217641986 127.79542267858048
95.662945356998 127.79542267858048
94.32606894979739 127.79542267858048
92.98919254259675 128.24104814764735
91.65231613539618 128.24104814764735
90.31543972819551 129.13229908578109
88.97856332099491 129.57792455484798
87.64168691379427 129.57792455484798
86.30481050659367 130.02355002391482
84.96793409939309 130.46917549298172
83.6310576921924 130.9148009620486
82.2941812849918 131.80605190018235
80.95730487779119 132.6973028383161
79.62042847059058 133.14292830738293
78.28355206338995 134.03417924551673
76.94667565618937 135.3710556527173
74.71854831085497 137.1535575289848
73.82729737272123 138.4904339361854
72.93604643458747 139.82731034338605
72.04479549645373 141.16418675058668
71.15354455832 142.50106315778729
70.26229362018626 143.8379395649879
69.37104268205249 145.17481597218853
68.47979174391875 146.51169237938916
67.58854080578502 147.84856878658974
66.25166439858438 148.7398197247235
65.36041346045064 150.0766961319241
64.46916252231694 151.41357253912474
63.57791158418314 153.19607441539222
63.13228611511627 154.97857629165975
62.241035176982535 156.76107816792722
62.241035176982535 158.09795457512783
61.79540970791567 159.43483098232844
61.79540970791567 160.77170738952907
61.79540970791567 162.1085837967297
61.34978423884877 163.44546020393028
61.34978423884877 164.78233661113092
61.34978423884877 166.11921301833155
61.34978423884877 167.45608942553216
61.34978423884877 168.79296583273276
60.90415876978193 170.1298422399334
60.012907831648164 171.46671864713403
59.12165689351443 172.80359505433464
57.78478048631385 174.14047146153524
56.893529548180055 175.47734786873588
56.00227861004632 176.8142242759365
56.00227861004632 178.1511006831371
56.00227861004632 179.93360255940462
55.55665314097945 181.2704789666052
55.55665314097945 182.60735537380583
55.55665314097945 184.38985725007333
55.55665314097945 186.1723591263409
55.55665314097945 187.9548610026083
55.55665314097945 189.73736287887579
55.55665314097945 191.96549022421016
55.55665314097945 193.3023666314108
55.55665314097945 194.63924303861137
55.55665314097945 195.97611944581206
55.55665314097945 197.3129958530127
55.55665314097945 198.64987226021327
55.55665314097945 200.43237413648075
55.55665314097945 201.76925054368138
55.55665314097945 203.10612695088196
55.55665314097945 204.4430033580826
55.55665314097945 206.22550523435018
55.55665314097945 207.56238164155076
55.55665314097945 208.89925804875134
55.55665314097945 210.2361344559519
55.55665314097945 211.57301086315255
55.55665314097945 212.90988727035318
55.55665314097945 214.24676367755382
55.55665314097945 215.58364008475445
55.55665314097945 216.92051649195508
55.55665314097945 218.25739289915566
55.55665314097945 219.5942693063563
55.55665314097945 220.93114571355693
55.55665314097945 222.2680221207575
55.55665314097945 223.60489852795814
56.893529548180055 223.60489852795814
58.23040595538066 223.60489852795814
59.567282362581295 223.60489852795814
60.90415876978193 223.60489852795814
62.241035176982535 222.7136475898244
62.68666064604943 221.37677118262377
62.68666064604943 220.03989477542314
63.13228611511627 218.7030183682225
63.13228611511627 217.36614196102198
63.13228611511627 216.02926555382135
64.02353705325004 214.69238914662066
64.46916252231694 213.35551273942008
64.46916252231694 212.01863633221944
64.91478799138378 210.6817599250188
65.80603892951751 209.34488351781818
67.14291533671815 208.45363257968444
68.03416627485188 207.11675617248392
68.92541721298565 205.77987976528323
69.81666815111936 204.4430033580826
71.15354455832 203.55175241994885
72.04479549645373 202.21487601274822
73.82729737272123 200.87799960554764
74.2729228417881 199.541123198347
75.16417377992187 197.75862132207953
76.50105018712247 195.97611944581206
77.83792659432308 194.63924303861137
78.28355206338995 193.3023666314108
79.62042847059058 191.96549022421016
80.51167940872438 190.62861381700958
81.40293034685808 189.29173740980895
81.84855581592495 187.9548610026083
82.2941812849918 186.61798459540773
82.73980675405869 185.2811081882071
82.73980675405869 183.05298084287273
83.18543222312559 181.7161044356721
83.6310576921924 180.37922802847146
84.0766831612593 179.04235162127088
84.52230863032617 178.1511006831371
85.8591850375268 177.70547521407025
87.1960614447274 176.8142242759365
88.53293785192801 176.3685988068696
89.86981425912865 175.47734786873588
91.65231613539615 174.58609693060214
92.98919254259675 174.14047146153524
94.32606894979739 173.2492205234015
95.662945356998 172.35796958526777
96.9998217641986 171.02109317806713
98.33669817139923 169.68421677086653
99.67357457859987 168.34734036366592
101.01045098580047 167.0104639564653
101.90170192393421 165.67358754926465
102.79295286206798 164.33671114206405
104.12982926926858 162.99983473486344
105.02108020740232 161.21733285859594
105.46670567646919 159.88045645139533
106.35795661460293 158.5435800441947
107.24920755273669 157.2067036369941
107.69483302180359 155.86982722979346
107.69483302180359 154.53295082259285
107.69483302180359 153.19607441539222
108.14045849087043 151.8591980081916
108.14045849087043 150.0766961319241
108.14045849087043 148.7398197247235
108.5860839599373 146.957317848456
108.5860839599373 144.72919050312163
108.5860839599373 143.39231409592102
108.5860839599373 141.60981221965352
108.5860839599373 139.82731034338605
108.5860839599373 138.4904339361854
108.14045849087043 136.70793205991794
108.14045849087043 135.3710556527173
107.24920755273669 134.0341792455167
106.35795661460293 132.6973028383161
105.02108020740232 131.80605190018235
103.68420380020171 131.80605190018235
102.34732739300108 130.46917549298172
101.45607645486734 129.13229908578109
100.11920004766671 128.24104814764735
slice_number: 12
nb_points_on_contour: 209
100.5648255167336 162.1085837967297
101.45607645486734 160.32608192046217
102.79295286206798 158.5435800441947
103.23857833113482 157.2067036369941
104.12982926926861 155.8698272297935
104.57545473833545 154.53295082259285
105.46670567646919 153.19607441539222
106.35795661460293 151.8591980081916
106.35795661460293 150.522321600991
106.80358208366982 149.18544519379037
106.80358208366982 147.84856878658974
106.80358208366982 146.51169237938916
106.80358208366982 145.17481597218853
106.80358208366982 143.39231409592102
106.80358208366982 142.05543768872042
106.80358208366982 140.71856128151978
106.80358208366982 139.3816848743192
106.80358208366982 138.04480846711857
106.80358208366982 136.70793205991794
105.91233114553611 135.3710556527173
105.46670567646919 134.03417924551673
104.12982926926861 132.6973028383161
103.23857833113482 131.36042643111546
101.90170192393421 130.46917549298172
100.11920004766671 129.57792455484798
98.7823236404661 129.13229908578109
97.44544723326553 129.13229908578109
96.10857082606489 129.13229908578109
94.77169441886426 129.13229908578109
93.43481801166362 129.57792455484798
91.65231613539618 130.02355002391482
90.31543972819551 130.9148009620486
88.97856332099491 131.36042643111546
87.64168691379427 132.2516773692492
86.30481050659367 132.6973028383161
84.52230863032617 133.58855377644983
83.18543222312559 134.03417924551673
81.84855581592495 134.47980471458357
80.51167940872438 135.8166811217842
79.17480300152368 136.26230659085107
77.83792659432308 137.59918299805167
76.50105018712247 138.9360594052523
75.16417377992187 139.82731034338605
74.2729228417881 141.16418675058668
72.93604643458747 142.50106315778729
72.04479549645373 143.8379395649879
71.15354455832 145.17481597218853
69.81666815111936 146.957317848456
68.92541721298565 148.29419425565663
68.03416627485188 149.63107066285727
67.14291533671815 150.96794707005785
66.25166439858438 152.30482347725848
65.36041346045064 153.64169988445911
64.91478799138378 154.97857629165975
64.02353705325004 156.31545269886033
63.57791158418314 157.65232910606096
62.68666064604943 158.9892055132616
61.79540970791567 160.32608192046217
60.45853330071503 162.1085837967297
59.567282362581295 163.89108567299718
58.67603142444756 165.2279620801978
57.78478048631385 166.56483848739845
57.339155017246924 167.90171489459902
56.893529548180055 169.23859130179966
56.447904079113215 170.5754677090003
56.00227861004632 172.35796958526777
56.00227861004632 173.69484599246837
56.00227861004632 175.03172239966898
56.00227861004632 176.3685988068696
56.00227861004632 178.1511006831371
56.00227861004632 179.48797709033772
56.00227861004632 181.2704789666052
56.00227861004632 183.05298084287273
56.00227861004632 184.8354827191402
56.00227861004632 186.1723591263409
56.00227861004632 187.5092355335414
56.00227861004632 188.84611194074205
56.00227861004632 190.18298834794268
56.00227861004632 191.96549022421016
56.00227861004632 193.74799210047763
56.00227861004632 195.08486850767827
56.00227861004632 197.3129958530127
56.00227861004632 198.64987226021327
56.00227861004632 199.98674866741385
56.00227861004632 202.21487601274822
56.00227861004632 203.55175241994885
56.00227861004632 204.8886288271495
56.00227861004632 207.11675617248392
56.447904079113215 208.89925804875134
56.893529548180055 211.1273853940857
57.78478048631385 212.46426180128634
58.67603142444756 214.24676367755382
59.567282362581295 215.58364008475445
60.45853330071503 216.92051649195508
61.79540970791567 219.1486438372894
62.68666064604943 220.93114571355693
63.57791158418314 222.2680221207575
64.91478799138378 224.49614946609188
66.25166439858438 226.7242768114263
68.03416627485188 228.95240415676062
68.92541721298565 230.2892805639612
70.70791908925315 233.4086588474293
71.59917002738686 235.19116072369684
72.49042096552066 236.52803713089753
72.93604643458747 237.8649135380981
72.93604643458747 239.20178994529869
74.2729228417881 242.3211682287668
75.60979924898874 244.10367010503427
76.94667565618937 246.33179745036864
77.83792659432308 247.66867385756927
79.17480300152368 249.45117573383675
80.51167940872438 250.3424266719705
81.84855581592495 251.23367761010428
81.84855581592495 252.57055401730486
81.84855581592495 253.9074304245055
81.84855581592495 255.24430683170607
82.2941812849918 256.5811832389067
83.18543222312559 258.36368511517423
84.52230863032617 258.8093105842411
85.8591850375268 258.8093105842411
87.1960614447274 258.36368511517423
88.97856332099491 257.91805964610734
91.20669066632931 256.5811832389067
92.54356707352989 255.68993230077297
93.88044348073049 255.68993230077297
95.21731988793113 255.68993230077297
96.55419629513173 255.68993230077297
97.8910727023324 255.68993230077297
99.22794910953297 255.68993230077297
100.11920004766671 254.35305589357233
101.45607645486734 253.01617948637175
101.90170192393421 251.67930307917112
102.79295286206798 250.3424266719705
103.23857833113482 249.00555026476985
104.57545473833545 246.77742291943554
105.46670567646919 244.994921043168
107.24920755273669 242.3211682287668
107.69483302180362 239.64741541436553
107.69483302180362 238.310539007165
107.69483302180362 236.97366259996437
107.24920755273669 235.63678619276368
105.02108020740232 233.4086588474293
103.68420380020171 231.62615697116183
101.45607645486734 229.84365509489436
98.7823236404661 228.06115321862694
97.44544723326553 228.06115321862694
95.662945356998 226.7242768114263
93.88044348073049 226.2786513423594
90.31543972819551 224.94177493515872
88.97856332099491 224.49614946609188
87.1960614447274 223.60489852795814
85.8591850375268 223.60489852795814
84.52230863032617 222.7136475898244
82.2941812849918 221.82239665169067
80.51167940872438 220.03989477542314
78.72917753245687 219.1486438372894
77.39230112525624 218.7030183682225
76.05542471805558 217.36614196102198
74.71854831085497 216.92051649195508
73.38167190365436 216.47489102288824
72.93604643458747 214.69238914662066
72.93604643458747 213.35551273942008
72.93604643458747 212.01863633221944
73.38167190365436 209.79050898688507
75.60979924898874 206.67113070341702
76.50105018712247 205.33425429621633
77.83792659432308 203.10612695088196
80.06605393965745 199.98674866741385
81.6257430813915 197.98143405661295
83.18543222312559 195.97611944581206
85.4135595684599 192.8567411623439
86.75043597566054 191.07423928607642
89.86981425912865 188.84611194074205
91.20669066632928 188.40048647167515
92.98919254259675 187.5092355335414
94.32606894979739 187.06361006447457
95.662945356998 187.06361006447457
96.9998217641986 187.06361006447457
98.7823236404661 187.06361006447457
100.5648255167336 187.9548610026083
101.90170192393421 188.40048647167515
103.23857833113482 188.84611194074205
104.57545473833545 188.84611194074205
105.91233114553609 188.84611194074205
107.24920755273669 188.40048647167515
108.5860839599373 187.5092355335414
109.92296036713793 186.17235912634084
111.25983677433854 184.8354827191402
112.1510877124723 183.49860631193957
113.04233865060604 182.161729904739
114.37921505780665 180.82485349753833
115.71609146500725 179.48797709033772
116.16171693407415 178.1511006831371
116.16171693407415 176.8142242759365
116.16171693407415 175.47734786873588
115.71609146500725 174.14047146153524
114.82484052687352 172.35796958526777
113.48796411967291 171.46671864713403
112.1510877124723 171.02109317806713
110.81421130527164 170.57546770900026
109.47733489807104 170.1298422399334
108.14045849087043 170.1298422399334
106.80358208366982 170.1298422399334
105.46670567646919 169.68421677086653
104.12982926926858 169.23859130179966
103.23857833113482 167.90171489459902
102.34732739300108 166.56483848739842
101.90170192393421 165.2279620801978
101.45607645486734 163.89108567299718
nb_points_on_contour: 170
271.6850056384128 125.12166986417924
272.13063110747964 123.78479345697863
270.793754700279 122.447917049778
269.4568782930784 121.55666611164426
267.6743764168109 120.21978970444364
266.33750000961027 119.77416423537677
265.00062360240975 118.43728782817615
262.7724962570753 117.5460368900424
260.5443689117409 116.20916048284178
259.20749250454037 115.31790954470804
257.4249906282728 114.4266586065743
256.08811422107215 113.53540766844054
254.7512378138716 113.08978219937367
253.41436140667096 112.6441567303068
252.07748499947033 112.19853126123994
250.74060859226975 111.30728032310618
249.40373218506912 110.86165485403932
248.06685577786848 110.41602938497243
246.7299793706679 110.41602938497243
245.39310296346727 109.5247784468387
244.05622655626658 109.5247784468387
242.719350149066 109.5247784468387
241.38247374186537 109.07915297777183
240.0455973346648 109.07915297777183
238.70872092746416 108.63352750870496
237.37184452026352 108.63352750870496
236.03496811306294 108.18790203963808
234.6980917058623 108.18790203963808
233.36121529866168 108.18790203963808
232.0243388914611 108.18790203963808
230.68746248426046 108.18790203963808
229.35058607705983 108.18790203963808
228.01370966985925 108.18790203963808
226.67683326265856 108.63352750870496
225.33995685545798 108.63352750870496
224.00308044825735 109.07915297777183
222.66620404105672 109.07915297777183
221.32932763385614 109.5247784468387
219.9924512266555 110.41602938497243
219.10120028852177 111.75290579217307
217.76432388132113 112.6441567303068
216.8730729431874 113.98103313750742
215.98182200505366 115.31790954470804
215.53619653598676 116.65478595190866
215.09057106691992 117.99166235910928
215.09057106691992 119.77416423537677
215.09057106691992 121.1110406425774
215.09057106691992 122.89354251884488
215.53619653598676 124.67604439511237
215.98182200505366 126.01292080231299
216.8730729431874 128.24104814764735
217.76432388132113 129.57792455484798
219.10120028852177 130.9148009620486
220.43807669572234 132.2516773692492
221.32932763385614 133.58855377644983
222.66620404105672 134.92543018365046
224.00308044825735 135.8166811217842
224.8943313863911 137.1535575289848
226.23120779359172 138.04480846711857
228.01370966985925 139.38168487431918
228.90496060799293 140.71856128151978
230.24183701519357 141.16418675058668
231.57871342239426 142.50106315778729
233.36121529866168 143.39231409592102
234.6980917058623 143.8379395649879
236.03496811306294 144.72919050312163
237.37184452026352 145.17481597218853
239.15434639653105 146.06606691032226
240.4912228037317 146.51169237938916
241.82809921093227 146.51169237938916
243.1649756181329 146.51169237938916
244.50185202533353 146.957317848456
245.8387284325341 146.957317848456
247.17560483973475 147.4029433175229
248.51248124693538 147.4029433175229
248.95810671600228 148.7398197247235
248.95810671600228 150.0766961319241
248.95810671600228 151.41357253912474
248.95810671600228 153.19607441539222
248.95810671600228 154.97857629165972
248.95810671600228 156.76107816792722
248.95810671600228 158.09795457512783
248.95810671600228 159.43483098232844
248.95810671600228 160.77170738952907
248.95810671600228 162.1085837967297
248.51248124693538 163.44546020393028
247.6212303088016 164.78233661113092
246.284353901601 165.67358754926465
245.39310296346727 167.0104639564653
244.94747749440037 168.34734036366592
244.05622655626658 170.57546770900026
243.61060108719974 171.91234411620087
243.61060108719974 173.69484599246837
243.1649756181329 175.03172239966898
243.1649756181329 176.3685988068696
242.719350149066 177.70547521407025
242.719350149066 179.04235162127085
241.38247374186537 179.9336025594046
240.0455973346648 179.9336025594046
240.4912228037317 181.2704789666052
240.4912228037317 182.60735537380583
241.82809921093227 183.05298084287273
243.1649756181329 183.94423178100647
244.50185202533353 184.8354827191402
245.8387284325341 185.2811081882071
247.6212303088016 185.2811081882071
248.95810671600228 185.72673365727394
250.74060859226975 186.61798459540768
252.07748499947033 187.06361006447457
253.41436140667096 187.06361006447457
254.7512378138716 187.06361006447457
256.08811422107215 187.06361006447457
257.87061609733973 187.5092355335414
259.20749250454037 187.5092355335414
260.98999438080784 187.5092355335414
262.32687078800836 187.5092355335414
263.663747195209 187.5092355335414
265.00062360240975 187.5092355335414
266.33750000961027 187.5092355335414
267.6743764168109 187.5092355335414
269.01125282401154 187.5092355335414
270.34812923121217 187.5092355335414
271.6850056384128 187.5092355335414
273.0218820456133 187.5092355335414
274.35875845281396 187.5092355335414
275.6956348600146 187.5092355335414
277.0325112672152 187.5092355335414
278.36938767441586 187.5092355335414
279.7062640816165 187.06361006447457
281.48876595788397 185.72673365727394
282.8256423650846 184.8354827191402
284.16251877228524 183.49860631193957
285.0537697104189 182.161729904739
286.39064611761955 181.2704789666052
287.7275225248202 180.82485349753833
289.0643989320208 179.48797709033772
291.29252627735514 178.1511006831371
292.62940268455577 176.8142242759365
293.52065362268957 175.47734786873588
294.8575300298902 173.69484599246837
295.7487809680239 172.35796958526777
296.1944064370907 170.57546770900026
296.1944064370907 169.23859130179966
297.0856573752245 166.11921301833155
297.0856573752245 164.33671114206405
297.0856573752245 162.99983473486344
297.0856573752245 161.6629583276628
297.0856573752245 158.9892055132616
296.6400319061577 156.76107816792722
296.6400319061577 155.4242017607266
296.1944064370907 154.08732535352598
295.30315549895704 152.30482347725848
294.8575300298902 150.96794707005785
293.52065362268957 149.18544519379037
291.738151746422 147.4029433175229
289.9556498701545 146.06606691032226
288.618773462954 144.72919050312163
286.8362715866864 142.94668862685415
285.49939517948576 141.60981221965352
284.16251877228524 140.2729358124529
282.8256423650846 138.4904339361854
281.043140488817 136.70793205991794
279.7062640816165 135.3710556527173
278.36938767441586 133.58855377644983
276.5868857981484 131.80605190018235
275.25000939094775 130.46917549298172
274.35875845281396 128.68667361671424
273.9131329837471 127.34979720951361
273.0218820456133 126.01292080231299
272.5762565765465 124.67604439511237
slice_number: 13
nb_points_on_contour: 219
277.47813673628207 135.8166811217842
276.14126032908155 134.92543018365046
274.8043839218808 134.47980471458357
273.0218820456133 134.47980471458357
271.23938016934585 134.47980471458357
269.4568782930784 134.47980471458357
268.12000188587774 134.92543018365046
266.7831254786771 135.3710556527173
265.4462490714766 135.8166811217842
264.10937266427595 135.8166811217842
262.7724962570753 136.26230659085107
261.4356198498747 136.70793205991794
260.09874344267405 137.1535575289848
258.3162415664066 137.59918299805167
256.97936515920594 138.04480846711857
255.64248875200533 138.4904339361854
254.30561234480476 139.3816848743192
252.96873593760418 141.16418675058668
251.6318595304035 142.05543768872042
250.74060859226975 143.39231409592102
249.84935765413596 144.72919050312163
248.51248124693538 146.06606691032226
247.6212303088016 147.84856878658974
246.7299793706679 149.18544519379037
245.8387284325341 150.522321600991
244.94747749440037 152.30482347725848
244.05622655626658 154.087325353526
242.719350149066 155.8698272297935
241.82809921093232 157.2067036369941
240.93684827279853 158.9892055132616
240.49122280373174 160.77170738952907
240.0455973346648 162.1085837967297
239.5999718655979 163.44546020393028
239.15434639653105 164.78233661113092
238.26309545839732 166.11921301833155
238.26309545839732 167.45608942553216
238.26309545839732 168.79296583273276
237.8174699893303 170.1298422399334
237.8174699893303 171.46671864713403
237.8174699893303 172.80359505433464
237.8174699893303 174.58609693060214
237.8174699893303 175.92297333780277
237.8174699893303 177.25984974500335
237.8174699893303 178.59672615220398
237.8174699893303 179.93360255940462
237.8174699893303 181.2704789666052
237.8174699893303 182.60735537380583
237.8174699893303 183.94423178100647
237.8174699893303 185.2811081882071
237.8174699893303 186.61798459540773
237.8174699893303 187.9548610026083
237.8174699893303 189.29173740980895
237.8174699893303 190.62861381700958
237.8174699893303 192.41111569327705
237.8174699893303 193.74799210047763
237.8174699893303 195.08486850767827
237.8174699893303 196.42174491487896
237.8174699893303 198.20424679114637
237.8174699893303 199.98674866741385
237.8174699893303 201.76925054368138
237.8174699893303 203.55175241994885
237.8174699893303 204.8886288271495
237.8174699893303 206.22550523435018
237.8174699893303 208.0080071106176
237.8174699893303 209.34488351781818
237.8174699893303 210.6817599250188
237.8174699893303 212.01863633221944
237.8174699893303 213.35551273942008
237.8174699893303 214.69238914662066
237.81746998933036 216.4748910228882
236.48059358212979 216.92051649195503
235.14371717492915 217.81176743008876
233.80684076772857 218.7030183682225
232.46996436052794 219.1486438372894
231.1330879533273 219.5942693063563
229.79621154612673 219.5942693063563
228.4593351389261 219.5942693063563
227.12245873172546 219.5942693063563
225.78558232452488 219.5942693063563
224.44870591732425 219.5942693063563
223.1118295101236 219.5942693063563
221.77495310292304 219.5942693063563
220.43807669572234 219.5942693063563
219.10120028852177 219.5942693063563
217.76432388132113 219.5942693063563
216.4274474741205 219.5942693063563
215.09057106691992 219.1486438372894
213.7536946597193 218.7030183682225
212.41681825251865 218.25739289915566
211.07994184531807 218.25739289915566
209.74306543811744 218.7030183682225
208.4061890309168 219.5942693063563
207.06931262371623 220.93114571355693
206.17806168558243 222.2680221207575
204.84118527838186 223.15927305889124
203.50430887118122 224.49614946609188
202.1674324639806 225.38740040422562
201.27618152584685 226.72427681142625
201.27618152584685 228.06115321862688
200.83055605678 229.39802962582746
200.83055605678 230.7349060330281
200.83055605678 232.51740790929557
201.7218069949137 234.29990978556305
202.1674324639806 235.63678619276368
202.1674324639806 236.9736625999643
202.1674324639806 238.31053900716495
202.6130579330475 239.64741541436553
203.05868340211433 240.98429182156616
203.50430887118122 242.3211682287668
203.94993434024806 244.10367010503427
205.2868107474487 244.994921043168
205.7324362165156 246.33179745036864
207.06931262371623 247.66867385756927
208.4061890309168 249.45117573383675
209.74306543811744 249.89680120290365
211.07994184531807 250.78805214103738
212.41681825251865 251.23367761010428
214.19932012878613 251.67930307917112
215.53619653598676 252.12492854823802
217.3186984122543 252.12492854823802
219.10120028852177 252.12492854823802
220.43807669572234 252.12492854823802
221.77495310292304 252.12492854823802
223.1118295101236 252.12492854823802
224.44870591732425 252.12492854823802
225.78558232452488 252.12492854823802
227.12245873172546 252.12492854823802
228.4593351389261 252.12492854823802
229.79621154612673 252.12492854823802
231.57871342239426 252.12492854823802
233.36121529866168 252.12492854823802
235.58934264399605 252.12492854823802
237.37184452026352 252.12492854823802
239.5999718655979 252.12492854823802
241.82809921093227 252.12492854823802
243.1649756181329 252.12492854823802
245.39310296346727 252.12492854823802
246.7299793706679 252.12492854823802
248.51248124693538 252.12492854823802
249.84935765413596 252.12492854823802
251.1862340613366 252.12492854823802
252.52311046853723 251.67930307917112
253.8599868757378 250.78805214103738
255.64248875200533 250.3424266719705
257.4249906282728 249.45117573383675
259.20749250454037 248.11429932663611
260.98999438080784 247.66867385756927
262.32687078800836 247.22304838850238
263.663747195209 246.33179745036864
264.5549981333428 244.994921043168
265.00062360240975 243.65804463596743
265.4462490714766 242.3211682287668
265.4462490714766 240.98429182156616
266.7831254786771 240.09304088343242
268.12000188587774 238.7561644762318
269.4568782930784 237.86491353809805
270.793754700279 236.9736625999643
272.5762565765465 236.08241166183058
273.9131329837471 235.63678619276368
275.25000939094775 234.74553525462994
276.5868857981484 233.8542843164962
277.47813673628207 232.51740790929557
278.36938767441586 231.180531502095
279.26063861254954 229.84365509489436
279.26063861254954 228.50677868769372
279.26063861254954 226.27865134235935
278.8150131434827 224.94177493515872
278.8150131434827 222.7136475898244
279.26063861254954 221.37677118262377
279.7062640816165 220.03989477542314
280.15188955068334 218.25739289915566
280.5975150197502 216.47489102288824
281.043140488817 215.13801461568755
281.9343914269508 213.80113820848692
282.8256423650846 212.46426180128634
283.7168933032183 211.1273853940857
285.0537697104189 209.34488351781818
286.39064611761955 208.0080071106176
287.28189705575335 206.22550523435018
287.7275225248202 204.8886288271495
287.7275225248202 202.66050148181512
287.7275225248202 200.43237413648075
287.7275225248202 198.20424679114637
287.7275225248202 196.42174491487896
287.7275225248202 195.08486850767827
287.7275225248202 193.74799210047763
287.7275225248202 192.41111569327705
287.7275225248202 191.07423928607642
287.7275225248202 189.29173740980895
287.7275225248202 187.5092355335414
287.7275225248202 186.1723591263409
287.7275225248202 184.38985725007333
287.7275225248202 182.60735537380583
288.173147993887 179.93360255940462
288.173147993887 177.70547521407025
288.618773462954 175.92297333780277
288.618773462954 174.58609693060214
288.618773462954 173.2492205234015
288.618773462954 171.91234411620087
289.51002440108766 169.68421677086656
289.51002440108766 168.34734036366592
289.51002440108766 167.0104639564653
289.51002440108766 164.78233661113092
289.51002440108766 162.99983473486344
289.51002440108766 161.6629583276628
289.51002440108766 158.9892055132616
289.51002440108766 157.65232910606096
289.51002440108766 155.8698272297935
289.0643989320208 154.087325353526
288.618773462954 151.8591980081916
288.173147993887 150.522321600991
287.7275225248202 149.18544519379037
286.8362715866864 147.4029433175229
285.49939517948576 145.62044144125542
284.6081442413521 143.8379395649879
283.7168933032183 142.50106315778729
283.27126783415144 141.16418675058668
282.38001689601776 139.82731034338605
281.9343914269508 138.4904339361854
nb_points_on_contour: 222
97.4454472332655 156.31545269886033
97.4454472332655 154.53295082259285
97.4454472332655 153.19607441539222
97.4454472332655 151.8591980081916
97.4454472332655 150.0766961319241
97.4454472332655 148.7398197247235
97.4454472332655 147.4029433175229
97.4454472332655 146.06606691032226
97.4454472332655 144.2835650340548
96.9998217641986 142.94668862685415
96.55419629513173 141.60981221965352
95.662945356998 140.2729358124529
94.32606894979739 139.38168487431918
93.43481801166362 138.04480846711857
92.09794160446302 136.70793205991794
90.76106519726238 135.8166811217842
89.42418879006178 134.47980471458357
88.08731238286117 133.58855377644983
86.75043597566054 132.6973028383161
85.4135595684599 132.6973028383161
84.0766831612593 132.6973028383161
82.73980675405869 132.6973028383161
81.40293034685806 133.14292830738293
80.06605393965745 133.58855377644983
78.72917753245684 134.0341792455167
77.39230112525624 134.47980471458357
76.05542471805558 135.3710556527173
74.2729228417881 136.26230659085107
72.93604643458747 137.1535575289848
71.59917002738686 137.1535575289848
70.26229362018626 138.04480846711857
69.37104268205249 139.38168487431918
68.47979174391875 140.71856128151978
67.14291533671815 141.60981221965352
66.25166439858438 142.94668862685415
65.36041346045064 144.2835650340548
64.02353705325004 145.6204414412554
63.57791158418314 146.957317848456
62.686660646049404 148.29419425565663
62.241035176982535 149.63107066285727
61.34978423884877 150.96794707005785
60.45853330071503 152.30482347725848
59.567282362581295 153.64169988445911
58.67603142444756 154.97857629165972
58.23040595538066 156.31545269886033
57.339155017246924 158.09795457512783
56.893529548180055 159.43483098232844
56.893529548180055 160.77170738952907
56.44790407911319 162.1085837967297
56.00227861004632 163.44546020393028
55.11102767191255 165.2279620801978
55.11102767191255 167.0104639564653
54.66540220284571 168.34734036366592
54.219776733778815 169.68421677086653
54.219776733778815 171.02109317806713
53.774151264711946 172.35796958526777
53.774151264711946 173.69484599246837
53.774151264711946 175.03172239966898
53.774151264711946 176.3685988068696
53.774151264711946 177.70547521407025
53.774151264711946 179.04235162127085
53.774151264711946 180.37922802847146
53.774151264711946 181.7161044356721
53.774151264711946 183.05298084287273
53.774151264711946 184.8354827191402
53.774151264711946 186.17235912634084
53.774151264711946 187.5092355335414
53.774151264711946 189.29173740980895
54.219776733778815 190.62861381700958
54.66540220284571 191.96549022421016
54.66540220284571 193.3023666314108
54.66540220284571 194.63924303861137
55.11102767191255 195.976119445812
55.11102767191255 197.31299585301264
55.11102767191255 199.0954977292801
55.11102767191255 200.43237413648075
55.55665314097945 201.76925054368138
55.55665314097945 203.10612695088196
56.44790407911319 204.8886288271495
56.44790407911319 206.22550523435012
57.339155017246924 208.0080071106176
57.78478048631382 209.34488351781818
57.78478048631382 210.6817599250188
58.23040595538066 212.01863633221944
58.67603142444756 213.80113820848692
59.12165689351443 215.58364008475445
60.45853330071503 218.7030183682225
60.90415876978193 220.03989477542314
62.241035176982535 221.37677118262377
63.13228611511627 223.15927305889124
64.02353705325004 224.49614946609188
64.91478799138378 226.27865134235935
64.91478799138378 227.61552774956
65.80603892951751 229.39802962582746
66.69728986765125 231.180531502095
67.58854080578502 232.51740790929557
68.92541721298562 235.19116072369684
69.81666815111936 236.52803713089747
70.70791908925312 238.31053900716495
71.59917002738686 239.64741541436553
72.49042096552063 240.98429182156616
74.2729228417881 243.21241916690053
76.05542471805558 244.10367010503427
77.39230112525624 245.4405465122349
78.72917753245684 245.8861719813018
80.06605393965745 246.77742291943554
81.40293034685806 247.66867385756927
84.0766831612593 249.45117573383675
85.8591850375268 250.3424266719705
88.53293785192801 251.67930307917112
89.86981425912865 252.57055401730486
92.54356707352989 253.9074304245055
94.32606894979739 254.35305589357233
95.662945356998 254.79868136263923
96.9998217641986 255.24430683170607
99.22794910953297 256.13555776983986
101.01045098580047 257.0268087079736
102.34732739300108 257.4724341770405
103.68420380020171 257.91805964610734
106.35795661460293 258.36368511517423
108.5860839599373 258.8093105842411
109.92296036713793 258.8093105842411
112.1510877124723 259.254936053308
113.93358958873978 259.254936053308
117.05296787220789 259.7005615223748
118.83546974847536 260.1461869914417
120.61797162474286 260.1461869914417
121.9548480319435 260.1461869914417
123.2917244391441 260.1461869914417
124.62860084634474 260.1461869914417
126.41110272261221 260.1461869914417
127.74797912981285 260.1461869914417
129.08485553701345 259.7005615223748
130.42173194421406 259.254936053308
131.7586083514147 258.8093105842411
133.09548475861533 257.91805964610734
133.98673569674907 256.5811832389067
135.32361210394967 255.68993230077297
136.21486304208344 254.35305589357233
136.21486304208344 253.01617948637175
136.21486304208344 251.67930307917112
137.10611398021717 250.3424266719705
137.55173944928404 249.00555026476985
138.44299038741778 247.66867385756927
138.44299038741778 245.8861719813018
138.44299038741778 244.54929557410117
138.44299038741778 243.21241916690053
138.44299038741778 241.42991729063306
137.99736491835088 240.09304088343242
137.10611398021717 238.7561644762318
135.76923757301654 237.4192880690312
133.54111022768217 235.63678619276368
132.20423382048156 234.29990978556305
130.86735741328096 232.96303337836247
129.53048100608032 232.51740790929557
127.74797912981285 232.96303337836247
126.41110272261221 234.74553525462994
125.51985178447848 236.9736625999643
125.51985178447848 238.31053900716495
124.62860084634474 239.64741541436553
122.84609897007724 240.53866635249926
121.50922256287663 241.42991729063306
119.28109521754226 242.3211682287668
117.94421881034162 242.7667936978337
115.71609146500725 243.65804463596743
113.48796411967291 244.10367010503427
112.1510877124723 244.10367010503427
110.3685858362048 244.10367010503427
108.5860839599373 244.10367010503427
107.24920755273669 243.65804463596743
105.91233114553609 242.3211682287668
104.12982926926858 241.42991729063306
102.34732739300108 239.64741541436553
100.5648255167336 238.31053900716495
98.7823236404661 237.4192880690312
96.55419629513173 235.63678619276368
94.77169441886426 234.29990978556305
92.98919254259675 232.96303337836247
92.54356707352989 231.180531502095
92.09794160446302 229.84365509489436
92.98919254259675 228.06115321862688
94.32606894979739 226.27865134235935
94.77169441886426 224.94177493515872
95.21731988793113 223.60489852795814
96.10857082606486 221.82239665169067
96.9998217641986 220.48552024449003
97.89107270233237 218.7030183682225
97.89107270233237 216.92051649195503
98.33669817139923 215.13801461568755
98.33669817139923 212.90988727035318
97.4454472332655 211.1273853940857
95.21731988793113 209.34488351781818
92.09794160446302 207.5623816415507
89.86981425912865 206.22550523435012
88.08731238286117 204.4430033580826
85.8591850375268 202.66050148181512
84.52230863032617 200.87799960554764
84.0766831612593 199.0954977292801
84.0766831612593 197.75862132207953
84.0766831612593 195.976119445812
84.52230863032617 194.19361756954453
84.52230863032617 192.8567411623439
85.4135595684599 191.07423928607642
85.8591850375268 189.73736287887579
85.8591850375268 188.40048647167515
86.30481050659367 186.61798459540768
87.64168691379427 183.49860631193957
89.42418879006178 179.9336025594046
90.31543972819551 178.1511006831371
90.76106519726238 175.92297333780274
92.54356707352989 173.69484599246837
92.98919254259675 171.91234411620087
93.88044348073049 170.57546770900026
94.32606894979739 168.34734036366592
95.21731988793113 166.56483848739842
95.21731988793113 164.78233661113092
96.10857082606486 163.44546020393028
96.55419629513173 162.1085837967297
96.55419629513173 160.77170738952907
96.55419629513173 159.43483098232844
96.55419629513173 158.09795457512783
96.55419629513173 156.31545269886033
