Study: 1.2.840.113619.2.30.1.1762288805.1909.1135342934.212
Series: 1.2.840.113619.2.30.1.1762288805.1909.1135342934.286
SpacingX: 0.703125
SpacingY: 0.703125
SpacingZ: 10.0

label: micronodules
localisation: non-relevant
slice_number: 8
nb_points_on_contour: 53
230.32577089057997 277.2291494151866
230.1149226388657 276.59660466004374
229.4823778837228 276.1749081566152
228.84983312857995 275.54236340147224
228.21728837343707 275.331515149758
227.58474361829417 274.9098186463294
226.95219886315132 274.6989703946151
226.31965410800842 274.2772738911865
225.68710935286555 273.85557738775793
225.0545645977227 273.43388088432937
224.4220198425798 273.01218438090075
223.78947508743695 272.5904878774722
223.15693033229408 272.1687913740436
222.3135373254369 271.9579431223293
221.68099257029402 271.747094870615
221.04844781515118 271.53624661890075
220.41590306000828 271.53624661890075
219.7833583048654 271.53624661890075
219.15081354972256 271.53624661890075
218.51826879457965 271.53624661890075
217.8857240394368 271.53624661890075
217.2531792842939 271.53624661890075
216.62063452915103 271.53624661890075
215.9880897740082 271.53624661890075
215.35554501886529 271.9579431223293
215.35554501886529 272.5904878774722
215.35554501886529 273.22303263261506
215.9880897740082 273.6447291360437
216.40978627743675 274.2772738911865
217.04233103257963 274.2772738911865
217.46402753600822 274.9098186463294
217.8857240394368 275.54236340147224
218.51826879457965 275.75321165318655
219.15081354972256 275.96405990490086
219.7833583048654 276.3857564083294
220.41590306000828 276.59660466004374
221.04844781515118 276.807452911758
221.68099257029402 277.2291494151866
222.3135373254369 277.6508459186152
222.9460820805798 278.07254242204374
223.57862683572264 278.28339067375805
224.21117159086552 278.28339067375805
224.84371634600842 278.49423892547236
225.47626110115127 278.49423892547236
226.10880585629414 278.49423892547236
226.74135061143704 278.49423892547236
227.3738953665799 278.49423892547236
228.00644012172276 278.49423892547236
228.63898487686563 278.49423892547236
229.2715296320085 278.49423892547236
229.90407438715138 278.49423892547236
230.53661914229426 278.49423892547236
230.74746739400857 277.8616941703295
slice_number: 9
nb_points_on_contour: 110
242.81564759077085 273.57232688821466
241.86921157405058 273.2568482159746
240.9227755573303 273.2568482159746
239.97633954060998 272.9413695437345
238.7144248516496 272.3104121992543
237.76798883492938 271.99493352701415
236.82155281820903 271.6794548547741
235.87511680148873 271.363976182534
234.92868078476852 271.04849751029394
233.98224476804816 270.7330188380538
232.72033007908777 269.78658282133347
231.45841539012739 269.1556254768533
230.51197937340712 268.84014680461325
229.25006468444673 268.20918946013296
228.3036286677264 267.8937107878929
227.04171397876607 267.5782321156528
226.09527796204577 267.26275344341275
225.14884194532544 266.94727477117266
224.20240592860515 266.94727477117266
223.2559699118849 266.94727477117266
222.30953389516458 266.94727477117266
221.3630978784443 266.63179609893257
220.10118318948392 266.63179609893257
219.15474717276368 266.63179609893257
218.20831115604332 266.3163174266924
216.94639646708296 266.0008387544524
215.99996045036266 266.0008387544524
215.05352443364242 265.68536008221224
214.1070884169221 265.68536008221224
213.1606524002018 265.68536008221224
212.21421638348147 265.68536008221224
211.26778036676126 265.3698814099722
210.3213443500409 265.3698814099722
209.3749083333206 265.3698814099722
208.42847231660042 265.68536008221224
207.79751497212013 266.63179609893257
207.48203629988004 267.5782321156528
207.16655762764 268.5246681323731
207.16655762764 269.47110414909343
208.11299364436027 269.78658282133347
209.05942966108051 269.78658282133347
209.05942966108051 270.7330188380538
209.05942966108051 271.6794548547741
209.05942966108051 272.62589087149433
210.00586567780084 273.2568482159746
211.34942823629376 273.6447291360437
211.9819729914367 274.06642563947224
212.19282124315095 274.6989703946151
212.8253659982938 275.1206668980437
213.24706250172238 275.75321165318655
213.87960725686528 276.1749081566152
214.30130376029385 276.80745291175793
214.93384851543672 277.2291494151866
215.56639327057962 277.6508459186151
216.19893802572247 278.07254242204374
216.83148278086534 278.49423892547236
217.46402753600825 278.70508717718667
218.0965722911511 279.12678368061523
218.72911704629394 279.3376319323295
219.15081354972259 279.97017668747236
219.7833583048654 280.18102493918667
220.41590306000828 280.60272144261523
221.0484478151512 281.02441794604385
221.68099257029402 281.23526619775816
222.3135373254369 281.65696270118667
222.94608208057983 282.0786592046153
223.57862683572264 282.5003557080439
224.21117159086552 282.7112039597581
224.84371634600842 283.13290046318673
225.47626110115127 283.13290046318673
226.10880585629414 283.13290046318673
226.74135061143704 283.13290046318673
227.3738953665799 283.13290046318673
228.00644012172276 283.13290046318673
228.63898487686563 283.55459696661535
229.2715296320085 283.55459696661535
229.90407438715138 283.55459696661535
230.53661914229426 283.55459696661535
231.16916389743713 283.55459696661535
231.80170865258003 283.55459696661535
232.43425340772288 283.55459696661535
233.06679816286575 283.76544521832966
233.69934291800865 283.76544521832966
234.3318876731515 283.76544521832966
234.96443242829437 283.76544521832966
235.59697718343725 283.76544521832966
236.22952193858012 283.76544521832966
236.862066693723 283.76544521832966
237.49461144886587 283.76544521832966
238.12715620400874 283.55459696661535
238.75970095915162 283.13290046318673
239.3922457142945 282.71120395975817
240.02479046943736 282.5003557080439
240.65733522458024 282.5003557080439
241.2898799797231 282.2895074563296
241.92242473486598 282.2895074563296
242.55496949000886 282.2895074563296
242.97666599343745 281.6569627011867
243.60921074858032 281.23526619775816
244.24175550372317 280.81356969432954
244.24175550372317 280.18102493918667
244.24175550372317 279.5484801840438
244.24175550372317 278.9159354289009
244.24175550372317 278.28339067375805
244.24175550372317 277.6508459186152
244.24175550372317 277.0183011634723
244.24175550372317 276.3857564083294
244.24175550372317 275.75321165318655
244.24175550372317 275.1206668980437
244.0309072520089 274.4881221429008
slice_number: 10
nb_points_on_contour: 183
242.13327298658027 286.50647249061535
242.76581774172323 286.50647249061535
243.398362496866 286.0847759871868
244.0309072520089 285.6630794837582
244.8743002588661 285.24138298032966
245.50684501400895 285.03053472861535
246.1393897691518 284.6088382251868
246.7719345242947 284.1871417217582
247.40447927943754 283.76544521832966
248.0370240345804 283.55459696661535
248.66956878972331 283.34374871490104
249.30211354486616 283.34374871490104
249.93465830000903 283.34374871490104
250.56720305515194 283.13290046318673
251.19974781029478 283.13290046318673
251.83229256543774 282.92205221147236
252.46483732058056 282.5003557080439
253.0973820757234 282.0786592046153
253.72992683086636 281.867810952901
254.36247158600915 281.867810952901
254.99501634115202 281.44611444947236
255.62756109629498 281.23526619775816
256.26010585143774 280.81356969432954
256.8926506065807 280.60272144261523
257.5251953617236 279.97017668747236
258.1577401168664 279.7593284357581
258.579436620295 279.12678368061523
259.21198137543786 278.70508717718667
259.21198137543786 278.07254242204374
259.21198137543786 277.4399976669009
259.21198137543786 276.80745291175793
259.21198137543786 276.1749081566152
259.21198137543786 275.54236340147224
259.21198137543786 274.90981864632937
259.21198137543786 274.2772738911865
259.21198137543786 273.6447291360437
259.00113312372355 273.01218438090075
258.36858836858073 272.37963962575793
257.7360436134378 271.74709487061494
257.1034988582949 271.3253983671864
256.47095410315205 270.69285361204356
255.8384093480092 270.0603088569007
255.2058645928663 269.84946060518644
254.57331983772346 269.4277641017578
253.94077508258061 269.4277641017578
253.30823032743768 269.00606759832925
252.67568557229484 268.79521934661494
252.04314081715202 268.5843710949007
251.41059606200906 268.16267459147207
250.56720305515194 267.7409780880435
249.93465830000903 267.53012983632914
249.30211354486616 267.53012983632914
248.66956878972331 267.10843333290063
248.0370240345804 267.10843333290063
247.40447927943754 266.68673682947207
246.7719345242947 266.4758885777577
246.1393897691518 266.2650403260434
245.50684501400895 265.8433438226149
244.8743002588661 265.6324955709006
244.24175550372317 265.21079906747195
243.60921074858032 264.9999508157577
242.9766659934375 264.78910256404345
242.34412123829455 264.57825431232914
241.7115764831517 264.57825431232914
241.07903172800889 264.57825431232914
240.44648697286593 264.57825431232914
239.6030939660088 264.57825431232914
238.9705492108659 264.57825431232914
238.33800445572302 264.57825431232914
237.70545970058018 264.57825431232914
237.07291494543728 264.57825431232914
236.4403701902944 264.57825431232914
235.80782543515156 264.57825431232914
235.17528068000865 264.3674060606148
234.54273592486578 264.3674060606148
233.91019116972296 264.3674060606148
233.27764641458003 264.3674060606148
232.64510165943716 264.3674060606148
231.8017086525801 264.3674060606148
231.16916389743713 264.3674060606148
230.53661914229426 264.3674060606148
229.90407438715138 264.3674060606148
229.2715296320085 264.1565578089006
228.63898487686563 264.1565578089006
228.00644012172276 264.1565578089006
227.3738953665799 264.1565578089006
226.74135061143704 263.94570955718626
226.10880585629414 263.734861305472
225.47626110115127 263.5240130537577
224.84371634600842 263.3131648020434
224.21117159086552 263.1023165503291
223.57862683572264 262.6806200469005
222.94608208057983 262.46977179518615
222.3135373254369 262.25892354347195
221.68099257029402 261.83722704004333
221.04844781515123 261.6263787883291
220.41590306000828 261.2046822849005
219.7833583048654 260.9938340331862
219.1508135497226 260.5721375297576
218.51826879457965 260.5721375297576
217.8857240394368 260.3612892780433
217.2531792842939 260.3612892780433
216.62063452915103 260.3612892780433
215.9880897740082 260.3612892780433
215.35554501886529 260.3612892780433
214.7230002637224 260.3612892780433
214.09045550857957 260.3612892780433
213.24706250172238 260.5721375297576
212.6145177465795 260.7829857814719
211.9819729914367 261.2046822849005
211.34942823629376 261.4155305366147
210.7168834811509 261.6263787883291
210.0843387260081 261.83722704004333
209.45179397086514 262.25892354347195
208.81924921572227 262.46977179518615
208.18670446057948 262.89146829861477
207.7650079571508 263.5240130537577
207.7650079571508 264.1565578089006
207.34331145372224 264.78910256404345
206.92161495029364 265.42164731918626
206.92161495029364 266.0541920743292
206.92161495029364 266.68673682947207
206.92161495029364 267.31928158461494
206.92161495029364 267.95182633975776
206.92161495029364 268.79521934661494
206.92161495029364 269.4277641017578
206.92161495029364 270.0603088569007
207.55415970543652 270.48200536032925
208.18670446057948 270.9037018637579
208.39755271229373 271.5362466189007
209.03009746743658 271.74709487061494
209.03009746743658 273.22303263261506
209.24094571915086 273.85557738775793
209.8734904742937 274.2772738911865
210.5060352294366 274.4881221429008
211.13857998457948 274.9098186463294
211.77112473972232 275.1206668980437
212.40366949486523 275.54236340147224
213.0362142500081 275.96405990490086
213.66875900515097 276.1749081566152
214.30130376029385 276.59660466004374
214.93384851543672 277.0183011634723
215.35554501886529 277.6508459186152
215.9880897740082 278.07254242204374
216.62063452915103 278.70508717718667
217.2531792842939 279.12678368061523
217.8857240394368 279.5484801840438
218.51826879457965 279.7593284357581
219.15081354972256 280.391873190901
219.7833583048654 280.60272144261523
220.205054808294 281.23526619775816
220.83759956343687 281.6569627011867
221.47014431857974 282.0786592046153
222.10268907372262 282.71120395975817
222.73523382886546 283.13290046318673
223.36777858400836 283.55459696661535
224.00032333915124 283.9762934700439
224.6328680942941 284.1871417217582
225.26541284943698 284.6088382251868
226.10880585629414 284.8196864769011
226.74135061143704 285.24138298032966
227.3738953665799 285.45223123204397
228.00644012172276 285.45223123204397
228.84983312857995 285.87392773547253
229.6932261354371 286.0847759871868
230.53661914229426 286.29562423890115
231.16916389743713 286.29562423890115
231.8017086525801 286.29562423890115
232.43425340772288 286.29562423890115
233.06679816286575 286.29562423890115
233.6993429180087 286.29562423890115
234.54273592486578 286.29562423890115
235.17528068000865 286.29562423890115
235.80782543515156 286.29562423890115
236.6512184420087 286.928168994044
237.28376319715161 286.928168994044
237.91630795229446 286.928168994044
238.5488527074373 286.928168994044
239.18139746258024 286.928168994044
239.81394221772308 286.928168994044
240.44648697286593 286.928168994044
241.07903172800886 286.928168994044
241.7115764831517 286.928168994044
slice_number: 12
nb_points_on_contour: 152
263.2180981580094 254.0358417266146
262.5855534028665 253.40329697147172
261.95300864772366 252.77075221632873
261.32046389258073 252.34905571290022
260.6879191374379 251.92735920947166
259.84452613058073 251.5056627060431
259.21198137543786 251.29481445432873
258.36858836858073 250.66226969918586
257.7360436134378 250.45142144747157
257.1034988582949 250.2405731957573
256.26010585143774 250.029724944043
255.62756109629498 249.60802844061445
254.99501634115202 249.60802844061445
254.15162333429487 249.18633193718586
253.519078579152 248.97548368547157
252.88653382400912 248.97548368547157
252.04314081715202 248.553787182043
251.41059606200906 248.34293893032873
250.56720305515194 248.13209067861442
249.72381004829475 247.92124242690014
249.09126529315188 247.92124242690014
248.45872053800906 247.92124242690014
247.82617578286613 247.92124242690014
247.19363102772326 248.13209067861442
246.56108627258047 248.34293893032873
245.9285415174375 248.553787182043
245.29599676229464 248.7646354337573
244.66345200715188 249.18633193718586
244.0309072520089 249.39718018890017
243.398362496866 249.81887669232873
242.9766659934375 250.45142144747157
242.34412123829455 251.08396620261445
241.7115764831517 251.7165109577573
241.2898799797231 252.34905571290022
240.86818347629452 252.9816004680431
240.44648697286593 253.614145223186
240.23563872115164 254.24668997832885
239.81394221772308 254.87923473347172
239.6030939660088 255.51177948861456
239.39224571429452 256.1443242437575
239.39224571429452 256.77686899890034
239.39224571429452 257.4094137540432
239.39224571429452 258.0419585091861
239.39224571429452 258.674503264329
239.39224571429452 259.30704801947184
239.39224571429452 259.9395927746147
239.39224571429452 260.5721375297576
239.6030939660088 261.2046822849005
239.81394221772308 261.83722704004333
240.02479046943736 262.46977179518615
240.23563872115164 263.1023165503291
240.44648697286593 263.734861305472
240.86818347629452 264.3674060606148
241.07903172800889 264.9999508157577
241.2898799797231 265.6324955709006
241.2898799797231 266.2650403260434
241.2898799797231 267.10843333290063
241.2898799797231 267.7409780880435
241.2898799797231 268.5843710949007
241.2898799797231 269.21691585004356
241.2898799797231 269.84946060518644
241.2898799797231 270.48200536032925
241.2898799797231 271.1145501154722
241.2898799797231 271.74709487061494
241.5007282314374 272.5904878774721
241.5007282314374 273.22303263261506
241.7115764831517 273.85557738775793
241.7115764831517 274.4881221429008
242.13327298658027 275.1206668980437
242.34412123829455 275.75321165318655
242.76581774172328 276.38575640832937
243.18751424515173 277.0183011634723
243.398362496866 277.6508459186151
243.60921074858032 278.28339067375805
244.24175550372317 278.9159354289009
244.66345200715188 279.5484801840438
244.8743002588661 280.18102493918667
245.29599676229464 280.60272144261523
245.9285415174375 280.391873190901
246.5610862725804 280.18102493918667
247.19363102772326 279.9701766874724
247.82617578286613 279.9701766874724
248.458720538009 279.9701766874724
249.09126529315188 279.9701766874724
249.72381004829475 279.9701766874724
250.35635480343763 279.9701766874724
250.9888995585805 279.9701766874724
251.62144431372337 279.9701766874724
252.25398906886625 279.9701766874724
252.88653382400912 279.9701766874724
253.7299268308663 279.9701766874724
254.36247158600915 279.7593284357581
254.99501634115202 279.5484801840438
255.62756109629493 279.12678368061523
256.26010585143774 278.9159354289009
256.8926506065807 278.9159354289009
257.52519536172355 278.70508717718667
258.1577401168664 278.70508717718667
258.79028487200924 278.49423892547236
259.42282962715217 278.28339067375805
260.055374382295 278.28339067375805
260.6879191374379 278.49423892547236
261.32046389258073 278.70508717718667
261.95300864772366 279.12678368061523
262.3747051511522 279.7593284357581
262.5855534028665 280.391873190901
263.2180981580094 280.81356969432954
263.8506429131522 281.02441794604385
264.48318766829516 281.02441794604385
265.115732423438 280.81356969432954
265.7482771785809 280.391873190901
266.3808219337238 279.9701766874724
266.80251843715234 279.3376319323295
267.4350631922952 278.9159354289009
267.8567596957238 278.28339067375805
268.0676079474381 277.6508459186152
268.0676079474381 277.0183011634723
268.0676079474381 276.3857564083294
268.0676079474381 275.75321165318655
268.0676079474381 275.1206668980437
268.0676079474381 274.4881221429008
268.0676079474381 273.85557738775793
268.0676079474381 273.22303263261506
268.0676079474381 272.5904878774722
268.0676079474381 271.9579431223293
268.0676079474381 271.32539836718644
268.0676079474381 270.69285361204356
268.0676079474381 270.0603088569007
268.0676079474381 269.4277641017578
268.0676079474381 268.79521934661494
267.64591144400947 268.16267459147207
267.2242149405809 267.5301298363292
266.59167018543803 266.8975850811863
266.3808219337238 266.26504032604345
266.1699736820094 265.6324955709006
265.5374289268666 265.210799067472
265.3265806751523 264.57825431232914
265.115732423438 263.94570955718626
264.69403592000947 263.3131648020434
264.48318766829516 262.6806200469005
264.27233941658085 262.04807529175764
264.06149116486654 261.41553053661477
263.639794661438 260.7829857814719
263.4289464097237 260.150441026329
263.4289464097237 259.51789627118615
263.4289464097237 258.8853515160433
263.4289464097237 258.2528067609004
263.4289464097237 257.6202620057575
263.639794661438 256.98771725061465
263.639794661438 256.3551724954718
263.639794661438 255.7226277403289
263.4289464097237 255.09008298518603
slice_number: 13
nb_points_on_contour: 216
260.4770708857236 282.2895074563296
261.10961564086654 282.0786592046153
261.74216039600935 281.867810952901
262.3747051511522 281.44611444947236
263.0072499062951 281.23526619775816
263.639794661438 281.02441794604385
264.48318766829516 280.60272144261523
265.115732423438 280.18102493918667
265.7482771785809 279.97017668747236
266.38082193372384 279.3376319323295
267.01336668886665 278.9159354289009
267.64591144400947 278.28339067375805
268.0676079474381 277.6508459186151
268.70015270258097 277.2291494151866
269.12184920600953 276.5966046600437
269.75439396115235 276.1749081566152
270.17609046458097 275.54236340147224
270.8086352197239 275.1206668980437
271.4411799748667 274.90981864632937
272.07372473000964 274.4881221429008
272.70626948515246 274.2772738911865
273.3388142402954 273.85557738775793
273.9713589954382 273.43388088432937
274.39305549886683 272.8013361291865
275.02560025400965 272.1687913740436
275.6581450091526 271.74709487061494
276.0798415125812 271.1145501154722
276.712386267724 270.9037018637579
277.34493102286694 270.48200536032925
277.97747577800976 270.0603088569007
278.1883240297241 269.4277641017578
278.61002053315264 268.79521934661494
279.0317170365812 268.16267459147207
279.4534135400098 267.53012983632914
279.87511004343844 266.8975850811863
280.29680654686695 266.2650403260434
280.29680654686695 265.6324955709006
280.50765479858126 264.9999508157577
280.50765479858126 264.3674060606148
280.50765479858126 263.734861305472
280.50765479858126 263.1023165503291
280.50765479858126 262.46977179518615
280.50765479858126 261.83722704004333
280.50765479858126 261.2046822849005
280.50765479858126 260.5721375297576
280.50765479858126 259.9395927746147
280.50765479858126 259.30704801947184
280.50765479858126 258.674503264329
280.50765479858126 258.0419585091861
280.50765479858126 257.4094137540432
280.29680654686695 256.77686899890034
280.08595829515264 256.1443242437575
280.08595829515264 255.51177948861456
279.66426179172413 254.87923473347172
279.2425652882955 254.24668997832885
278.8208687848669 253.614145223186
278.3991722814384 252.9816004680431
277.76662752629545 252.34905571290022
277.34493102286694 251.5056627060431
276.712386267724 251.08396620261445
276.5015380160097 250.45142144747157
275.8689932608669 250.029724944043
275.44729675743827 249.39718018890017
274.8147520022954 248.7646354337573
274.39305549886683 248.13209067861442
273.760510743724 247.92124242690014
273.3388142402954 247.28869767175723
272.70626948515246 247.07784942004287
272.4954212334382 246.4453046649001
271.86287647829533 246.02360816147146
271.01948347143815 245.39106340632858
270.3869387162953 244.75851865118574
269.75439396115235 244.33682214775718
269.12184920600953 243.91512564432858
268.4893044508667 243.4934291409
267.8567596957238 243.07173263747143
267.64591144400947 242.43918788232855
267.01336668886665 242.22833963061424
266.38082193372384 241.80664312718568
265.7482771785809 241.38494662375703
265.115732423438 240.96325012032847
264.48318766829516 240.75240186861424
263.8506429131522 240.3307053651856
263.2180981580094 240.1198571134713
262.5855534028665 239.69816061004275
261.95300864772366 239.27646410661418
261.32046389258073 238.8547676031856
260.6879191374379 238.433071099757
260.055374382295 238.22222284804275
259.42282962715217 237.58967809289987
258.79028487200924 237.37882984118556
258.1577401168664 236.7462850860427
257.5251953617236 236.53543683432838
256.8926506065807 236.32458858261413
256.26010585143774 236.11374033089982
255.62756109629498 235.90289207918545
254.99501634115202 235.90289207918545
254.15162333429487 235.90289207918545
253.519078579152 235.90289207918545
252.88653382400912 235.90289207918545
252.25398906886625 235.90289207918545
251.62144431372337 235.90289207918545
250.9888995585805 236.32458858261413
250.56720305515194 236.957133337757
249.93465830000903 237.37882984118556
249.30211354486616 237.58967809289987
248.66956878972331 238.01137459632844
248.0370240345804 238.01137459632844
247.40447927943754 238.22222284804275
246.7719345242947 238.6439193514713
246.56108627258047 239.27646410661418
246.35023802086607 239.90900886175703
246.35023802086607 240.54155361689988
246.35023802086607 241.1740983720428
245.9285415174375 241.80664312718568
245.29599676229464 242.43918788232855
244.8743002588661 243.07173263747143
244.45260375543745 243.7042773926143
244.0309072520089 244.75851865118574
244.0309072520089 245.3910634063286
244.24175550372317 246.0236081614715
244.8743002588661 246.4453046649001
245.50684501400895 246.4453046649001
246.1393897691518 246.65615291661433
246.7719345242947 246.65615291661433
247.40447927943754 246.86700116832867
248.0370240345804 247.07784942004292
248.66956878972331 247.28869767175723
249.30211354486616 247.7103941751858
249.93465830000903 248.13209067861442
250.56720305515194 248.553787182043
251.19974781029478 248.97548368547157
251.41059606200906 249.60802844061445
251.41059606200906 250.2405731957573
251.41059606200906 250.87311795090022
251.41059606200906 251.5056627060431
251.41059606200906 252.1382074611859
251.19974781029478 252.7707522163288
250.9888995585805 253.40329697147172
250.77805130686622 254.45753823004316
250.77805130686622 255.09008298518603
250.77805130686622 255.7226277403289
250.77805130686622 256.3551724954718
250.35635480343763 256.98771725061465
250.35635480343763 257.6202620057575
250.35635480343763 258.2528067609004
250.35635480343763 258.8853515160433
249.72381004829475 259.30704801947184
249.30211354486616 259.9395927746147
248.66956878972331 260.3612892780433
248.0370240345804 260.7829857814719
247.61532753115185 261.2046822849005
247.61532753115185 261.83722704004333
247.61532753115185 262.46977179518615
247.61532753115185 263.1023165503291
247.61532753115185 263.734861305472
247.61532753115185 264.3674060606148
247.61532753115185 264.9999508157577
247.61532753115185 265.6324955709006
247.61532753115185 266.4758885777577
247.61532753115185 267.31928158461494
247.61532753115185 268.16267459147207
247.61532753115185 268.79521934661494
247.61532753115185 269.6386123534721
247.61532753115185 270.27115710861494
247.40447927943754 270.9037018637579
247.40447927943754 271.5362466189007
247.19363102772326 272.1687913740436
246.98278277600897 272.8013361291865
246.56108627258047 273.43388088432937
246.35023802086607 274.06642563947224
246.1393897691518 274.6989703946151
245.71769326572323 275.331515149758
245.08514851058035 275.75321165318655
244.66345200715188 276.38575640832937
244.24175550372317 277.0183011634723
243.60921074858032 277.4399976669009
243.18751424515173 278.07254242204374
242.55496949000886 278.70508717718667
242.34412123829455 279.3376319323295
242.34412123829455 279.97017668747236
242.34412123829455 280.60272144261523
242.13327298658027 281.23526619775816
242.13327298658027 281.867810952901
242.13327298658027 282.5003557080439
242.13327298658027 283.13290046318673
242.13327298658027 283.76544521832966
242.13327298658027 284.3979899734725
242.34412123829455 285.03053472861535
242.9766659934375 285.45223123204397
243.60921074858032 285.87392773547253
244.24175550372317 285.87392773547253
244.8743002588661 285.87392773547253
245.71769326572323 285.87392773547253
246.35023802086607 285.87392773547253
246.98278277600897 285.87392773547253
247.61532753115185 285.87392773547253
248.2478722862948 285.87392773547253
248.8804170414376 285.87392773547253
249.51296179658047 285.87392773547253
250.35635480343765 285.87392773547253
250.9888995585805 285.87392773547253
251.62144431372337 285.87392773547253
252.25398906886625 285.87392773547253
252.88653382400912 285.87392773547253
253.519078579152 285.87392773547253
254.15162333429487 285.6630794837582
254.99501634115202 285.6630794837582
255.62756109629498 285.45223123204397
256.26010585143774 285.24138298032966
256.8926506065807 285.03053472861535
257.5251953617236 284.8196864769011
258.36858836858073 284.3979899734725
259.00113312372355 283.76544521832966
259.6336778788665 283.34374871490104
260.2662226340093 282.92205221147236
slice_number: 14
nb_points_on_contour: 265
255.62756109629495 284.1871417217582
256.47095410315205 284.1871417217582
257.3143471100093 283.9762934700439
257.9468918651521 283.76544521832966
258.579436620295 283.76544521832966
259.6336778788665 283.34374871490104
260.2662226340093 283.13290046318673
260.8987673891522 282.9220522114724
261.53131214429504 282.7112039597581
262.3747051511522 282.5003557080439
263.0072499062951 282.2895074563296
263.639794661438 282.0786592046153
264.27233941658085 281.65696270118667
264.69403592000947 281.02441794604385
265.3265806751523 280.81356969432954
266.1699736820094 280.60272144261523
266.80251843715234 280.391873190901
267.4350631922952 280.18102493918667
268.0676079474381 279.7593284357581
268.9110009542952 279.3376319323295
269.54354570943815 278.9159354289009
270.17609046458097 278.28339067375805
270.8086352197239 277.8616941703295
271.4411799748667 277.4399976669009
272.28457298172395 277.0183011634723
273.1279659885811 276.38575640832937
273.760510743724 275.96405990490086
274.39305549886683 275.54236340147224
275.02560025400965 274.90981864632937
275.6581450091526 274.4881221429008
276.5015380160097 274.06642563947224
277.1340827711526 273.43388088432937
277.76662752629545 273.01218438090075
278.1883240297241 272.37963962575793
279.0317170365812 271.3253983671864
279.4534135400098 270.69285361204356
279.87511004343844 270.0603088569007
280.50765479858126 269.21691585004356
280.50765479858126 268.5843710949007
280.71850305029557 267.7409780880435
280.71850305029557 267.10843333290063
280.71850305029557 266.2650403260434
280.71850305029557 265.6324955709006
280.71850305029557 264.9999508157577
280.71850305029557 264.3674060606148
280.71850305029557 263.734861305472
280.71850305029557 262.89146829861477
280.71850305029557 262.04807529175764
280.71850305029557 261.2046822849005
280.71850305029557 260.5721375297576
280.71850305029557 259.9395927746147
280.50765479858126 259.30704801947184
280.08595829515264 258.4636550126147
279.4534135400098 257.6202620057575
279.0317170365812 256.98771725061465
278.61002053315264 256.1443242437575
278.1883240297241 255.51177948861456
277.76662752629545 254.66838648175744
277.34493102286694 254.0358417266146
276.712386267724 253.614145223186
276.0798415125812 252.9816004680431
275.44729675743827 252.7707522163288
274.60390375058114 252.7707522163288
273.760510743724 252.7707522163288
273.1279659885811 252.7707522163288
272.4954212334382 252.7707522163288
271.652028226581 252.9816004680431
271.01948347143815 253.1924487197574
270.5977869680096 253.82499347490028
270.17609046458097 254.45753823004316
269.75439396115235 255.090082985186
269.33269745772384 255.72262774032887
268.9110009542952 256.3551724954717
268.2784561991524 256.77686899890034
267.64591144400947 257.4094137540432
267.01336668886665 257.8311102574718
266.38082193372384 258.2528067609004
265.7482771785809 258.674503264329
265.115732423438 258.8853515160433
264.48318766829516 258.674503264329
263.8506429131522 258.4636550126147
263.4289464097237 257.8311102574718
263.0072499062951 257.19856550232896
262.7964016545808 256.5660207471861
262.3747051511522 255.93347599204316
262.1638568994379 255.30093123690028
262.1638568994379 254.66838648175744
262.1638568994379 254.0358417266146
262.1638568994379 253.40329697147172
262.3747051511522 252.7707522163288
262.7964016545808 252.1382074611859
262.7964016545808 251.5056627060431
262.7964016545808 250.87311795090022
262.7964016545808 250.2405731957573
262.7964016545808 249.39718018890017
262.5855534028665 248.7646354337573
262.3747051511522 248.13209067861442
261.95300864772366 247.49954592347154
261.53131214429504 246.86700116832867
261.32046389258073 246.2344564131858
260.6879191374379 245.6019116580429
260.2662226340093 244.96936690290002
259.6336778788665 244.12597389604286
259.00113312372355 243.4934291409
258.579436620295 242.86088438575715
257.9468918651521 242.22833963061424
257.5251953617236 241.59579487547137
256.68180235486636 240.96325012032847
256.0492575997235 240.33070536518562
255.41671284458067 239.90900886175703
254.78416808943774 239.48731235832847
254.15162333429487 238.8547676031856
253.519078579152 238.433071099757
252.67568557229484 238.01137459632844
252.043140817152 237.58967809289987
251.41059606200906 237.37882984118556
250.77805130686622 237.16798158947125
249.93465830000903 236.957133337757
249.30211354486616 236.957133337757
248.66956878972331 236.957133337757
248.0370240345804 236.957133337757
247.40447927943754 237.16798158947125
246.7719345242947 237.16798158947125
246.1393897691518 237.16798158947125
245.50684501400895 237.16798158947125
244.8743002588661 237.80052634461416
244.45260375543745 238.433071099757
244.0309072520089 239.06561585489987
243.8200590002946 239.90900886175703
243.60921074858032 240.75240186861424
243.60921074858032 241.38494662375706
243.60921074858032 242.0174913789
243.60921074858032 242.6500361340428
243.60921074858032 243.28258088918574
243.60921074858032 243.91512564432858
243.60921074858032 244.54767039947146
243.60921074858032 245.3910634063286
243.8200590002946 246.0236081614715
244.0309072520089 246.65615291661433
244.0309072520089 247.28869767175723
244.0309072520089 247.92124242690014
244.0309072520089 248.553787182043
244.0309072520089 249.18633193718586
244.24175550372317 249.81887669232873
244.24175550372317 250.45142144747157
244.24175550372317 251.08396620261448
244.24175550372317 251.71651095775732
244.24175550372317 252.34905571290022
244.24175550372317 252.9816004680431
244.24175550372317 253.614145223186
244.0309072520089 254.24668997832885
243.60921074858032 254.87923473347172
243.60921074858032 255.51177948861456
243.18751424515173 256.1443242437575
242.7658177417232 256.77686899890034
242.34412123829455 257.4094137540432
242.13327298658027 258.0419585091861
241.5007282314374 258.4636550126147
241.07903172800886 259.0961997677576
240.65733522458024 259.72874452290046
240.02479046943736 260.15044102632896
239.81394221772308 260.7829857814719
239.39224571429452 261.4155305366147
238.9705492108659 262.04807529175764
238.33800445572302 262.6806200469005
237.70545970058018 263.1023165503291
237.07291494543728 263.5240130537577
236.22952193858012 263.94570955718626
236.22952193858012 264.57825431232914
236.01867368686584 265.210799067472
235.59697718343725 265.8433438226149
234.96443242829437 266.47588857775776
234.54273592486578 267.10843333290063
234.12103942143722 267.7409780880435
233.69934291800865 268.3735228431864
233.27764641458003 269.00606759832925
233.27764641458003 269.6386123534721
233.06679816286575 270.271157108615
233.06679816286575 270.9037018637579
233.06679816286575 271.53624661890075
233.06679816286575 272.1687913740436
233.06679816286575 272.8013361291865
233.06679816286575 273.43388088432937
233.06679816286575 274.06642563947224
232.64510165943716 274.6989703946151
232.0125569042943 275.331515149758
231.3800121491514 275.75321165318655
230.95831564572285 276.3857564083294
230.32577089057997 276.59660466004374
229.90407438715138 277.2291494151866
229.2715296320085 277.6508459186152
228.84983312857995 278.28339067375805
228.21728837343707 278.70508717718667
227.79559187000848 279.3376319323295
227.1630471148656 279.7593284357581
226.53050235972273 279.9701766874724
225.89795760457986 280.18102493918667
225.26541284943698 280.18102493918667
224.6328680942941 280.18102493918667
224.00032333915124 280.18102493918667
223.36777858400836 280.18102493918667
222.73523382886546 280.18102493918667
222.10268907372262 280.18102493918667
221.47014431857974 280.391873190901
220.83759956343687 280.60272144261523
220.205054808294 281.02441794604385
219.9942065565797 281.6569627011867
219.9942065565797 282.2895074563296
219.9942065565797 282.9220522114725
220.41590306000828 283.9762934700439
221.0484478151512 284.1871417217582
221.68099257029402 284.3979899734725
222.52438557715118 284.8196864769011
223.15693033229408 285.03053472861535
223.78947508743695 285.45223123204397
224.4220198425798 285.6630794837582
225.0545645977227 285.87392773547253
225.68710935286555 286.0847759871868
226.31965410800842 286.29562423890115
226.95219886315132 286.50647249061535
227.58474361829417 286.71732074232966
228.2172883734371 286.928168994044
228.84983312857995 286.928168994044
229.4823778837228 287.1390172457583
230.11492263886572 287.3498654974726
230.74746739400857 287.3498654974726
231.3800121491514 287.5607137491869
232.01255690429434 287.9824102526154
232.64510165943716 287.9824102526154
233.27764641458003 288.1932585043297
233.91019116972296 288.1932585043297
234.54273592486578 288.1932585043297
235.38612893172294 288.40410675604403
236.01867368686584 288.40410675604403
236.6512184420087 288.40410675604403
237.28376319715161 288.40410675604403
238.12715620400874 288.40410675604403
238.75970095915162 288.61495500775834
239.39224571429452 288.61495500775834
240.02479046943736 288.61495500775834
240.86818347629452 288.61495500775834
241.5007282314374 288.61495500775834
242.13327298658027 288.61495500775834
242.7658177417232 288.61495500775834
243.398362496866 288.61495500775834
244.0309072520089 288.61495500775834
244.66345200715182 288.61495500775834
245.29599676229464 288.61495500775834
246.1393897691518 288.40410675604403
246.7719345242947 288.40410675604403
247.40447927943754 288.40410675604403
248.0370240345804 288.40410675604403
248.66956878972331 288.1932585043297
249.30211354486616 287.9824102526154
249.93465830000903 287.7715620009011
250.56720305515194 287.3498654974726
251.19974781029478 287.1390172457583
251.8322925654377 286.928168994044
252.46483732058056 286.50647249061535
253.0973820757234 286.0847759871868
253.72992683086633 285.6630794837582
254.36247158600915 285.45223123204397
254.99501634115202 285.24138298032966
255.62756109629495 285.24138298032966
256.26010585143774 284.8196864769011
slice_number: 15
nb_points_on_contour: 159
256.8926506065807 282.0786592046153
256.68180235486636 281.44611444947236
256.0492575997235 281.02441794604385
255.41671284458073 280.391873190901
254.78416808943774 279.5484801840438
254.15162333429487 279.3376319323295
253.519078579152 278.9159354289009
252.67568557229484 278.70508717718667
252.04314081715202 278.28339067375805
251.41059606200906 277.8616941703295
250.77805130686622 277.4399976669009
250.14550655172343 277.2291494151866
249.51296179658047 277.0183011634723
248.8804170414376 276.80745291175793
248.2478722862948 276.5966046600437
247.61532753115185 276.1749081566152
246.98278277600897 275.96405990490086
246.35023802086607 275.54236340147224
245.71769326572323 275.54236340147224
244.8743002588661 275.331515149758
244.24175550372317 275.331515149758
243.60921074858032 275.331515149758
242.9766659934375 275.331515149758
242.34412123829455 275.1206668980437
241.7115764831517 275.1206668980437
240.86818347629452 275.1206668980437
240.02479046943736 275.1206668980437
239.39224571429452 275.1206668980437
238.5488527074373 275.1206668980437
237.91630795229446 275.1206668980437
237.07291494543728 275.1206668980437
236.22952193858012 275.1206668980437
235.59697718343733 275.1206668980437
234.96443242829437 275.1206668980437
234.3318876731515 275.1206668980437
233.48849466629432 275.1206668980437
232.85594991115147 275.1206668980437
232.01255690429437 274.90981864632937
230.95831564572285 274.90981864632937
229.90407438715138 274.90981864632937
229.2715296320085 274.90981864632937
228.4281366251514 274.90981864632937
227.79559187000848 274.90981864632937
226.95219886315132 274.90981864632937
226.10880585629414 274.90981864632937
225.47626110115127 274.90981864632937
224.84371634600842 274.90981864632937
224.21117159086552 274.90981864632937
223.57862683572264 274.6989703946151
222.94608208057983 274.6989703946151
222.10268907372262 274.6989703946151
221.47014431857974 274.6989703946151
220.83759956343687 274.6989703946151
220.205054808294 274.6989703946151
219.57251005315112 274.6989703946151
218.93996529800825 274.6989703946151
218.30742054286537 274.6989703946151
217.6748757877225 274.6989703946151
217.04233103257963 274.6989703946151
216.19893802572247 274.6989703946151
215.35554501886529 274.6989703946151
214.51215201200813 274.6989703946151
213.87960725686528 274.6989703946151
213.24706250172238 274.6989703946151
212.6145177465795 274.6989703946151
211.9819729914367 274.6989703946151
211.34942823629376 274.6989703946151
210.7168834811509 274.90981864632937
210.0843387260081 274.90981864632937
210.0843387260081 275.54236340147224
210.0843387260081 276.1749081566152
210.0843387260081 276.80745291175793
210.0843387260081 277.4399976669009
210.0843387260081 278.07254242204374
210.29518697772232 278.70508717718667
210.9277317328652 278.9159354289009
211.56027648800804 279.12678368061523
212.19282124315095 279.5484801840438
212.8253659982938 279.7593284357581
213.45791075343666 280.18102493918667
214.09045550857957 280.391873190901
214.7230002637224 281.02441794604385
215.35554501886529 281.23526619775816
215.77724152229388 281.867810952901
216.19893802572247 282.5003557080439
216.40978627743675 283.13290046318673
216.83148278086534 283.76544521832966
217.46402753600822 284.1871417217582
218.0965722911511 284.6088382251868
218.72911704629394 285.0305347286154
219.36166180143684 285.45223123204397
219.9942065565797 285.87392773547253
220.62675131172256 286.29562423890115
221.25929606686546 286.5064724906154
221.89184082200833 286.5064724906154
222.52438557715118 286.5064724906154
223.15693033229408 286.7173207423297
223.78947508743695 286.928168994044
224.4220198425798 287.3498654974726
225.0545645977227 287.77156200090116
225.68710935286555 288.1932585043297
226.31965410800842 288.40410675604403
226.95219886315132 288.40410675604403
227.58474361829417 288.40410675604403
228.21728837343707 288.40410675604403
229.06068138029423 289.0366515111869
229.6932261354371 289.2474997629012
230.32577089058 289.6691962663298
230.95831564572285 289.8800445180441
231.80170865258006 290.30174102147265
232.43425340772288 290.51258927318696
233.06679816286575 290.7234375249012
233.69934291800868 290.9342857766155
234.3318876731515 291.1451340283298
234.96443242829437 291.1451340283298
235.59697718343728 291.56683053175834
236.22952193858012 291.56683053175834
236.862066693723 291.56683053175834
237.4946114488659 291.56683053175834
238.12715620400874 291.56683053175834
238.75970095915162 291.56683053175834
239.39224571429452 291.56683053175834
240.02479046943736 291.56683053175834
240.65733522458024 291.56683053175834
241.2898799797231 291.56683053175834
242.13327298658027 291.56683053175834
242.7658177417232 291.56683053175834
243.398362496866 291.56683053175834
244.0309072520089 291.56683053175834
244.66345200715182 291.56683053175834
245.29599676229464 291.56683053175834
245.9285415174375 291.56683053175834
246.56108627258044 291.56683053175834
247.19363102772326 291.56683053175834
247.82617578286613 291.56683053175834
248.45872053800903 291.56683053175834
249.09126529315188 291.56683053175834
249.72381004829475 291.56683053175834
250.35635480343765 291.56683053175834
250.9888995585805 291.56683053175834
251.62144431372337 291.56683053175834
252.25398906886625 291.56683053175834
252.88653382400912 291.35598228004415
253.519078579152 291.1451340283298
254.15162333429487 290.7234375249012
254.78416808943774 290.51258927318696
255.2058645928663 289.8800445180441
255.8384093480092 289.45834801461547
256.26010585143774 288.82580325947265
256.26010585143774 288.1932585043297
256.26010585143774 287.3498654974726
256.26010585143774 286.71732074232966
256.8926506065807 286.50647249061535
257.3143471100093 285.87392773547253
257.5251953617236 285.24138298032966
257.5251953617236 284.6088382251868
257.5251953617236 283.9762934700439
257.3143471100093 283.34374871490104
257.3143471100093 282.7112039597581
slice_number: 17
nb_points_on_contour: 51
243.60921074858032 280.391873190901
243.60921074858032 279.7593284357581
243.60921074858032 278.9159354289009
243.60921074858032 278.07254242204374
243.60921074858032 277.4399976669009
243.60921074858032 276.80745291175793
243.60921074858032 276.1749081566152
243.60921074858032 275.331515149758
243.60921074858032 274.6989703946151
243.60921074858032 274.06642563947224
243.18751424515173 273.22303263261506
242.97666599343748 272.5904878774721
242.55496949000886 271.9579431223293
242.34412123829455 271.3253983671864
241.92242473486598 270.69285361204356
241.5007282314374 270.0603088569007
240.86818347629452 269.4277641017578
240.23563872115164 268.79521934661494
239.6030939660088 268.3735228431864
238.9705492108659 267.95182633975776
238.33800445572302 267.53012983632914
237.70545970058018 267.31928158461494
237.07291494543728 267.31928158461494
236.4403701902944 267.53012983632914
235.80782543515156 267.95182633975776
235.17528068000865 268.3735228431864
234.7535841765801 269.21691585004356
234.54273592486578 269.84946060518644
234.12103942143722 270.48200536032925
234.12103942143722 271.1145501154722
234.12103942143722 271.74709487061494
234.12103942143722 272.37963962575793
234.12103942143722 273.01218438090075
234.3318876731515 273.6447291360437
234.3318876731515 274.2772738911865
234.54273592486578 274.90981864632937
234.54273592486578 275.54236340147224
234.54273592486578 276.1749081566152
234.7535841765801 276.80745291175793
234.96443242829437 277.4399976669009
235.59697718343728 278.28339067375805
236.22952193858012 278.9159354289009
236.6512184420087 279.5484801840438
237.4946114488659 280.18102493918667
238.33800445572302 281.02441794604385
239.18139746258024 281.65696270118667
240.02479046943736 282.2895074563296
241.07903172800883 282.5003557080439
241.7115764831517 282.0786592046153
242.34412123829455 281.6569627011867
242.97666599343745 281.02441794604385
slice_number: 18
nb_points_on_contour: 115
248.8804170414376 278.07254242204374
248.8804170414376 277.4399976669009
248.24787228629472 276.59660466004374
247.61532753115185 275.54236340147224
247.19363102772326 274.9098186463294
246.7719345242947 274.06642563947224
246.1393897691518 273.43388088432937
245.50684501400895 272.8013361291865
244.6634520071518 272.37963962575793
244.0309072520089 272.1687913740436
243.18751424515173 271.747094870615
242.34412123829455 271.32539836718644
241.5007282314374 271.1145501154722
240.65733522458024 270.9037018637579
239.6030939660088 270.69285361204356
238.75970095915162 270.69285361204356
238.12715620400874 270.48200536032925
237.07291494543728 270.48200536032925
236.4403701902944 270.48200536032925
235.59697718343725 270.271157108615
234.96443242829437 270.271157108615
234.3318876731515 270.271157108615
233.69934291800865 270.271157108615
233.06679816286575 270.0603088569007
232.43425340772288 269.84946060518644
231.80170865258003 269.84946060518644
231.16916389743713 269.84946060518644
230.32577089057997 269.6386123534721
229.6932261354371 269.6386123534721
228.63898487686563 269.4277641017578
227.79559187000848 269.4277641017578
227.1630471148656 269.4277641017578
226.53050235972273 269.4277641017578
225.68710935286555 269.4277641017578
224.84371634600842 269.21691585004356
224.00032333915124 269.21691585004356
223.15693033229408 269.21691585004356
222.3135373254369 269.21691585004356
221.68099257029402 269.21691585004356
221.04844781515118 269.21691585004356
219.9942065565797 269.21691585004356
219.36166180143684 269.21691585004356
218.30742054286537 269.21691585004356
217.6748757877225 269.21691585004356
217.04233103257963 269.21691585004356
216.40978627743675 269.21691585004356
215.77724152229388 269.21691585004356
215.144696767151 269.21691585004356
214.51215201200813 269.21691585004356
213.87960725686528 269.21691585004356
213.24706250172238 269.6386123534721
213.0362142500081 270.271157108615
213.0362142500081 270.9037018637579
213.0362142500081 271.53624661890075
213.0362142500081 272.1687913740436
213.0362142500081 272.8013361291865
213.0362142500081 273.43388088432937
213.0362142500081 274.06642563947224
213.0362142500081 274.6989703946151
213.45791075343666 275.331515149758
213.87960725686528 276.1749081566152
214.30130376029385 276.807452911758
214.93384851543672 277.4399976669009
215.5663932705796 278.07254242204374
216.19893802572247 278.49423892547236
216.83148278086534 278.9159354289009
217.8857240394368 279.5484801840438
218.51826879457965 279.7593284357581
219.36166180143684 280.18102493918667
220.205054808294 280.60272144261523
221.25929606686546 280.81356969432954
222.10268907372262 281.23526619775816
222.73523382886546 281.4461144494724
223.36777858400836 281.4461144494724
224.00032333915124 281.4461144494724
224.84371634600842 281.6569627011867
225.47626110115127 281.6569627011867
226.10880585629414 281.6569627011867
226.74135061143704 281.867810952901
227.3738953665799 282.0786592046153
228.21728837343707 282.2895074563296
229.06068138029423 282.2895074563296
229.90407438715138 282.5003557080439
230.53661914229426 282.9220522114725
231.3800121491514 283.34374871490104
232.0125569042943 283.76544521832966
232.85594991115147 284.1871417217582
233.48849466629432 284.3979899734725
234.3318876731515 285.0305347286154
234.96443242829437 285.24138298032966
235.80782543515156 285.6630794837582
237.07291494543728 286.08477598718684
237.70545970058018 286.29562423890115
238.33800445572302 286.5064724906154
239.3922457142945 286.5064724906154
240.02479046943736 286.5064724906154
240.86818347629452 286.5064724906154
241.7115764831517 286.5064724906154
242.55496949000886 286.5064724906154
243.18751424515173 286.5064724906154
244.24175550372317 286.29562423890115
244.87430025886607 286.29562423890115
245.50684501400895 286.29562423890115
246.1393897691518 286.08477598718684
246.98278277600897 285.87392773547253
247.61532753115185 285.87392773547253
248.458720538009 285.45223123204397
249.09126529315188 285.45223123204397
249.72381004829475 285.0305347286154
250.77805130686622 284.6088382251868
251.83229256543768 283.9762934700439
252.67568557229484 283.55459696661535
253.30823032743768 283.34374871490104
253.519078579152 282.71120395975817
253.519078579152 282.0786592046153
