Study: 2.16.840.1.113669.632.20.1211.10000446769
Series: 1.2.840.113704.1.111.4928.1177167236.6
SpacingX: 0.8046875
SpacingY: 0.8046875
SpacingZ: 10.0

label: fibrosis
localisation: diffuse
slice_number: 7
nb_points_on_contour: 222
272.1554625766546 282.88166558074704
274.1236572148208 283.1628362433422
276.3730225155823 283.1628362433422
277.497705165963 283.4440069059374
278.6223878163437 283.4440069059374
280.0282411293195 283.4440069059374
281.15292377970036 283.72517756853256
281.9964357674857 283.72517756853256
283.12111841786634 283.72517756853256
283.964630405652 283.72517756853256
284.8081423934376 283.72517756853256
285.81306315783183 284.0449763013422
287.0751558702996 284.0449763013422
288.33724858276724 284.0449763013422
290.02003886605786 285.30706901380995
291.2821315785256 285.7277665846326
292.54422429099327 286.14846415545526
293.3856194326386 287.410556867923
294.64771214510625 288.2519520095682
295.90980485757416 289.0933471512134
297.17189757004195 289.0933471512134
298.4339902825098 289.0933471512134
299.69608299497753 289.0933471512134
300.95817570744526 289.0933471512134
302.22026841991317 289.0933471512134
303.4823611323809 289.0933471512134
304.32375627402615 287.83125443874565
305.1651514156713 286.5691617262778
306.00654655731654 285.30706901380995
306.8479416989615 284.0449763013422
307.68933684060687 282.7828835888745
308.5307319822521 281.52079087640664
308.9514295530745 280.25869816393885
308.9514295530745 278.99660545147105
308.9514295530745 277.7345127390032
308.9514295530745 276.4724200265355
308.9514295530745 275.2103273140677
308.9514295530745 273.9482346015999
308.9514295530745 272.68614188913205
308.9514295530745 271.4240491766643
308.9514295530745 270.16195646419646
309.7928246947199 268.89986375172873
311.0549174071875 267.63777103926094
311.8963125488329 266.37567832679315
312.3170101196555 265.1135856143253
312.7377076904781 263.85149290185757
312.7377076904781 262.5894001893898
312.7377076904781 261.327307476922
313.15840526130046 260.06521476445414
313.15840526130046 258.8031220519864
313.15840526130046 257.54102933951856
313.5791028321232 256.2789366270508
313.5791028321232 255.016843914583
313.5791028321232 253.75475120211516
313.5791028321232 252.49265848964743
313.5791028321232 251.23056577717963
313.5791028321232 249.9684730647118
313.5791028321232 248.70638035224403
313.5791028321232 247.44428763977626
313.9998004029459 246.1821949273084
314.4204979737685 244.92010221484065
314.4204979737685 243.6580095023729
315.68259068623627 243.23731193155024
316.52398582788146 242.81661436072767
316.94468339870406 241.5545216482599
316.94468339870406 240.29242893579206
316.94468339870406 239.0303362233243
316.10328825705886 237.7682435108565
315.68259068623627 236.5061507983887
314.8411955445911 235.24405808592093
313.9998004029459 233.98196537345314
313.1584052613005 232.7198726609853
312.7377076904781 231.45777994851755
311.8963125488329 230.19568723604976
310.6342198363651 229.35429209440457
310.2135222655425 228.09219938193678
309.37212712389726 226.83010666946896
308.5307319822521 225.56801395700117
308.1100344114295 224.3059212445334
307.2686392697843 223.04382853206556
306.84794169896156 221.7817358195978
306.00654655731654 220.51964310712992
305.5858489864939 219.2575503946622
304.74445384484875 217.99545768219443
304.32375627402615 216.73336496972664
303.90305870320356 215.4712722572588
303.06166356155825 214.20917954479103
302.64096599073576 212.94708683232327
301.7995708490905 211.68499411985542
300.95817570744526 210.42290140738768
299.27538542415493 209.58150626574246
298.8546878533323 208.31941355327467
298.0132927116872 207.0573208408069
297.17189757004195 205.79522812833906
296.3305024283968 204.5331354158713
295.06840971592896 203.6917402742261
294.2270145742838 202.42964756175832
292.964921861816 201.58825242011312
291.7028291493482 200.3261597076453
290.44073643688034 199.48476456600014
289.1786437244126 198.64336942435494
287.9165510119448 197.80197428270975
286.654458299477 196.96057914106456
285.39236558700924 196.11918399941936
284.1302728745414 195.27778885777414
283.28887773289625 194.01569614530635
282.02678502042835 193.17430100366118
281.18538987878327 191.9122082911934
279.92329716631536 191.49151072037074
278.6612044538477 190.65011557872555
277.3991117413799 189.8087204370804
276.13701902891205 188.96732529543516
274.8749263164443 188.5466277246126
273.6128336039764 187.70523258296743
272.35074089150874 187.28453501214483
271.08864817904094 186.86383744132218
269.8265554665731 186.86383744132218
268.56446275410536 186.86383744132218
267.30237004163763 187.28453501214483
266.881672470815 188.5466277246126
266.881672470815 189.8087204370804
266.881672470815 191.07081314954817
266.881672470815 192.33290586201596
266.881672470815 193.59499857448372
266.4609748999924 194.85709128695157
265.19888218752465 195.69848642859677
264.35748704587934 196.96057914106456
263.0953943334116 197.80197428270975
261.83330162094376 198.64336942435494
260.571208908476 199.48476456600014
259.3091161960082 200.3261597076453
258.46772105436304 201.58825242011312
258.0470234835404 202.8503451325809
257.6263259127178 204.11243784504867
257.6263259127178 205.3745305575165
257.6263259127178 206.63662326998428
257.6263259127178 208.31941355327467
257.6263259127178 209.58150626574246
257.6263259127178 210.84359897821022
256.78493077107265 212.10569169067807
256.78493077107265 213.36778440314583
256.78493077107265 214.62987711561362
256.78493077107265 215.89196982808144
256.78493077107265 217.15406254054923
256.78493077107265 218.416155253017
256.78493077107265 219.67824796548481
256.78493077107265 220.9403406779526
256.78493077107265 222.20243339042037
256.78493077107265 223.46452610288821
256.78493077107265 224.72661881535598
256.78493077107265 225.98871152782374
256.78493077107265 227.67150181111415
256.78493077107265 228.93359452358192
256.78493077107265 230.19568723604976
256.78493077107265 231.45777994851755
256.78493077107265 232.7198726609853
256.78493077107265 233.98196537345314
256.78493077107265 235.24405808592093
257.2056283418952 236.5061507983887
257.2056283418952 237.7682435108565
257.2056283418952 239.0303362233243
257.2056283418952 240.29242893579206
257.2056283418952 241.5545216482599
257.2056283418952 242.81661436072767
257.2056283418952 244.07870707319543
257.2056283418952 245.34079978566328
257.6263259127178 246.60289249813107
258.0470234835404 247.86498521059883
258.46772105436304 249.1270779230666
259.7298137668308 249.9684730647118
259.7298137668308 251.23056577717963
259.7298137668308 252.49265848964743
259.7298137668308 253.7547512021152
259.7298137668308 255.016843914583
260.6274654102526 256.45162329680056
260.6274654102526 257.2951352845861
260.6274654102526 258.1386472723716
260.6274654102526 258.98215926015723
260.3462947476574 259.82567124794275
260.3462947476574 260.66918323572827
259.78395342246705 261.79386588610896
259.78395342246705 263.1997191990848
259.78395342246705 264.3244018494655
259.78395342246705 265.16791383725104
259.78395342246705 266.2925964876317
259.78395342246705 267.13610847541725
259.78395342246705 268.26079112579794
259.78395342246705 269.10430311358346
259.78395342246705 269.947815101369
259.78395342246705 271.07249775174967
258.9404414346815 272.19718040213036
258.65927077208636 273.3218630525111
257.8157587843008 273.88420437770145
257.53458812170567 274.72771636548697
257.6263259127178 276.05172245571293
257.6263259127178 277.31381516818067
257.6263259127178 278.57590788064846
257.6263259127178 279.83800059311625
258.0470234835404 281.1000933055841
258.0470234835404 282.36218601805183
258.0470234835404 283.6242787305197
258.0470234835404 284.8863714429874
258.46772105436304 286.14846415545526
258.46772105436304 287.410556867923
258.46772105436304 288.67264958039084
258.46772105436304 289.9347422928586
258.46772105436304 291.1968350053264
258.46772105436304 292.45892771779415
259.7298137668308 292.8796252886168
260.9919064792986 292.8796252886168
262.674696762589 292.8796252886168
262.674696762589 291.61753257614896
262.674696762589 290.3554398636812
262.674696762589 289.0933471512134
262.674696762589 287.83125443874565
263.0953943334116 286.5691617262778
264.35748704587934 285.7277665846326
265.61957975834713 285.30706901381
266.881672470815 285.30706901381
268.1437651832827 285.30706901381
269.4058578957505 284.4656738721648
270.2472530373957 283.203581159697
nb_points_on_contour: 280
146.7533470592068 181.37905638388906
146.47217639661173 180.53554439610346
144.8793769322617 180.13267630816065
143.6172842197939 180.13267630816065
142.35519150732608 180.13267630816065
141.0930987948583 180.55337387898325
139.83100608239053 180.97407144980582
138.56891336992274 181.39476902062842
137.30682065745492 182.23616416227364
136.04472794498713 183.07755930391883
134.78263523251934 183.91895444556403
133.52054252005155 184.3396520163866
132.25844980758376 184.76034958720925
130.99635709511597 185.18104715803182
130.15496195347077 186.4431398704996
129.31356681182558 187.70523258296743
128.0514740993578 187.70523258296743
127.2100789577126 188.9673252954352
125.9479862452448 189.8087204370804
125.10659110359961 191.07081314954817
123.84449839113182 191.07081314954817
122.582405678664 191.07081314954817
121.32031296619621 191.07081314954817
120.05822025372845 191.49151072037077
118.79612754126063 192.332905862016
117.95473239961547 193.59499857448375
116.69263968714765 194.43639371612898
115.85124454550248 195.69848642859677
115.43054697467986 196.96057914106456
115.00984940385726 198.22267185353235
114.58915183303466 199.48476456600014
114.16845426221207 200.74685727846793
112.16935556000044 202.7480267411223
111.6070142348101 203.872709391503
110.76350224702455 205.27856270447887
110.2011609218342 206.40324535485956
109.35764893404868 207.52792800524023
108.79530760885834 208.93378131821615
107.95179562107282 210.33963463119204
106.82711297069213 211.46431728157273
106.26477164550175 212.5889999319534
105.14008899512106 213.71368258233412
104.01540634474037 215.11953589530998
103.17189435695485 216.2442185456906
102.32838236916933 217.36890119607133
101.48487038138381 218.49358384645208
100.6413583935983 219.61826649683272
100.3601877310031 220.46177848461832
100.3601877310031 221.30529047240375
100.3601877310031 222.1488024601893
100.3601877310031 222.99231444797482
100.07901706840795 223.83582643576034
99.79784640581275 224.9605090861411
99.5166757432176 226.36636239911692
99.2355050806224 227.77221571209276
98.60264414177595 230.61638480687233
98.60264414177595 231.8784775193401
98.60264414177595 233.14057023180794
98.60264414177595 234.4026629442757
98.60264414177595 235.66475565674347
99.02334171259855 236.9268483692113
99.02334171259855 238.1889410816791
99.02334171259855 239.45103379414687
99.02334171259855 240.71312650661469
99.02334171259855 241.97521921908248
99.02334171259855 243.23731193155024
99.02334171259855 244.49940464401809
99.02334171259855 245.76149735648585
99.02334171259855 247.44428763977626
99.02334171259855 248.70638035224403
99.02334171259855 249.9684730647118
99.02334171259855 251.23056577717963
99.02334171259855 252.49265848964743
99.02334171259855 253.7547512021152
99.02334171259855 255.016843914583
99.02334171259855 256.2789366270508
99.02334171259855 257.54102933951856
99.02334171259855 258.8031220519864
99.02334171259855 260.06521476445414
99.02334171259855 261.327307476922
99.02334171259855 262.5894001893898
99.02334171259855 263.85149290185757
99.02334171259855 265.1135856143253
99.44403928342115 266.37567832679315
99.86473685424374 267.63777103926094
100.28543442506637 268.89986375172873
101.12682956671156 270.16195646419646
101.54752713753413 271.4240491766643
101.96822470835673 272.68614188913205
101.96822470835673 273.9482346015999
101.96822470835673 275.2103273140677
101.96822470835673 276.4724200265355
101.96822470835673 277.7345127390032
102.38892227917935 278.99660545147105
102.80961985000192 280.25869816393885
103.65101499164712 281.52079087640664
104.49241013329234 282.7828835888745
105.33380527493753 284.0449763013422
106.17520041658273 285.30706901380995
106.5958979874053 286.5691617262778
107.43729312905052 287.83125443874565
107.85799069987308 289.0933471512134
108.27868827069571 290.3554398636812
108.69938584151828 291.61753257614896
109.1200834123409 292.8796252886168
109.5407809831635 294.1417180010846
110.3821761248087 295.4038107135524
111.64426883727648 296.2452058551976
112.06496640809908 297.5072985676653
113.32705912056687 298.3486937093105
115.00984940385726 299.19008885095576
116.27194211632505 300.03148399260095
117.11333725797024 301.29357670506874
118.37542997043803 302.13497184671394
119.63752268290582 302.5556694175365
120.89961539537364 303.3970645591817
122.582405678664 304.23845970082687
123.84449839113182 305.0798548424721
125.10659110359961 305.9212499841173
125.9479862452448 307.1833426965851
127.2100789577126 308.0247378382303
128.0514740993578 309.28683055069814
129.31356681182558 310.5489232631659
130.57565952429334 311.39031840481107
130.99635709511597 312.65241111727886
132.25844980758376 313.91450382974665
133.52054252005155 314.75589897139184
134.78263523251928 315.59729411303704
136.04472794498713 316.8593868255048
137.30682065745492 318.1214795379726
138.98961094074525 318.5421771087953
140.2517036532131 318.9628746796178
141.51379636568092 319.804269821263
142.7758890781487 320.22496739208555
144.0379817906164 321.0663625337308
145.3000745030842 321.0663625337308
146.56216721555208 321.0663625337308
147.82425992801987 321.0663625337308
149.08635264048766 321.0663625337308
150.34844535295537 321.0663625337308
151.6105380654232 321.0663625337308
152.87263077789103 321.0663625337308
154.13472349035882 321.0663625337308
155.8175137736492 321.48706010455345
157.079606486117 322.32845524619864
158.34169919858482 322.7491528170212
159.6037919110526 322.7491528170212
160.86588462352032 322.7491528170212
162.12797733598816 322.32845524619864
163.39007004845598 322.32845524619864
164.65216276092377 322.32845524619864
165.91425547339148 321.48706010455345
167.59704575668195 320.6456649629082
168.85913846914974 319.804269821263
170.12123118161745 318.9628746796178
171.3833238940853 318.5421771087953
172.6454166065531 317.70078196714996
173.9075093190209 317.2800843963274
174.7489044606661 316.0179916838596
176.0109971731339 315.1765965422145
177.2730898856017 313.91450382974665
178.5351825980694 313.07310868810146
179.3765777397147 312.23171354645626
180.21797288135988 310.9696208339884
180.63867045218237 309.7075281215207
181.05936802300508 308.44543540905283
181.48006559382756 307.1833426965851
181.90076316465024 305.9212499841173
182.74215830629535 304.6591572716495
182.74215830629535 303.3970645591817
183.16285587711806 302.13497184671394
183.58355344794055 300.87287913424615
184.00425101876326 299.61078642177836
184.00425101876326 298.3486937093105
184.00425101876326 297.0866009968428
184.00425101876326 295.82450828437493
184.00425101876326 294.5624155719072
184.00425101876326 293.30032285943935
184.00425101876326 292.0382301469716
184.00425101876326 290.77613743450377
184.00425101876326 289.51404472203603
184.00425101876326 288.2519520095682
184.00425101876326 286.98985929710045
184.00425101876326 285.7277665846326
183.58355344794055 284.46567387216476
182.74215830629535 283.203581159697
181.90076316465024 281.9414884472293
181.05936802300508 280.67939573476144
179.79727531053726 279.83800059311625
179.3765777397147 278.5759078806484
178.53518259806938 276.8931175973581
177.69378745642427 275.6310248848903
176.4316947439564 274.7896297432451
176.0109971731339 273.5275370307773
175.5902996023113 272.2654443183095
175.16960203148872 271.0033516058418
174.7489044606661 269.7412588933739
173.9075093190209 268.47916618090613
173.48681174819828 267.21707346843834
172.22471903573043 265.9549807559705
170.96262632326273 265.1135856143253
170.12123118161742 263.85149290185757
168.85913846914974 262.5894001893898
168.01774332750443 261.327307476922
166.75565061503676 260.06521476445414
166.33495304421416 258.8031220519864
165.49355790256897 257.54102933951856
164.65216276092377 256.2789366270508
164.23146519010118 255.016843914583
163.39007004845598 253.75475120211516
162.96937247763327 252.49265848964743
162.12797733598816 251.23056577717963
161.286582194343 249.9684730647118
160.8658846235203 248.70638035224403
160.4451870526978 247.44428763977626
160.4451870526978 246.1821949273084
160.02448948187518 244.92010221484065
159.6037919110526 243.6580095023729
159.18309434022999 242.3959167899051
159.18309434022999 241.13382407743728
159.18309434022999 239.8717313649695
159.18309434022999 238.60963865250173
159.18309434022999 237.34754594003388
159.18309434022999 236.08545322756612
159.18309434022999 234.82336051509824
159.18309434022999 233.5612678026305
159.18309434022999 232.29917509016275
159.18309434022999 231.03708237769496
159.18309434022999 229.7749896652271
159.18309434022999 228.51289695275938
159.18309434022999 227.2508042402916
159.18309434022999 225.98871152782374
159.18309434022999 224.72661881535598
159.18309434022999 223.46452610288821
158.7623967694073 222.20243339042037
158.7623967694073 220.9403406779526
158.7623967694073 219.67824796548481
158.34169919858482 218.41615525301697
158.34169919858482 217.15406254054923
158.34169919858482 215.89196982808144
158.34169919858482 214.6298771156136
158.34169919858482 213.36778440314583
158.34169919858482 212.10569169067807
158.34169919858482 210.8435989782102
158.34169919858482 209.58150626574246
158.34169919858482 208.31941355327467
158.34169919858482 207.0573208408069
158.34169919858482 205.79522812833906
158.34169919858482 204.11243784504865
158.34169919858482 202.8503451325809
158.34169919858482 201.58825242011312
158.34169919858482 200.32615970764527
158.7623967694073 199.0640669951775
159.18309434022999 197.80197428270975
159.18309434022999 196.53988157024187
159.18309434022999 195.27778885777414
159.6037919110526 194.01569614530635
160.4451870526978 192.33290586201596
161.7072797651656 191.49151072037074
162.96937247763327 190.22941800790298
164.23146519010118 188.9673252954351
165.49355790256897 187.70523258296743
166.33495304421416 186.4431398704996
166.75565061503676 185.1810471580318
166.75565061503676 183.918954445564
166.75565061503676 182.65686173309624
165.49355790256897 182.65686173309624
164.23146519010118 182.23616416227355
162.96937247763327 181.815466591451
161.7072797651656 181.815466591451
160.4451870526978 181.815466591451
159.18309434022999 181.39476902062842
157.9210016277622 181.39476902062842
156.65890891529432 181.39476902062842
155.39681620282664 181.39476902062842
154.13472349035882 181.39476902062842
152.87263077789103 181.39476902062842
151.6105380654232 181.39476902062842
150.34844535295534 181.39476902062842
149.08635264048766 181.39476902062842
slice_number: 8
nb_points_on_contour: 265
302.64096599073576 208.31941355327467
302.64096599073576 207.0573208408069
302.64096599073576 205.79522812833906
301.3788732782679 204.95383298669387
300.5374781366228 203.27104270340342
299.69608299497753 202.0089499909357
298.8546878533323 200.74685727846793
298.4339902825098 199.48476456600014
297.59259514086455 198.22267185353232
296.75119999921924 196.96057914106456
295.48910728675156 195.69848642859677
294.2270145742838 194.43639371612892
293.3856194326386 193.17430100366118
292.54422429099327 191.49151072037074
291.2821315785256 190.65011557872555
290.02003886605786 189.8087204370804
288.75794615359 188.9673252954351
287.0751558702996 187.70523258296743
285.81306315783183 186.86383744132215
284.55097044536404 185.6017447288544
283.28887773289625 185.1810471580318
282.44748259125106 184.76034958720925
282.02678502042824 183.49825687474143
280.7646923079607 182.65686173309624
279.92329716631525 181.39476902062842
279.0819020246703 180.97407144980582
277.81980931220227 180.97407144980582
276.5577165997347 180.55337387898325
275.2956238872669 180.1326763081606
274.03353117479907 179.71197873733806
272.77143846233133 179.2912811665154
271.08864817904094 178.44988602487024
269.8265554665731 178.02918845404764
268.56446275410536 177.18779331240242
267.30237004163763 177.18779331240242
266.0402773291697 177.60849088322507
264.778184616702 178.44988602487024
264.35748704587934 179.71197873733806
263.51609190423414 180.97407144980582
263.51609190423414 182.23616416227355
263.51609190423414 183.49825687474143
263.51609190423414 184.76034958720925
263.51609190423414 186.02244229967695
263.51609190423414 187.70523258296743
263.51609190423414 188.9673252954351
263.51609190423414 190.22941800790298
263.51609190423414 191.49151072037074
263.51609190423414 192.7536034328386
263.51609190423414 194.01569614530635
263.51609190423414 195.27778885777414
263.51609190423414 196.53988157024187
263.51609190423414 197.80197428270975
263.51609190423414 199.0640669951775
263.51609190423414 200.32615970764527
263.0953943334116 202.0089499909357
263.0953943334116 203.27104270340342
263.0953943334116 204.5331354158713
262.674696762589 205.79522812833906
262.25399919176635 207.0573208408069
261.83330162094376 208.31941355327467
261.83330162094376 209.58150626574246
261.41260405012116 210.8435989782102
261.41260405012116 212.10569169067807
261.41260405012116 213.36778440314583
261.41260405012116 214.6298771156136
261.41260405012116 215.89196982808144
261.41260405012116 217.15406254054923
261.41260405012116 218.41615525301697
261.41260405012116 219.67824796548481
261.41260405012116 220.9403406779526
261.41260405012116 222.20243339042037
261.41260405012116 223.46452610288821
260.9919064792986 224.72661881535598
260.15051133765337 225.98871152782374
259.7298137668308 227.2508042402916
259.7298137668308 228.51289695275938
259.3091161960082 230.19568723604976
259.3091161960082 231.45777994851755
259.3091161960082 232.7198726609853
260.15051133765337 233.98196537345314
260.9919064792986 235.24405808592093
262.25399919176635 236.08545322756612
263.51609190423414 236.9268483692113
263.51609190423414 238.1889410816791
263.51609190423414 239.45103379414684
263.51609190423414 240.71312650661469
263.51609190423414 241.97521921908248
263.0953943334116 243.23731193155024
263.0953943334116 244.49940464401809
263.51609190423414 245.76149735648585
264.35748704587934 247.0235900689536
265.61957975834713 247.44428763977626
266.881672470815 247.44428763977626
268.1437651832827 246.60289249813107
269.4058578957503 245.76149735648585
270.2472530373957 244.49940464401809
271.08864817904094 243.23731193155024
272.35074089150874 242.3959167899051
273.19213603315393 241.13382407743728
273.19213603315393 239.8717313649695
273.19213603315393 238.60963865250173
274.8749263164443 238.60963865250173
275.7163214580893 237.34754594003388
275.7163214580893 236.08545322756612
276.13701902891205 234.82336051509824
276.13701902891205 233.5612678026305
276.5577165997347 232.29917509016275
276.9784141705573 231.03708237769496
277.3991117413799 229.7749896652271
278.2405068830251 228.51289695275938
279.5025995954929 227.67150181111415
280.7646923079607 226.83010666946896
282.02678502042824 226.83010666946896
283.28887773289625 227.2508042402916
284.55097044536404 228.09219938193678
285.81306315783183 228.93359452358192
287.0751558702996 229.7749896652271
287.9165510119448 231.03708237769496
288.33724858276724 232.29917509016275
288.33724858276724 233.5612678026305
288.33724858276724 234.82336051509824
288.33724858276724 236.08545322756612
287.9165510119448 237.34754594003388
286.654458299477 238.60963865250173
285.39236558700924 239.8717313649695
284.1302728745413 240.71312650661469
283.28887773289625 241.97521921908248
282.44748259125106 243.23731193155024
282.44748259125106 244.49940464401809
282.86818016207366 245.76149735648585
284.1302728745413 246.1821949273084
285.39236558700924 247.0235900689536
286.23376072865426 248.28568278142146
286.654458299477 249.54777549388925
287.4958534411222 250.809868206357
287.4958534411222 252.07196091882483
287.4958534411222 253.33405363129262
287.4958534411222 254.59614634376038
287.4958534411222 255.85823905622823
287.4958534411222 257.120331768696
287.4958534411222 258.38242448116375
287.0751558702996 259.6445171936316
287.0751558702996 260.9066099060994
286.23376072865426 262.1687026185672
285.81306315783183 263.4307953310349
284.97166801618664 264.69288804350276
284.55097044536404 265.9549807559705
284.55097044536404 267.21707346843834
284.55097044536404 268.47916618090613
284.1302728745413 269.7412588933739
284.1302728745413 271.0033516058418
284.1302728745413 272.2654443183095
283.70957530371885 273.5275370307773
283.70957530371885 274.7896297432451
283.28887773289625 276.05172245571293
283.28887773289625 277.31381516818067
283.28887773289625 278.5759078806484
282.44748259125106 279.83800059311625
281.60608744960587 281.1000933055841
282.0267850204283 284.0449763013422
283.28887773289625 284.46567387216476
283.70957530371885 285.7277665846326
284.13027287454133 287.410556867923
284.97166801618664 288.67264958039084
285.39236558700924 289.9347422928586
286.2337607286543 291.61753257614896
287.0751558702996 293.30032285943935
287.4958534411222 294.5624155719072
288.3372485827673 295.82450828437493
288.75794615359 297.0866009968428
289.1786437244126 298.3486937093105
289.1786437244126 299.61078642177836
289.1786437244126 300.87287913424615
288.3372485827673 302.13497184671394
287.0751558702996 302.5556694175365
285.81306315783183 303.8177621300043
285.81306315783183 305.0798548424721
285.81306315783183 306.3419475549399
285.81306315783183 307.6040402674077
286.2337607286543 308.8661329798755
286.654458299477 310.1282256923432
287.9165510119448 310.9696208339884
289.1786437244126 310.9696208339884
290.4407364368803 310.1282256923432
292.12352672017084 308.8661329798755
292.54422429099327 307.6040402674077
293.3856194326386 306.3419475549399
293.8063170034612 305.0798548424721
294.2270145742838 303.8177621300043
295.48910728675156 302.5556694175365
296.3305024283968 301.29357670506874
297.59259514086455 300.87287913424615
298.4339902825098 299.61078642177836
298.8546878533323 298.3486937093105
299.27538542415493 297.0866009968428
300.5374781366228 295.82450828437493
300.5374781366228 294.5624155719072
300.95817570744526 293.30032285943935
301.7995708490905 292.0382301469716
301.7995708490905 290.77613743450377
302.22026841991317 289.51404472203603
302.64096599073576 288.2519520095682
303.90305870320356 287.410556867923
304.32375627402615 286.14846415545526
304.74445384484875 284.8863714429874
305.1651514156713 283.6242787305197
305.5858489864939 282.36218601805183
306.00654655731654 281.1000933055841
306.42724412813914 279.83800059311625
306.42724412813914 278.5759078806484
306.84794169896156 277.31381516818067
307.2686392697843 276.05172245571293
308.1100344114295 274.7896297432451
308.95142955307455 273.5275370307773
309.7928246947199 272.2654443183095
310.6342198363651 271.0033516058418
311.47561497801024 269.7412588933739
312.3170101196555 268.47916618090613
313.1584052613005 267.21707346843834
313.1584052613005 265.9549807559705
313.1584052613005 264.69288804350276
313.9998004029459 263.4307953310349
313.9998004029459 262.1687026185672
313.9998004029459 260.9066099060994
313.9998004029459 259.6445171936316
313.9998004029459 258.38242448116375
313.9998004029459 257.120331768696
313.9998004029459 255.85823905622823
313.9998004029459 254.59614634376038
313.9998004029459 253.33405363129262
314.8411955445911 252.49265848964743
314.8411955445911 251.23056577717963
314.8411955445911 249.96847306471182
314.8411955445911 248.70638035224405
314.8411955445911 247.02359006895364
314.8411955445911 245.76149735648585
314.8411955445911 244.49940464401809
314.8411955445911 243.23731193155027
314.8411955445911 241.97521921908248
314.8411955445911 240.71312650661469
314.8411955445911 239.4510337941469
314.8411955445911 238.1889410816791
314.8411955445911 236.9268483692113
314.8411955445911 235.6647556567435
314.8411955445911 234.40266294427573
314.4204979737685 233.14057023180794
313.5791028321232 231.87847751934012
312.3170101196555 230.61638480687233
311.8963125488329 229.35429209440457
310.6342198363651 228.09219938193678
310.2135222655425 226.83010666946896
310.2135222655425 225.56801395700117
309.7928246947199 224.3059212445334
309.37212712389726 223.04382853206556
309.37212712389726 221.7817358195978
308.9514295530746 220.51964310712995
308.5307319822521 219.2575503946622
308.1100344114295 217.99545768219443
307.68933684060687 216.73336496972664
307.2686392697843 215.47127225725882
306.8479416989616 214.20917954479103
306.42724412813914 212.94708683232327
305.5858489864939 211.68499411985542
304.74445384484875 210.42290140738768
304.32375627402615 209.16080869491987
nb_points_on_contour: 293
147.31568838439725 281.75698293036635
145.90983507142138 279.78878829220014
144.5039817584455 278.66410564181945
143.09812844546963 276.6959110036531
141.97344579508894 275.8523990158676
141.12993380730342 274.44654570289174
140.42700715081548 272.6189363960232
139.72408049432755 270.7913270891545
139.72408049432755 269.3854737761786
139.44290983173238 267.4172791380124
139.1617391691372 264.88674317465586
139.0211538378396 263.3403045303824
138.88056850654192 261.79386588610896
138.88056850654192 260.24742724183545
138.88056850654192 258.70098859756206
138.56891336992274 256.6996341978734
139.4103085115679 255.4375414854056
140.67240122403572 255.016843914583
141.93449393650351 254.1754487729378
143.19658664897128 253.33405363129262
144.03798179061647 252.07196091882483
144.45867936143907 250.809868206357
144.45867936143907 249.54777549388925
144.45867936143907 248.28568278142146
144.45867936143907 247.02359006895364
144.45867936143907 245.76149735648585
145.30007450308426 244.49940464401809
145.7207720739069 243.23731193155027
146.98286478637468 241.97521921908248
148.24495749884244 241.13382407743728
149.50705021131026 240.71312650661469
150.76914292377805 239.8717313649695
152.03123563624584 239.4510337941469
153.29332834871363 238.60963865250173
154.13472349035882 237.3475459400339
154.97611863200402 236.08545322756612
156.2382113444718 235.24405808592093
156.2382113444718 233.98196537345314
156.6589089152944 232.29917509016275
156.6589089152944 231.03708237769496
156.6589089152944 229.35429209440457
156.6589089152944 228.09219938193678
156.6589089152944 226.83010666946896
156.6589089152944 225.56801395700117
156.6589089152944 224.3059212445334
156.6589089152944 223.0438285320656
156.6589089152944 221.7817358195978
156.6589089152944 220.51964310712998
156.6589089152944 219.25755039466222
156.6589089152944 217.99545768219443
156.6589089152944 216.31266739890404
156.6589089152944 215.05057468643625
156.6589089152944 213.78848197396846
156.6589089152944 212.52638926150067
156.6589089152944 211.26429654903285
156.6589089152944 210.0022038365651
156.6589089152944 208.74011112409727
157.079606486117 207.47801841162948
157.50030405693963 206.2159256991617
157.9210016277622 204.9538329866939
158.34169919858482 203.6917402742261
158.7623967694074 202.42964756175832
159.18309434022999 201.16755484929052
159.18309434022999 199.90546213682273
159.6037919110526 198.64336942435494
160.02448948187518 197.38127671188715
160.4451870526978 196.11918399941936
161.286582194343 194.85709128695157
162.12797733598816 193.59499857448375
163.39007004845598 192.7536034328386
164.23146519010118 191.49151072037077
165.49355790256897 190.65011557872558
165.91425547339153 189.3880228662578
166.33495304421416 188.12593015379
166.75565061503676 186.8638374413222
166.75565061503676 185.6017447288544
166.75565061503676 184.3396520163866
166.75565061503676 183.07755930391883
166.75565061503676 181.39476902062842
166.75565061503676 180.13267630816065
166.75565061503676 178.87058359569284
166.75565061503676 177.60849088322507
165.91425547339153 176.34639817075725
164.65216276092377 175.08430545828946
163.39007004845598 175.08430545828946
162.12797733598816 175.08430545828946
160.86588462352037 175.08430545828946
159.6037919110526 175.08430545828946
157.9210016277622 175.50500302911206
156.65890891529438 175.50500302911206
155.39681620282664 175.50500302911206
154.13472349035882 175.50500302911206
152.87263077789103 175.50500302911206
151.6105380654232 175.50500302911206
150.3484453529554 175.50500302911206
149.08635264048766 175.50500302911206
147.82425992801987 175.50500302911206
146.56216721555208 175.50500302911206
145.30007450308423 175.92570059993466
144.03798179061644 175.92570059993466
142.7758890781487 175.92570059993466
141.51379636568092 176.34639817075723
140.2517036532131 177.18779331240245
138.98961094074528 177.60849088322507
137.72751822827755 177.60849088322507
136.46542551580973 178.02918845404764
135.20333280334194 178.44988602487024
133.94124009087415 178.44988602487024
132.67914737840636 178.87058359569284
131.41705466593856 179.2912811665154
130.15496195347077 179.2912811665154
129.31356681182558 180.55337387898325
128.0514740993578 181.39476902062842
127.2100789577126 182.65686173309624
125.9479862452448 183.49825687474143
124.68589353277699 184.3396520163866
123.84449839113182 185.6017447288544
122.582405678664 186.02244229967698
121.32031296619621 186.86383744132218
120.05822025372845 187.70523258296743
119.21682511208323 188.96732529543516
117.95473239961547 189.8087204370804
115.85124454550248 192.33290586201596
114.58915183303466 193.59499857448372
113.74775669138947 194.85709128695157
112.90636154974428 196.11918399941936
112.06496640809908 197.38127671188712
111.22357126645389 198.64336942435494
110.3821761248087 199.90546213682273
109.5407809831635 201.1675548492905
109.1200834123409 202.42964756175832
108.27868827069571 203.6917402742261
107.01659555822792 205.79522812833906
106.5958979874053 207.0573208408069
106.17520041658273 208.31941355327467
105.33380527493753 209.58150626574246
104.49241013329234 210.84359897821022
103.23031742082455 212.10569169067807
101.96822470835673 213.36778440314583
101.54752713753413 214.62987711561362
100.70613199588894 215.89196982808144
99.86473685424374 217.15406254054923
99.86473685424374 218.416155253017
99.44403928342115 219.67824796548481
98.60264414177595 220.9403406779526
98.60264414177595 222.20243339042037
97.76124900013076 223.46452610288821
97.76124900013076 224.72661881535598
97.54848110505137 226.92870372430724
97.54848110505137 229.1780690250687
97.61877377070016 231.49772699147888
97.68906643634895 233.81738495788906
97.75935910199775 236.13704292429924
97.82965176764654 238.4567008907094
97.97023709894412 240.56548086017327
98.11082243024171 242.67426082963703
98.2514077615393 244.7830407991009
98.39199309283688 246.89182076856468
98.53257842413447 249.14118606932604
98.67316375543206 251.3905513700875
98.81374908672964 253.6399166708489
98.95433441802723 255.88928197161027
99.16521241497361 258.0683546067229
99.37609041191999 260.24742724183545
99.58696840886637 262.4264998769481
99.79784640581275 264.6055725120607
99.93843173711034 266.7143524815245
100.07901706840795 268.8231324509883
100.21960239970551 270.7913270891545
100.3601877310031 272.7595217273207
100.3601877310031 274.44654570289174
101.12682956671156 276.8931175973581
101.54752713753413 278.15521030982586
101.54752713753413 279.41730302229365
101.96822470835673 280.67939573476144
101.96822470835673 281.9414884472293
102.38892227917935 283.203581159697
103.23031742082455 284.46567387216476
104.49241013329234 285.7277665846326
105.33380527493753 286.98985929710045
106.17520041658273 288.2519520095682
106.5958979874053 289.51404472203603
107.85799069987308 290.77613743450377
108.69938584151828 292.0382301469716
109.5407809831635 293.30032285943935
109.9614785539861 294.5624155719072
111.22357126645389 295.82450828437493
112.06496640809908 297.0866009968428
113.32705912056687 297.92799613848797
114.16845426221207 299.19008885095576
115.43054697467986 300.03148399260095
116.27194211632505 301.29357670506874
117.53403482879284 302.5556694175365
119.21682511208323 304.23845970082687
120.47891782455102 305.0798548424721
121.74101053701881 306.3419475549399
122.582405678664 307.6040402674077
123.84449839113182 308.8661329798755
125.10659110359961 309.7075281215207
125.52728867442218 310.9696208339884
126.78938138689 312.23171354645626
128.0514740993578 313.07310868810146
128.89286924100298 314.3352014005693
130.15496195347077 315.1765965422145
131.41705466593856 316.43868925468223
132.25844980758376 317.70078196714996
133.52054252005155 318.5421771087953
134.78263523251928 319.804269821263
136.04472794498713 321.0663625337308
137.30682065745492 322.32845524619864
138.56891336992274 323.1698503878437
139.83100608239053 324.011245529489
141.51379636568092 324.85264067113417
142.7758890781487 325.69403581277936
144.45867936143907 326.53543095442456
145.7207720739069 327.3768260960698
145.90983507142138 326.74428894559423
146.14146964472937 325.69403581277936
147.40356235719722 325.69403581277936
148.66565506966506 325.69403581277936
149.92774778213285 325.69403581277936
151.18984049460065 325.69403581277936
152.45193320706835 325.69403581277936
153.7140259195362 325.69403581277936
154.97611863200402 325.2733382419568
156.2382113444718 325.2733382419568
157.50030405693963 325.2733382419568
158.7623967694073 324.85264067113417
160.02448948187518 324.85264067113417
161.7072797651656 324.011245529489
162.96937247763327 323.1698503878437
164.23146519010118 322.32845524619864
165.49355790256897 321.48706010455345
166.75565061503676 320.6456649629082
168.01774332750443 319.804269821263
169.27983603997228 318.9628746796178
170.54192875244013 317.70078196714996
171.80402146490792 316.43868925468223
172.22471903573043 315.1765965422145
173.48681174819828 314.3352014005693
173.9075093190209 313.07310868810146
175.16960203148872 311.81101597563367
176.4316947439564 310.5489232631659
177.69378745642427 309.7075281215207
178.53518259806938 308.44543540905283
179.79727531053726 307.1833426965851
180.63867045218237 305.9212499841173
181.48006559382756 304.6591572716495
182.74215830629535 303.3970645591817
184.00425101876326 302.13497184671394
184.84564616040836 300.87287913424615
186.10773887287624 299.19008885095576
186.94913401452135 297.92799613848797
186.94913401452135 296.6659034260201
186.94913401452135 295.4038107135524
186.94913401452135 294.1417180010846
186.52843644369884 292.8796252886168
186.10773887287624 291.61753257614896
186.10773887287624 290.3554398636812
186.10773887287624 289.0933471512134
186.10773887287624 287.83125443874565
186.10773887287624 286.5691617262778
186.10773887287624 285.30706901380995
186.10773887287624 284.0449763013422
185.26634373123105 282.7828835888745
184.00425101876326 281.9414884472293
182.74215830629535 281.52079087640664
181.48006559382756 280.67939573476144
180.21797288135988 280.25869816393885
178.95588016889207 280.25869816393885
177.69378745642427 280.25869816393885
176.4316947439564 280.25869816393885
175.16960203148872 280.25869816393885
173.9075093190209 280.25869816393885
172.6454166065531 280.25869816393885
171.3833238940853 280.25869816393885
170.12123118161742 280.25869816393885
168.85913846914974 280.25869816393885
167.59704575668195 280.25869816393885
166.33495304421416 280.25869816393885
165.07286033174628 280.25869816393885
163.81076761927847 280.25869816393885
162.5486749068108 280.25869816393885
161.286582194343 281.1000933055841
160.4451870526978 282.36218601805183
159.18309434022999 282.7828835888745
157.9210016277622 283.6242787305197
156.2382113444718 284.0449763013422
154.97611863200402 284.0449763013422
153.7140259195362 284.0449763013422
152.45193320706835 284.0449763013422
151.18984049460065 284.0449763013422
149.92774778213285 283.6242787305197
slice_number: 12
nb_points_on_contour: 145
150.76914292377805 334.10798722923136
152.03123563624584 333.26659208758616
153.29332834871363 332.4251969459409
154.5554210611814 332.00449937511837
156.2382113444718 331.5838018042958
157.50030405693963 331.1631042334732
158.76239676940736 331.1631042334732
160.02448948187518 330.321709091828
161.7072797651656 329.90101152100533
162.96937247763333 329.48031395018273
164.23146519010118 328.6389188085376
165.49355790256897 327.79752366689235
166.75565061503676 327.3768260960698
168.0177433275045 326.95612852524715
169.2798360399723 326.53543095442456
170.96262632326273 325.2733382419568
171.80402146490792 324.011245529489
173.0661141773757 323.1698503878437
174.32820688984347 322.32845524619864
175.16960203148872 321.0663625337308
176.43169474395646 319.804269821263
177.69378745642427 318.5421771087953
178.95588016889207 317.2800843963274
180.21797288135988 316.43868925468223
181.05936802300508 315.1765965422145
181.90076316465024 313.91450382974665
182.7421583062954 312.23171354645626
184.00425101876326 310.9696208339884
185.26634373123105 310.1282256923432
187.36983158534403 308.8661329798755
187.36983158534403 307.6040402674077
187.36983158534403 306.3419475549399
187.36983158534403 305.0798548424721
188.21122672698922 303.8177621300043
188.63192429781182 302.5556694175365
188.63192429781182 301.29357670506874
189.05262186863442 300.03148399260095
189.47331943945701 298.76939128013316
189.47331943945701 297.5072985676653
190.7354121519248 296.2452058551976
190.7354121519248 294.9831131427298
190.7354121519248 293.721020430262
190.7354121519248 292.45892771779415
190.7354121519248 291.1968350053264
190.7354121519248 289.9347422928586
190.7354121519248 288.67264958039084
190.7354121519248 287.410556867923
190.7354121519248 286.14846415545526
190.7354121519248 284.8863714429874
190.7354121519248 283.6242787305197
190.7354121519248 282.36218601805183
190.3147145811022 281.1000933055841
189.89401701027958 279.83800059311625
188.63192429781182 278.99660545147105
188.21122672698922 277.7345127390032
186.9491340145214 276.8931175973581
186.10773887287624 275.6310248848903
184.8456461604084 275.2103273140677
183.5835534479406 274.3689321724225
182.32146073547287 273.9482346015999
181.05936802300508 273.9482346015999
179.79727531053726 274.3689321724225
178.1144850272469 276.05172245571293
176.85239231477908 277.7345127390032
176.43169474395646 278.99660545147105
175.16960203148872 279.83800059311625
174.32820688984347 281.1000933055841
173.48681174819828 282.36218601805183
173.0661141773757 283.6242787305197
172.2247190357305 284.8863714429874
170.96262632326273 286.14846415545526
170.12123118161747 287.410556867923
169.2798360399723 288.67264958039084
168.43844089832714 289.9347422928586
167.17634818585933 291.1968350053264
165.9142554733915 292.0382301469716
164.65216276092377 292.8796252886168
163.39007004845598 294.1417180010846
162.12797733598816 294.5624155719072
160.86588462352034 295.4038107135524
159.6037919110526 295.82450828437493
158.34169919858482 296.2452058551976
157.079606486117 296.6659034260201
155.8175137736492 297.0866009968428
154.13472349035882 297.5072985676653
152.87263077789103 297.92799613848797
151.6105380654232 297.92799613848797
150.3484453529554 297.92799613848797
149.08635264048766 298.3486937093105
147.82425992801987 298.3486937093105
146.56216721555208 298.3486937093105
145.30007450308423 298.3486937093105
144.03798179061644 298.3486937093105
142.7758890781487 298.3486937093105
141.51379636568092 298.76939128013316
140.2517036532131 299.61078642177836
138.98961094074528 300.45218156342355
137.72751822827755 301.29357670506874
136.46542551580973 301.7142742758913
135.20333280334194 302.5556694175365
133.94124009087415 302.5556694175365
132.67914737840636 302.5556694175365
130.99635709511597 301.7142742758913
129.73426438264818 301.29357670506874
128.47217167018036 301.29357670506874
127.2100789577126 301.7142742758913
125.52728867442218 302.5556694175365
124.26519596195436 303.3970645591817
123.00310324948663 304.23845970082687
121.74101053701881 304.6591572716495
120.47891782455102 305.0798548424721
119.21682511208323 305.9212499841173
118.37542997043803 307.1833426965851
118.37542997043803 308.44543540905283
118.79612754126063 309.7075281215207
119.21682511208323 310.9696208339884
120.47891782455102 311.81101597563367
120.89961539537364 313.07310868810146
122.16170810784143 314.3352014005693
122.16170810784143 315.59729411303704
123.00310324948663 316.8593868255048
124.26519596195436 317.70078196714996
124.68589353277699 318.9628746796178
125.9479862452448 320.22496739208555
127.2100789577126 321.48706010455345
128.47217167018036 322.7491528170212
129.31356681182558 324.011245529489
130.57565952429334 324.85264067113417
131.83775223676116 325.69403581277936
133.09984494922895 326.53543095442456
134.36193766169674 326.95612852524715
135.20333280334194 328.218221237715
136.46542551580973 328.6389188085376
137.72751822827755 329.48031395018273
138.98961094074528 329.90101152100533
140.2517036532131 330.74240666265047
141.51379636568092 330.74240666265047
142.7758890781487 331.5838018042958
144.45867936143907 332.4251969459409
145.7207720739069 332.8458945167635
146.98286478637468 332.8458945167635
148.2449574988424 333.26659208758616
149.50705021131023 333.26659208758616
150.76914292377805 333.26659208758616
152.03123563624584 333.26659208758616
slice_number: 13
nb_points_on_contour: 151
321.92266985600065 228.3345570372832
321.07915786821513 227.49104504949767
319.95447521783444 227.49104504949767
319.1109632300488 227.49104504949767
317.9862805796681 227.49104504949767
316.8615979292874 227.49104504949767
315.1745739537164 227.20987438690247
313.2063793155502 227.20987438690247
312.36286732776466 227.20987438690247
311.51935533997914 227.20987438690247
310.39467268959845 227.20987438690247
309.55116070181293 227.20987438690247
308.7076487140274 227.20987438690247
307.8641367262419 227.49104504949767
307.0206247384564 228.05338637468802
305.8959420880757 228.3345570372832
305.05243010029017 228.89689836247354
304.20891811250465 229.45923968766388
303.36540612471913 230.30275167544943
303.08423546212396 231.14626366323495
301.95955281174327 231.98977565102047
301.678382149148 232.83328763880598
301.3972114865529 233.6767996265915
300.8348701613626 234.52031161437702
300.2725288361722 235.36382360216254
299.99135817357694 236.20733558994806
299.4290168483866 237.33201824032875
298.86667552319625 238.73787155330464
298.3043341980059 239.58138354109016
297.74199287281556 240.4248955288757
296.89848088503004 241.5495781792564
296.0549688972445 242.11191950444675
295.4926275720542 242.95543149223226
294.64911558426866 243.79894348001778
293.2432622712928 245.20479679299365
292.3997502835073 245.767138118184
291.2750676331266 247.45416209375503
290.43155564534106 248.0165034189454
289.58804365755554 248.86001540673092
289.0257023323652 249.70352739451644
288.46336100717485 250.82821004489716
287.61984901938933 251.67172203268268
287.33867835679416 252.5152340204682
286.49516636900864 253.35874600825372
286.21399570641347 254.20225799603924
285.6516543812231 255.6081113090151
285.0893130560328 256.4516232968006
285.0893130560328 257.29513528458614
284.8081423934376 258.98215926015723
284.8081423934376 260.1068419105379
284.8081423934376 261.2315245609186
284.8081423934376 262.07503654870413
284.8081423934376 262.91854853648965
285.6516543812231 265.4490844998462
285.9328250438183 266.5737671502269
286.49516636900864 267.6984498006076
287.057507694199 268.5419617883931
287.61984901938933 269.947815101369
288.1821903445797 271.3536684143449
288.74453166977 272.4783510647256
289.3068729949604 273.3218630525111
290.1503849827459 273.88420437770145
291.55623829572176 275.00888702808214
292.3997502835073 275.85239901586766
293.2432622712928 276.6959110036532
294.3679449216735 277.5394229914387
295.4926275720542 278.3829349792242
296.3361395598397 278.9452763044146
297.1796515476252 280.0699589547953
297.74199287281556 280.91347094258083
298.5855048606012 281.4758122677712
298.86667552319625 282.3193242555567
299.7101875109819 282.60049491815187
300.8348701613626 283.1628362433422
301.678382149148 283.4440069059374
303.08423546212396 283.72517756853256
303.9277474499095 284.2875188937229
305.05243010029017 284.84986021891325
305.8959420880757 285.1310308815084
306.7394540758612 285.4122015441036
307.5829660636467 285.69337220669877
308.42647805143224 285.69337220669877
309.26999003921776 285.69337220669877
310.1135020270033 285.69337220669877
310.9570140147888 285.69337220669877
311.8005260025743 285.69337220669877
312.64403799035983 285.69337220669877
313.48754997814535 285.69337220669877
314.33106196593087 285.69337220669877
315.1745739537164 285.69337220669877
316.018085941502 285.69337220669877
316.8615979292874 285.69337220669877
317.70510991707306 285.69337220669877
318.54862190485846 285.69337220669877
319.3921338926441 285.1310308815084
320.2356458804295 284.5686895563181
320.79798720561985 283.72517756853256
321.3603285308102 282.88166558074704
321.6414991934055 281.4758122677712
321.92266985600065 280.63230027998566
322.485011181191 279.78878829220014
322.485011181191 278.3829349792242
322.76618184378617 277.2582523288436
322.76618184378617 276.1335696784629
322.76618184378617 275.2900576906773
323.04735250638134 274.4465457028918
323.04735250638134 273.3218630525111
323.04735250638134 272.1971804021304
323.04735250638134 270.7913270891545
323.04735250638134 269.947815101369
323.04735250638134 269.10430311358346
323.3285231689765 268.26079112579794
323.6096938315717 267.4172791380124
323.6096938315717 266.2925964876317
323.89086449416686 264.88674317465586
323.89086449416686 264.04323118687034
323.89086449416686 262.6373778738945
323.89086449416686 261.5126952235138
323.89086449416686 260.66918323572827
324.17203515676204 259.82567124794275
324.17203515676204 258.98215926015723
324.4532058193572 258.13864727237166
324.7343764819524 256.7327939593958
325.01554714454755 255.32694064641993
325.2967178071427 254.4834286586344
325.2967178071427 253.6399166708489
325.5778884697379 252.23406335787303
325.5778884697379 251.3905513700875
325.8590591323331 250.54703938230196
325.8590591323331 249.70352739451644
325.8590591323331 248.29767408154058
325.8590591323331 247.17299143115986
325.8590591323331 246.04830878077917
325.8590591323331 245.20479679299365
325.8590591323331 244.36128480520813
325.8590591323331 243.5177728174226
325.8590591323331 242.39309016704192
325.8590591323331 240.98723685406603
325.8590591323331 240.1437248662805
325.5778884697379 238.45670089070947
325.5778884697379 237.61318890292392
325.2967178071427 236.7696769151384
325.2967178071427 235.9261649273529
325.01554714454755 235.08265293956737
324.4532058193572 233.6767996265915
324.4532058193572 232.83328763880598
323.89086449416686 231.42743432583012
323.6096938315717 230.58392233804457
323.3285231689765 229.74041035025905
323.04735250638134 228.89689836247354
322.76618184378617 228.05338637468802
nb_points_on_contour: 148
109.07647827145351 190.65768824952983
108.79530760885834 191.50120023731535
108.51413694626316 192.90705355029118
107.95179562107282 194.0317362006719
107.95179562107282 194.87524818845742
107.67062495847765 195.99993083883805
107.38945429588247 196.8434428266236
106.82711297069213 199.09280812738504
106.82711297069213 200.2174907777657
106.82711297069213 201.34217342814645
106.82711297069213 202.18568541593197
106.82711297069213 203.0291974037175
106.54594230809695 203.872709391503
106.54594230809695 204.71622137928853
106.54594230809695 205.84090402966916
106.54594230809695 206.6844160174547
106.54594230809695 207.80909866783543
106.54594230809695 208.65261065562095
106.54594230809695 209.49612264340652
106.54594230809695 210.62080529378713
106.82711297069213 211.46431728157273
106.82711297069213 212.5889999319534
107.1082836332873 213.43251191973894
107.95179562107282 213.99485324492923
108.79530760885834 214.27602390752446
109.63881959664386 214.55719457011963
110.4823315844294 214.83836523271475
111.32584357221492 215.40070655790515
112.16935556000044 215.6818772205003
114.13755019816665 216.52538920828582
114.98106218595217 217.08773053347613
115.82457417373772 217.36890119607133
116.66808616152323 217.93124252126174
117.79276881190393 218.21241318385688
118.63628079968944 218.49358384645208
120.04213411266531 218.7747545090472
120.88564610045086 219.0559251716424
121.72915808823637 219.3370958342376
123.13501140121218 219.61826649683272
124.5408647141881 219.89943715942792
125.66554736456882 220.46177848461832
126.79023001494951 220.74294914721347
127.9149126653302 221.02411980980864
129.03959531571087 221.30529047240378
129.88310730349644 221.30529047240378
131.0077899538771 221.30529047240378
131.85130194166265 221.30529047240378
132.69481392944817 221.30529047240378
133.5383259172337 221.30529047240378
134.6630085676144 221.30529047240378
135.20333280334194 222.623130961243
136.8861230866323 221.7817358195978
138.14821579910011 221.36103824877523
139.83100608239053 220.09894553630738
140.67240122403572 218.83685282383962
141.93449393650351 217.5747601113718
142.7758890781487 216.312667398904
144.03798179061644 215.47127225725882
144.8793769322617 214.20917954479103
146.14146964472943 213.78848197396846
146.98286478637468 212.52638926150064
148.2449574988424 211.26429654903285
149.50705021131023 210.0022038365651
151.18984049460065 208.74011112409724
152.4519332070684 207.89871598245205
153.29332834871363 206.63662326998428
154.13472349035882 205.3745305575165
155.39681620282664 204.5331354158713
156.65890891529438 203.6917402742261
157.9210016277622 202.8503451325809
159.18309434022999 202.0089499909357
159.18309434022999 200.74685727846793
159.18309434022999 199.48476456600014
159.18309434022999 198.22267185353232
159.18309434022999 196.96057914106456
159.18309434022999 195.69848642859677
158.76239676940736 194.43639371612895
158.34169919858482 193.17430100366118
158.76239676940736 191.9122082911934
160.02448948187518 190.65011557872555
160.86588462352034 189.38802286625778
162.12797733598816 188.5466277246126
162.96937247763333 187.28453501214483
164.23146519010118 186.4431398704996
165.49355790256897 186.4431398704996
165.49355790256897 185.18104715803182
165.91425547339153 183.91895444556403
165.91425547339153 182.65686173309624
166.33495304421416 181.39476902062842
166.75565061503676 180.13267630816065
166.75565061503676 178.87058359569284
166.75565061503676 177.60849088322507
166.75565061503676 176.34639817075725
166.75565061503676 175.08430545828946
166.75565061503676 173.82221274582167
166.75565061503676 172.56012003335388
166.75565061503676 171.2980273208861
166.75565061503676 170.0359346084183
166.75565061503676 168.7738418959505
166.75565061503676 167.51174918348272
165.49355790256897 166.67035404183753
163.81076761927855 165.40826132936974
162.5486749068108 164.98756375854714
161.286582194343 164.56686618772454
160.02448948187518 164.14616861690195
158.7623967694074 163.72547104607935
157.50030405693963 163.30477347525675
156.2382113444718 162.88407590443416
154.97611863200402 162.88407590443416
153.71402591953623 162.46337833361156
152.45193320706844 162.46337833361156
151.18984049460065 162.46337833361156
149.92774778213285 162.46337833361156
148.66565506966506 162.46337833361156
147.40356235719725 162.46337833361156
146.14146964472945 162.88407590443416
144.8793769322617 162.88407590443416
143.6172842197939 162.88407590443416
142.35519150732608 162.88407590443416
141.0930987948583 163.30477347525675
139.83100608239053 163.30477347525675
138.14821579910011 163.30477347525675
136.88612308663232 163.72547104607935
135.62403037416456 164.14616861690195
133.94124009087415 164.14616861690195
132.67914737840636 164.56686618772454
131.41705466593856 164.98756375854714
130.15496195347077 166.24965647101493
129.31356681182558 167.51174918348272
128.0514740993578 168.7738418959505
127.2100789577126 170.0359346084183
125.9479862452448 171.2980273208861
124.68589353277699 172.56012003335388
123.84449839113182 173.82221274582167
122.582405678664 174.24291031664427
121.32031296619621 175.50500302911206
120.05822025372845 176.34639817075725
118.79612754126063 177.18779331240248
117.53403482879284 178.44988602487024
116.27194211632505 179.29128116651543
115.43054697467986 180.55337387898325
114.16845426221207 181.39476902062842
112.90636154974428 183.07755930391883
111.64426883727648 184.3396520163866
111.22357126645389 185.6017447288544
110.3821761248087 186.8638374413222
109.9614785539861 188.12593015379
109.1200834123409 189.3880228662578
slice_number: 15
nb_points_on_contour: 341
152.09558964851516 303.68829461278995
151.2520776607297 303.68829461278995
150.12739501034895 303.1259532875996
149.00271235996829 302.8447826250044
148.1592003721827 302.8447826250044
147.31568838439725 302.56361196240925
146.1910057340165 302.0012706372189
145.34749374623104 302.0012706372189
144.22281109585026 301.72009997462374
143.09812844546963 301.1577586494334
141.97344579508894 300.8765879868382
141.12993380730342 300.31424666164787
140.56759248211307 299.47073467386235
139.72408049432755 298.62722268607683
138.3182271813516 297.5025400356961
137.19354453097097 296.37785738531534
135.92827654929258 295.1125894036371
134.6630085676144 293.84732142195884
133.81949657982886 293.28498009676844
133.25715525463852 292.4414681089829
132.69481392944817 291.5979561211974
132.13247260425783 290.7544441334119
131.57013127906748 289.91093214562636
131.0077899538771 289.06742015784084
130.16427796609162 287.661566844865
129.3207659783061 285.69337220669877
128.75842465311572 284.84986021891325
128.33666865922297 283.4440069059374
127.9149126653302 282.0381535929615
127.35257134013986 281.194641605176
127.07140067754466 280.3511296173905
126.79023001494951 279.50761762960497
126.50905935235434 278.1017643166291
125.946718027164 276.9770816662484
125.946718027164 276.1335696784629
125.66554736456882 275.00888702808214
125.66554736456882 273.6030337151062
125.66554736456882 272.7595217273207
125.66554736456882 271.9160097395352
125.66554736456882 269.3854737761786
125.66554736456882 268.26079112579794
125.66554736456882 266.8549378128221
125.66554736456882 265.7302551624414
125.66554736456882 264.6055725120607
125.66554736456882 263.76206052427517
125.66554736456882 262.6373778738945
125.38437670197365 261.79386588610896
125.38437670197365 260.66918323572827
125.38437670197365 259.82567124794275
125.38437670197365 258.41981793496683
125.38437670197365 256.45162329680056
125.38437670197365 255.32694064641993
125.38437670197365 253.4993313395513
125.38437670197365 251.67172203268262
125.38437670197365 250.2658687197068
125.38437670197365 249.14118606932604
125.38437670197365 247.454162093755
125.38437670197365 246.04830878077917
125.38437670197365 244.6424554678033
125.38437670197365 243.23660215482744
125.38437670197365 241.83074884185152
125.38437670197365 240.70606619147088
125.10320603937842 239.01904221589982
125.10320603937842 237.05084757773358
124.8220353767833 235.3638236021625
124.68145004548572 233.67679962659147
124.5408647141881 231.9897756510204
124.25969405159296 229.88099568155664
123.97852338899776 227.77221571209276
123.69735272640261 225.8040210739266
123.41618206380741 224.39816776095074
123.41618206380741 222.99231444797482
123.13501140121218 221.58646113499898
123.13501140121218 219.61826649683272
122.85384073861707 218.77475450904717
122.85384073861707 217.36890119607133
122.57267007602186 216.52538920828582
122.57267007602186 215.40070655790515
122.29149941342672 214.27602390752446
122.01032875083152 213.1513412571437
121.72915808823637 211.74548794416788
121.72915808823637 210.90197595638236
121.72915808823637 209.77729330600158
121.44798742564117 208.65261065562095
121.44798742564117 207.80909866783543
121.44798742564117 206.6844160174547
121.16681676304597 205.84090402966916
120.32330477526051 205.27856270447887
118.63628079968944 204.15388005409812
116.66808616152323 203.872709391503
115.82457417373772 203.5915387289078
114.699891523357 203.0291974037175
113.85637953557148 203.0291974037175
113.01286754778596 202.46685607852714
112.16935556000044 202.46685607852714
111.32584357221492 202.18568541593197
110.4823315844294 202.18568541593197
109.63881959664386 201.90451475333677
107.1082836332873 201.34217342814645
105.98360098290661 201.06100276555122
105.14008899512106 201.06100276555122
104.29657700733554 200.7798321029561
103.45306501955002 200.4986614403609
102.6095530317645 200.4986614403609
101.48487038138381 200.4986614403609
100.3601877310031 200.4986614403609
98.95433441802723 200.7798321029561
98.11082243024171 200.7798321029561
97.34055142930816 203.6917402742261
97.34055142930816 204.95383298669387
97.34055142930816 206.21592569916163
97.34055142930816 207.47801841162948
97.34055142930816 208.74011112409724
97.34055142930816 210.0022038365651
97.34055142930816 211.26429654903285
97.34055142930816 212.52638926150064
97.34055142930816 213.78848197396846
97.34055142930816 215.05057468643625
97.34055142930816 216.312667398904
97.34055142930816 217.57476011137177
97.34055142930816 218.83685282383962
96.91985385848557 220.09894553630738
95.65776114601778 221.36103824877523
94.39566843354999 223.04382853206556
93.55427329190479 224.3059212445334
92.7128781502596 225.98871152782374
92.7128781502596 227.2508042402916
92.7128781502596 228.51289695275938
92.7128781502596 229.7749896652271
92.7128781502596 231.03708237769496
92.292180579437 232.29917509016275
91.03008786696918 233.14057023180794
90.60939029614661 234.4026629442757
90.60939029614661 235.66475565674347
90.60939029614661 236.9268483692113
90.60939029614661 238.1889410816791
90.60939029614661 239.45103379414684
90.60939029614661 240.71312650661469
90.60939029614661 242.3959167899051
90.60939029614661 243.6580095023729
90.60939029614661 244.92010221484065
90.60939029614661 246.1821949273084
90.60939029614661 247.44428763977626
90.60939029614661 248.70638035224403
90.60939029614661 249.9684730647118
90.60939029614661 251.23056577717963
90.60939029614661 252.49265848964743
90.60939029614661 253.75475120211516
90.60939029614661 255.016843914583
90.60939029614661 256.2789366270508
90.60939029614661 257.54102933951856
90.60939029614661 258.8031220519864
90.60939029614661 260.06521476445414
90.60939029614661 261.327307476922
90.60939029614661 262.5894001893898
90.60939029614661 263.85149290185757
90.60939029614661 265.53428318514796
90.60939029614661 266.79637589761575
90.60939029614661 268.05846861008354
90.60939029614661 269.7412588933739
90.60939029614661 271.0033516058418
91.08155586536233 272.7595217273207
91.08155586536233 273.88420437770145
91.3627265279575 274.72771636548697
91.6438971905527 275.8523990158676
91.6438971905527 276.9770816662484
92.20623851574305 277.8205936540339
92.4874091783382 278.9452763044146
92.7685798409334 280.3511296173905
93.61209182871892 282.60049491815187
94.31501848520685 284.42810422502043
95.01794514169478 286.2557135318891
95.8614571294803 287.661566844865
96.70496911726585 289.06742015784084
97.26731044245616 290.19210280822153
97.82965176764654 291.3167854586023
98.39199309283688 292.4414681089829
99.2355050806224 293.84732142195884
99.79784640581275 294.9720040723395
100.3601877310031 296.0966867227202
100.6413583935983 297.22136937310086
101.20369971878861 298.0648813608865
101.48487038138381 299.47073467386235
102.04721170657416 300.59541732424304
103.03130902565727 303.1259532875996
104.01540634474037 305.65648925095616
104.57774766993074 307.062342563932
105.42125965771626 308.4681958769079
105.70243032031141 309.3117078646934
105.98360098290661 310.4363905150741
106.26477164550175 311.2799025028596
106.82711297069213 312.40458515324036
107.1082836332873 313.529267803621
107.38945429588247 314.3727797914065
107.95179562107282 315.49746244178726
108.79530760885834 316.62214509216795
110.2011609218342 317.7468277425487
111.04467290961972 318.5903397303342
111.88818489740527 319.43385171811974
112.45052622259561 320.27736370590526
113.29403821038113 321.4020463562859
114.699891523357 322.52672900666664
115.82457417373772 323.08907033185693
116.94925682411841 323.9325823196425
118.35511013709427 324.49492364483274
119.47979278747496 325.0572649700232
119.76096345007016 325.9007769578087
121.16681676304597 326.74428894559423
122.01032875083152 327.0254596081894
123.41618206380741 327.86897159597487
125.38437670197365 328.9936542463556
126.50905935235434 329.2748249089507
127.35257134013986 329.83716623414114
128.47725399052055 330.1183368967363
129.3207659783061 330.3995075593315
130.4454486286868 330.68067822192666
131.2889606164723 330.96184888452177
132.69481392944817 331.243019547117
133.81949657982886 331.5241902097122
136.06886188059028 332.0865315349025
137.19354453097097 332.93004352268804
137.19354453097097 333.7735555104736
138.0370565187565 334.0547261730688
139.44290983173238 334.0547261730688
140.2864218195178 334.0547261730688
141.4111044698986 334.0547261730688
142.53578712027928 334.3358968356639
143.3792991080648 334.3358968356639
144.5039817584455 334.3358968356639
145.6286644088262 334.0547261730688
146.47217639661173 334.0547261730688
147.59685904699245 333.7735555104736
149.00271235996829 333.21121418528327
150.12739501034895 332.93004352268804
150.97090699813452 332.93004352268804
152.09558964851516 332.3677021974976
153.50144296149108 332.3677021974976
154.6261256118717 332.0865315349025
156.59432025003792 331.80536087230735
157.43783223782353 331.5241902097122
158.28134422560905 331.243019547117
159.1248562133945 330.96184888452177
160.24953886377529 330.1183368967363
161.09305085156072 329.83716623414114
163.06124548972693 328.9936542463556
163.9047574775125 328.9936542463556
165.3106107904884 328.1501422585701
166.15412277827394 327.58780093337964
167.27880542865464 327.0254596081894
168.40348807903527 326.46311828299906
169.52817072941605 326.46311828299906
170.65285337979674 326.18194762040383
171.49636536758226 325.61960629521354
172.0587066927726 324.77609430742797
172.62104801796295 323.9325823196425
172.90221868055804 323.08907033185693
173.1833893431533 321.9643876814763
173.46456000574847 321.1208756936908
174.0269013309388 319.99619304331003
174.0269013309388 318.8715103929294
174.3080719935339 318.0279984051439
176.0109971731339 316.01799168385963
177.2730898856017 316.01799168385963
178.53518259806947 315.1765965422145
179.79727531053726 314.75589897139184
180.21797288135988 313.49380625892405
180.21797288135988 312.23171354645626
180.21797288135988 310.9696208339885
180.63867045218245 309.7075281215207
181.48006559382765 308.44543540905283
182.74215830629544 307.6040402674077
183.16285587711806 306.3419475549399
183.58355344794063 305.0798548424721
183.58355344794063 303.8177621300043
183.58355344794063 302.5556694175365
183.58355344794063 301.29357670506874
184.00425101876326 300.03148399260095
184.00425101876326 298.76939128013316
184.00425101876326 297.5072985676653
184.00425101876326 296.2452058551976
184.00425101876326 294.9831131427298
184.00425101876326 293.721020430262
184.42494858958585 292.45892771779415
184.42494858958585 291.1968350053264
184.42494858958585 289.9347422928586
184.42494858958585 288.67264958039084
184.42494858958585 287.410556867923
185.26634373123105 286.14846415545526
185.68704130205361 284.8863714429874
185.68704130205361 283.6242787305197
186.10773887287624 282.36218601805183
186.52843644369884 281.1000933055841
186.52843644369884 279.83800059311625
187.7905291561666 278.57590788064846
188.63192429781182 277.31381516818067
189.05262186863442 276.05172245571293
189.47331943945701 274.7896297432451
189.8940170102796 273.5275370307773
190.3147145811022 272.2654443183095
189.05262186863442 271.4240491766643
187.36983158534403 271.0033516058418
186.10773887287624 270.5826540350191
184.42494858958585 270.5826540350191
183.16285587711806 270.5826540350191
181.90076316465024 270.5826540350191
180.63867045218245 270.5826540350191
179.3765777397147 271.0033516058418
177.9632906072713 274.44654570289174
177.11977861948574 275.00888702808214
176.27626663170014 276.414740341058
175.1515839813195 277.8205936540339
174.0269013309388 278.66410564181945
173.74573066834364 280.0699589547953
173.1833893431533 281.194641605176
172.90221868055804 282.0381535929615
172.3398773553677 283.4440069059374
172.0587066927726 284.5686895563181
172.0587066927726 285.4122015441036
172.0587066927726 286.5368841944843
172.0587066927726 287.3803961822698
172.0587066927726 289.6297614830312
172.0587066927726 290.4732734708167
172.0587066927726 291.5979561211974
172.0587066927726 292.4414681089829
172.2247190357305 293.721020430262
171.3833238940853 294.9831131427298
170.12123118161747 295.82450828437493
169.70053361079493 297.0866009968428
168.43844089832714 297.92799613848797
167.59704575668195 299.19008885095576
166.33495304421416 299.61078642177836
165.49355790256897 300.87287913424615
164.65216276092377 302.13497184671394
163.39007004845598 302.97636698835913
162.12797733598816 303.3970645591817
160.86588462352034 304.23845970082687
159.6037919110526 305.0798548424721
157.9210016277622 305.0798548424721
156.2382113444718 305.0798548424721
154.97611863200402 305.0798548424721
153.7140259195362 305.0798548424721
nb_points_on_contour: 183
294.3679449216735 322.24555834407147
295.4926275720542 321.6832170188811
296.75119999921924 321.907757675376
298.0132927116872 321.907757675376
299.27538542415493 320.6456649629082
300.5374781366228 319.804269821263
302.22026841991317 318.9628746796178
303.4823611323809 318.1214795379726
304.74445384484875 317.2800843963274
304.74445384484875 316.0179916838596
305.1651514156713 314.3352014005693
306.42724412813914 313.49380625892405
307.2686392697843 312.23171354645626
307.68933684060687 310.9696208339884
308.5307319822521 309.7075281215207
309.7928246947199 308.8661329798755
310.6342198363651 307.6040402674077
311.8963125488329 306.7626451257625
312.7377076904781 305.5005524132947
313.9998004029459 304.6591572716495
315.2618931154135 303.3970645591817
316.10328825705886 302.13497184671394
316.94468339870406 300.87287913424615
317.78607854034925 299.61078642177836
319.04817125281704 298.76939128013316
319.88956639446224 297.5072985676653
320.73096153610743 296.2452058551976
322.4137518193978 294.9831131427298
322.8344493902204 293.721020430262
323.67584453186555 292.45892771779415
323.67584453186555 291.1968350053264
323.67584453186555 289.9347422928586
323.67584453186555 288.67264958039084
323.67584453186555 287.410556867923
323.67584453186555 286.14846415545526
326.2000299568012 284.46567387216476
326.2000299568012 283.203581159697
326.6207275276238 281.52079087640664
326.6207275276238 280.25869816393885
327.462122669269 278.99660545147105
327.462122669269 277.7345127390032
327.462122669269 276.05172245571293
327.462122669269 274.7896297432451
327.462122669269 273.5275370307773
327.88282024009146 272.2654443183095
328.3035178109142 271.0033516058418
328.72421538173677 269.7412588933739
329.565610523382 268.47916618090613
329.565610523382 266.79637589761575
329.98630809420445 265.1135856143253
329.98630809420445 263.85149290185757
329.98630809420445 262.5894001893898
329.98630809420445 261.327307476922
329.98630809420445 260.06521476445414
329.98630809420445 258.8031220519864
329.98630809420445 257.54102933951856
329.98630809420445 256.2789366270508
329.98630809420445 255.016843914583
329.98630809420445 253.75475120211516
329.565610523382 252.49265848964743
328.3035178109142 251.6512633480022
327.88282024009146 250.38917063553444
327.0414250984464 249.12707792306657
325.7793323859785 248.28568278142146
324.0965421026882 247.86498521059883
322.4137518193978 247.86498521059883
320.73096153610743 247.86498521059883
319.04817125281704 247.86498521059883
317.3653809695265 247.86498521059883
316.10328825705886 248.28568278142146
314.8411955445911 248.28568278142146
313.5791028321232 248.28568278142146
312.3170101196555 248.28568278142146
311.05491740718753 248.28568278142146
309.7928246947199 248.28568278142146
308.1100344114295 248.28568278142146
306.84794169896156 248.28568278142146
305.5858489864939 248.28568278142146
304.32375627402615 248.28568278142146
303.06166356155825 247.0235900689536
302.22026841991317 245.76149735648585
301.3788732782679 244.49940464401809
300.5374781366228 243.23731193155024
297.4608222102206 243.23660215482744
295.4926275720542 244.08011414261287
294.3679449216735 245.20479679299362
293.52443293388797 245.76713811818394
292.68092094610256 246.61065010596946
291.2750676331266 247.454162093755
290.1503849827459 248.57884474413572
288.74453166977014 249.9846980571116
287.19809302549663 251.67172203268262
285.6516543812231 253.3587460082537
284.52697173084243 254.76459932122953
283.40228908046186 256.17045263420545
281.9964357674858 257.5763059471813
281.1529237797005 258.70098859756206
280.0282411293196 260.66918323572827
278.903558478939 261.5126952235138
278.0600464911533 262.91854853648965
277.21653450336765 263.76206052427517
276.6541931781775 264.6055725120607
275.5295105277969 265.4490844998462
274.4048278774162 266.01142582503655
272.71780390184506 266.8549378128221
271.8742919140596 267.13610847541725
271.0307799262741 267.4172791380124
270.18726793848845 267.97962046320276
269.3437559507028 268.5419617883931
267.93790263772723 268.5419617883931
266.2508786621561 268.8231324509883
265.1261960117754 269.10430311358346
264.0015133613947 270.3695710952618
262.876830711014 271.63483907694
262.59566004841884 272.4783510647256
262.03331872322843 273.32186305251116
260.9919064792986 274.7896297432451
260.15051133765337 276.05172245571293
258.88841862518564 276.8931175973581
258.46772105436304 278.15521030982586
258.46772105436304 279.41730302229365
258.46772105436304 280.67939573476144
258.46772105436304 281.9414884472293
258.46772105436304 283.203581159697
258.46772105436304 284.4656738721648
258.46772105436304 285.7277665846326
258.46772105436304 286.98985929710045
258.46772105436304 288.2519520095682
258.0470234835404 289.51404472203603
257.6263259127178 290.77613743450377
257.6263259127178 292.0382301469716
257.6263259127178 293.30032285943935
257.6263259127178 294.5624155719072
257.6263259127178 295.82450828437493
257.6263259127178 297.0866009968428
256.78493077107265 298.3486937093105
255.9435356294274 299.61078642177836
255.1021404877822 300.87287913424615
253.84004777531442 301.29357670506874
252.57795506284668 301.7142742758913
251.31586235037884 302.13497184671394
250.05376963791105 302.97636698835913
248.79167692544326 304.2384597008269
248.37097935462066 305.5005524132947
248.37097935462066 306.7626451257625
248.79167692544326 308.0247378382303
249.21237449626585 309.28683055069814
250.05376963791105 310.5489232631659
251.31586235037884 311.39031840481107
252.57795506284668 312.23171354645626
253.84004777531442 312.65241111727886
255.1021404877822 313.49380625892405
255.9435356294274 314.75589897139184
257.2056283418952 315.59729411303704
258.0470234835404 316.8593868255048
259.3091161960082 318.1214795379726
260.15051133765337 319.38357225044047
261.41260405012116 319.804269821263
262.674696762589 320.2249673920856
263.93678947505674 321.0663625337308
265.1988821875246 321.48706010455345
266.4609748999924 322.32845524619864
267.7230676124601 323.1698503878438
268.98516032492796 324.011245529489
270.2472530373957 324.85264067113417
271.5093457498635 325.2733382419568
273.19213603315393 325.69403581277936
274.4542287456217 325.69403581277936
275.71632145808945 325.69403581277936
276.9784141705573 325.69403581277936
278.2405068830251 325.2733382419568
279.5025995954929 324.85264067113417
280.7646923079607 324.85264067113417
282.0267850204284 324.85264067113417
283.28887773289625 324.85264067113417
284.55097044536404 324.85264067113417
285.81306315783183 324.4319431003116
287.0751558702996 324.011245529489
288.3372485827674 323.59054795866643
289.5993412952352 323.1698503878438
290.861434007703 322.7491528170212
292.12352672017084 322.32845524619864
293.3856194326386 322.32845524619864
