Study: 1.2.124.113532.129.195.3.60.20030213.90624.1088784
Series: 1.2.840.113704.1.111.999.1045811794.9
SpacingX: 0.720703125
SpacingY: 0.720703125
SpacingZ: 10.0

label: emphysema
localisation: non-relevant
slice_number: 1
nb_points_on_contour: 4
221.9765625 170.0859375
190.9863281 224.859375
225.5800781 263.7773438
252.2460938 237.8320313
slice_number: 2
nb_points_on_contour: 115
253.1737929646642 224.34831932621043
252.42389875533172 223.22347801221176
250.92411033666684 222.47358380287926
249.79926902266817 222.09863669821306
248.29948060400324 221.34874248888062
247.17463929000456 221.34874248888062
246.04979797600583 220.97379538421438
244.92495666200722 220.97379538421438
243.42516824334228 220.59884827954815
241.92537982467735 220.22390117488195
240.0506443013462 219.8489540702157
238.55085588268128 219.47400696554945
235.92622615001773 219.09905986088324
234.4264377313528 218.724112756217
231.80180799868918 218.34916565155078
230.30201958002425 218.34916565155078
228.0523369520269 217.97421854688457
226.92749563802823 217.59927144221834
225.42770721936336 217.59927144221834
223.92791880069842 217.22432433755208
222.4281303820335 217.22432433755208
220.55339485870235 216.84937723288587
219.42855354470368 216.47443012821964
217.55381802137254 216.0994830235534
216.0540296027076 216.0994830235534
214.17929407937646 215.7245359188872
212.67950566071158 215.7245359188872
211.5546643467129 215.7245359188872
210.42982303271418 215.7245359188872
209.3049817187155 215.7245359188872
208.18014040471684 216.0994830235534
206.3054048813857 216.47443012821964
204.80561646272082 217.22432433755208
203.6807751487221 217.97421854688457
202.55593383472342 218.34916565155078
201.43109252072475 218.34916565155078
199.9313041020598 219.47400696554945
198.8064627880612 220.59884827954815
197.30667436939626 221.34874248888062
196.93172726473 222.47358380287926
196.18183305539753 223.59842511687796
196.5567801600638 224.72326643087663
196.93172726473 225.84810774487534
197.68162147406247 226.972949058874
198.43151568339488 228.0977903728727
199.1814098927274 229.59757879153761
199.9313041020598 231.09736721020252
200.30625120672602 232.2222085242012
200.68119831139234 233.72199694286613
201.80603962539095 235.59673246619727
202.55593383472342 236.72157378019594
203.3058280440559 238.22136219886087
203.6807751487221 239.34620351285955
204.0557222533883 240.84599193152445
205.18056356738703 241.97083324552312
205.18056356738703 243.09567455952183
205.55551067205323 244.2205158735205
206.68035198605196 245.3453571875192
207.43024619538437 246.47019850151787
208.18014040471684 247.59503981551657
209.67992882338177 248.71988112951524
210.80477013738044 249.84472244351392
211.92961145137912 250.59461665284638
212.30455855604532 251.71945796684506
213.42939987004405 252.46935217617755
214.92918828870899 253.59419349017622
216.0540296027076 254.34408769950866
217.55381802137254 255.46892901350736
218.67865933537126 255.84387611817357
219.80350064936988 256.59377032750604
221.30328906803481 257.34366453683845
222.4281303820335 258.09355874617097
223.55297169603222 258.09355874617097
225.0527601146971 258.8434529555034
226.17760142869577 258.8434529555034
227.3024427426945 258.8434529555034
228.4272840566931 258.8434529555034
229.92707247535805 258.8434529555034
231.05191378935677 258.4685058508372
232.55170220802165 257.7186116415047
233.67654352202032 257.34366453683845
234.80138483601905 257.34366453683845
236.30117325468393 256.96871743217224
237.4260145686826 256.59377032750604
238.55085588268128 256.2188232228398
240.0506443013462 255.46892901350736
241.55043272001114 255.0939819088411
243.05022113867608 253.96914059484243
244.1750624526747 253.96914059484243
245.29990376667342 252.84429928084376
246.4247450806721 252.46935217617755
247.54958639467077 251.71945796684506
248.29948060400324 250.59461665284638
249.4243219180019 249.46977533884768
250.92411033666684 247.9699869201828
252.04895165066551 247.2200927108503
252.42389875533172 246.09525139685167
253.1737929646642 244.970410082853
253.92368717399665 243.8455687688543
254.67358138332912 242.72072745485562
256.173369801994 240.84599193152445
256.5483169066602 239.72115061752575
256.9232640113265 238.59630930352708
257.29821111599273 237.47146798952843
257.29821111599273 236.34662667552973
257.67315822065893 235.22178536153106
257.67315822065893 234.09694404753236
257.67315822065893 232.9721027335337
257.67315822065893 231.847261419535
257.67315822065893 230.72242010553632
257.67315822065893 229.59757879153761
256.5483169066602 228.84768458220518
255.7984226973278 227.7228432682065
255.04852848799533 226.5980019542078
253.92368717399665 225.84810774487534
slice_number: 3
nb_points_on_contour: 8
184.5 151.3476563
229.1835938 148.4648438
265.21875 212.6074219
249.3632813 268.8222656
229.9042969 278.9121094
187.3828125 238.5527344
189.5449219 217.6523438
206.1210938 204.6796875
nb_points_on_contour: 370
150.06333918145154 230.72242010553634
150.06333918145154 229.59757879153761
150.06333918145154 228.47273747753897
150.06333918145154 227.3478961635403
149.68839207678525 225.84810774487536
149.31344497211907 224.72326643087663
149.31344497211907 223.598425116878
148.93849786745278 221.72368959354682
148.56355076278658 220.59884827954818
147.43870944878793 218.72411275621704
146.31386813478923 217.59927144221837
145.18902682079056 216.47443012821964
144.0641855067919 214.97464170955476
142.56439708812692 213.84980039555606
141.06460866946205 212.72495908155742
139.93976735546332 211.6001177675587
138.81492604146464 211.6001177675587
137.69008472746597 210.47527645356004
135.8153492041348 209.72538224422752
134.31556078546996 208.97548803489508
132.44082526213882 208.22559382556267
131.31598394814011 207.4756996162302
129.81619552947518 207.4756996162302
128.69135421547648 206.7258054068977
127.56651290147781 206.35085830223147
126.44167158747916 205.9759111975653
125.31683027348046 204.85106988356662
124.19198895948179 204.47612277890033
123.06714764548312 203.3512814649017
121.94230633148439 202.60138725556925
120.81746501748569 201.85149304623675
119.69262370348702 201.10159883690432
118.56778238948837 199.97675752290564
117.44294107548967 199.22686331357315
116.69304686615723 198.1020219995745
115.94315265682474 196.97718068557577
115.19325844749233 195.85233937157713
114.44336423815983 194.72749805757846
114.44336423815983 193.60265674357976
114.06841713349365 192.47781542958109
114.06841713349365 191.35297411558238
114.06841713349365 190.2281328015837
114.06841713349365 189.103291487585
114.06841713349365 187.97845017358634
114.06841713349365 186.85360885958767
114.06841713349365 185.72876754558897
114.06841713349365 184.60392623159026
113.69347002882739 183.4790849175916
113.31852292416119 182.35424360359292
112.56862871482869 181.22940228959422
111.81873450549622 179.7296138709293
111.44378740083005 178.6047725569306
111.06884029616381 177.4799312429319
111.06884029616381 175.98014282426703
111.06884029616381 174.85530151026836
111.06884029616381 173.73046019626963
111.06884029616381 172.60561888227102
111.81873450549622 171.4807775682723
112.56862871482869 170.35593625427364
113.69347002882739 169.23109494027494
114.44336423815983 168.10625362627624
114.81831134282609 166.98141231227754
115.94315265682474 166.23151810294507
116.69304686615723 165.10667678894643
117.06799397082347 163.98183547494773
117.81788818015588 162.85699416094906
118.56778238948837 161.73215284695038
119.31767659882084 160.60731153295168
120.06757080815328 159.48247021895298
121.19241212215198 159.10752311428678
122.31725343615065 157.9826818002881
123.81704185481553 157.23278759095567
124.9418831688142 156.85784048628943
126.06672448281293 156.10794627695694
127.19156579681163 155.7329991722907
128.3164071108103 155.3580520676245
129.81619552947518 154.9831049629583
131.31598394814011 154.60815785829203
132.44082526213882 154.23321075362583
133.56566657613746 153.85826364895956
134.69050789013613 153.48331654429336
135.8153492041348 153.10836943962713
136.9401905181335 153.10836943962713
138.06503183213223 153.10836943962713
139.1898731461309 153.10836943962713
140.3147144601296 153.10836943962713
141.43955577412828 153.10836943962713
142.56439708812692 153.48331654429336
143.6892384021256 153.48331654429336
144.4391326114581 154.60815785829203
144.8140797161243 155.7329991722907
144.8140797161243 156.85784048628943
145.18902682079056 157.9826818002881
145.18902682079056 159.10752311428678
145.18902682079056 160.23236442828548
145.18902682079056 161.35720574228412
145.18902682079056 162.4820470562828
145.18902682079056 163.98183547494773
144.8140797161243 165.10667678894643
144.4391326114581 166.60646520761134
143.6892384021256 167.73130652161004
143.31429129745942 169.23109494027494
142.18944998346075 170.73088335893982
141.81450287879446 172.23067177760478
141.06460866946205 173.35551309160343
140.68966156479578 174.4803544056021
139.93976735546332 175.6051957196008
139.5648202507971 176.7300370335995
139.1898731461309 178.2298254522644
138.43997893679844 179.3546667662631
137.69008472746597 180.47950808026178
136.9401905181335 181.60434939426045
136.56524341346727 182.72919070825915
135.8153492041348 183.85403202225785
135.06545499480242 185.35382044092276
134.69050789013613 186.85360885958767
133.9406136808037 187.97845017358634
133.56566657613746 189.103291487585
133.19071947147125 190.2281328015837
132.815772366805 191.35297411558238
132.815772366805 192.47781542958109
132.815772366805 193.60265674357976
133.19071947147125 195.1024451622447
133.9406136808037 196.22728647624334
134.69050789013613 197.35212779024206
135.8153492041348 197.72707489490827
136.9401905181335 198.4769691042407
138.06503183213223 198.85191620890694
139.1898731461309 199.22686331357315
140.3147144601296 199.22686331357315
141.81450287879446 199.22686331357315
142.93934419279316 199.22686331357315
144.0641855067919 199.22686331357315
145.18902682079056 199.6018104182394
146.31386813478923 200.35170462757188
147.43870944878793 200.72665173223808
148.56355076278658 201.47654594157052
149.68839207678525 202.22644015090302
150.81323339078392 203.7262285695679
151.93807470478262 204.47612277890033
152.31302180944888 205.60096409289906
153.06291601878135 206.7258054068977
153.43786312344756 208.22559382556267
154.18775733278002 209.3504351395613
154.56270443744623 210.47527645356004
155.6875457514449 211.6001177675587
155.6875457514449 212.72495908155742
156.81238706544357 213.84980039555606
157.56228127477604 214.97464170955476
157.93722837944227 216.09948302355343
158.6871225887747 217.22432433755208
159.062069693441 218.3491656515508
160.18691100743968 219.47400696554945
161.31175232143835 220.59884827954818
161.31175232143835 221.72368959354682
162.43659363543705 223.22347801221179
163.18648784476952 224.34831932621043
163.9363820541019 225.47316064020916
164.3113291587682 226.5980019542078
164.3113291587682 227.72284326820653
164.68627626343437 228.8476845822052
164.68627626343437 229.97252589620382
164.68627626343437 231.09736721020255
164.68627626343437 232.2222085242012
164.68627626343437 233.34704983819992
164.68627626343437 234.47189115219857
164.68627626343437 235.5967324661973
164.68627626343437 236.72157378019597
164.3113291587682 238.2213621988609
163.5614349494357 239.72115061752575
162.81154074010323 240.84599193152448
162.06164653077082 241.97083324552312
161.31175232143835 243.09567455952185
160.56185811210588 244.22051587352053
159.4370167981072 245.34535718751923
158.6871225887747 246.4701985015179
157.56228127477604 247.96998692018283
156.81238706544357 249.0948282341815
156.06249285611116 250.2196695481802
154.93765154211243 251.34451086217888
154.18775733278002 252.46935217617758
153.43786312344756 253.59419349017625
152.6879689141151 255.0939819088411
151.5631276001164 256.2188232228398
150.81323339078392 257.34366453683845
149.68839207678525 258.46850585083723
148.93849786745278 259.5933471648359
147.8136565534541 260.3432413741683
147.43870944878793 261.468082688167
146.31386813478923 262.21797689749945
145.18902682079056 262.59292400216566
144.4391326114581 263.71776531616433
143.31429129745942 264.842606630163
142.18944998346075 265.9674479441618
141.06460866946205 267.09228925816046
140.68966156479578 268.21713057215914
139.93976735546332 269.3419718861578
138.81492604146464 270.4668132001565
137.31513762279977 271.2167074094889
136.1902963088011 271.2167074094889
135.06545499480242 271.2167074094889
133.56566657613746 271.2167074094889
132.44082526213882 271.2167074094889
130.94103684347385 271.2167074094889
129.81619552947518 271.2167074094889
128.69135421547648 271.2167074094889
127.56651290147781 271.2167074094889
126.06672448281293 271.2167074094889
124.566936064148 270.84176030482274
123.44209475014932 270.84176030482274
122.31725343615065 270.4668132001565
121.19241212215198 270.0918660954902
120.44251791281951 268.96702478149155
119.31767659882084 268.21713057215914
118.56778238948837 267.09228925816046
117.44294107548967 266.34239504882794
116.31809976149097 265.59250083949553
115.56820555215853 264.46765952549686
114.44336423815983 263.71776531616433
113.31852292416119 262.9678711068319
112.56862871482869 261.84302979283325
111.44378740083005 260.7181884788346
110.31894608683135 259.5933471648359
109.19410477283267 258.8434529555034
108.4442105635002 257.7186116415047
107.31936924950153 256.9687174321723
106.56947504016907 255.8438761181736
105.81958083083657 254.7190348041749
105.06968662150416 253.59419349017625
103.94484530750546 252.0944050715113
103.19495109817302 250.96956375751265
102.82000399350679 249.84472244351392
102.82000399350679 248.71988112951527
102.44505688884053 247.5950398155166
102.07010978417435 246.0952513968517
101.69516267950809 244.97041008285302
101.32021557484188 243.84556876885432
101.32021557484188 242.72072745485565
100.94526847017565 241.59588614085695
100.94526847017565 240.47104482685828
100.94526847017565 239.34620351285955
100.94526847017565 238.2213621988609
100.94526847017565 237.09652088486217
100.94526847017565 235.97167957086353
100.94526847017565 234.8468382568648
100.94526847017565 233.72199694286616
100.94526847017565 232.59715562886748
100.94526847017565 231.47231431486878
100.94526847017565 230.3474730008701
100.94526847017565 229.22263168687138
100.94526847017565 228.09779037287274
100.94526847017565 226.972949058874
100.94526847017565 225.84810774487536
100.94526847017565 224.72326643087663
100.94526847017565 223.598425116878
100.94526847017565 222.47358380287926
100.94526847017565 221.34874248888062
100.57032136550939 219.84895407021574
100.19537426084321 218.72411275621704
99.82042715617692 217.59927144221837
99.82042715617692 216.47443012821964
99.82042715617692 215.349588814221
99.82042715617692 214.22474750022226
99.82042715617692 213.09990618622362
99.82042715617692 211.9750648722249
99.82042715617692 210.85022355822625
99.82042715617692 209.72538224422752
99.82042715617692 208.60054093022887
99.82042715617692 207.4756996162302
99.82042715617692 206.35085830223147
99.82042715617692 204.85106988356662
99.82042715617695 203.7262285695679
100.19537426084321 202.60138725556922
100.57032136550941 201.47654594157052
100.57032136550941 200.35170462757185
100.57032136550941 199.22686331357315
100.57032136550941 198.10202199957448
100.57032136550941 196.97718068557577
100.57032136550941 195.8523393715771
100.94526847017565 194.72749805757843
100.94526847017565 193.60265674357976
100.94526847017565 192.47781542958106
101.32021557484188 191.35297411558238
102.07010978417435 190.22813280158368
102.07010978417435 189.103291487585
102.07010978417435 187.9784501735863
102.82000399350679 186.85360885958764
102.82000399350679 185.72876754558894
102.82000399350679 184.60392623159026
103.94484530750546 183.85403202225785
104.31979241217172 182.72919070825915
104.69473951683793 181.60434939426045
105.44463372617037 180.47950808026178
106.56947504016907 179.7296138709293
107.69431635416771 179.7296138709293
108.81915766816641 180.47950808026178
109.56905187749891 181.60434939426045
109.56905187749891 182.72919070825915
109.56905187749891 183.85403202225785
109.56905187749891 184.97887333625653
109.94399898216511 186.10371465025517
110.31894608683135 187.2285559642539
110.69389319149755 188.72834438291878
111.44378740083005 190.2281328015837
111.81873450549622 191.35297411558238
112.19368161016251 192.85276253424732
112.94357581949492 193.97760384824596
112.94357581949492 195.1024451622447
112.94357581949492 196.22728647624334
112.94357581949492 197.35212779024206
112.94357581949492 198.4769691042407
112.94357581949492 199.6018104182394
112.94357581949492 200.72665173223808
112.94357581949492 202.22644015090302
113.69347002882739 203.7262285695679
114.06841713349365 205.22601698823283
114.44336423815983 206.35085830223147
114.81831134282609 207.4756996162302
115.19325844749233 208.60054093022887
115.19325844749233 209.72538224422752
115.56820555215853 210.85022355822625
115.94315265682474 211.9750648722249
117.06799397082347 213.47485329088985
118.19283528482214 215.72453591888723
119.31767659882084 217.22432433755208
120.06757080815328 218.3491656515508
120.81746501748569 219.84895407021574
121.94230633148439 221.72368959354682
122.31725343615065 222.84853090754555
122.69220054081683 223.97337222154422
123.06714764548312 225.09821353554293
123.06714764548312 226.5980019542078
123.44209475014932 228.09779037287274
123.81704185481553 229.22263168687138
123.81704185481553 230.72242010553634
123.81704185481553 231.847261419535
123.81704185481553 232.97210273353372
123.81704185481553 234.47189115219857
123.81704185481553 235.5967324661973
123.81704185481553 236.72157378019597
123.81704185481553 237.84641509419467
123.81704185481553 239.34620351285955
124.566936064148 240.84599193152448
125.31683027348046 242.34578035018936
126.06672448281293 243.4706216641881
127.19156579681163 244.97041008285302
127.94146000614404 246.0952513968517
129.06630132014277 246.0952513968517
130.19114263414144 246.0952513968517
131.31598394814011 246.0952513968517
132.44082526213882 245.34535718751923
133.56566657613746 244.22051587352053
134.69050789013613 243.4706216641881
136.1902963088011 243.09567455952185
137.31513762279977 242.72072745485565
138.43997893679844 242.34578035018936
139.5648202507971 241.97083324552312
140.68966156479578 241.97083324552312
141.81450287879446 241.97083324552312
143.31429129745942 241.59588614085695
144.4391326114581 241.59588614085695
145.56397392545674 241.2209390361907
146.68881523945544 240.47104482685828
147.43870944878793 239.34620351285955
148.56355076278658 238.2213621988609
149.68839207678525 237.09652088486217
150.81323339078392 235.5967324661973
150.81323339078392 234.47189115219857
150.81323339078392 233.34704983819992
150.81323339078392 232.2222085242012
slice_number: 4
nb_points_on_contour: 335
141.43955577412828 241.59588614085692
141.43955577412828 240.47104482685825
142.56439708812695 239.34620351285955
143.31429129745942 238.22136219886087
144.4391326114581 237.09652088486217
145.18902682079056 235.59673246619727
146.31386813478923 234.8468382568648
147.43870944878793 233.72199694286613
148.18860365812037 232.59715562886745
148.5635507627866 231.09736721020252
149.31344497211907 229.97252589620382
149.68839207678528 228.84768458220518
149.68839207678528 227.7228432682065
149.68839207678528 226.5980019542078
149.68839207678528 225.0982135355429
149.68839207678528 223.9733722215442
148.9384978674528 222.84853090754552
147.81365655345414 222.09863669821306
146.68881523945547 221.34874248888062
145.56397392545676 220.22390117488195
144.4391326114581 219.8489540702157
142.93934419279316 219.09905986088324
141.43955577412828 218.34916565155078
139.93976735546335 217.59927144221834
138.81492604146467 217.22432433755208
137.690084727466 217.22432433755208
136.5652434134673 216.84937723288587
135.06545499480242 216.47443012821964
133.9406136808037 215.7245359188872
133.19071947147125 214.5996946048885
132.06587815747258 213.47485329088983
131.31598394814011 212.35001197689115
130.19114263414144 211.6001177675587
129.06630132014277 210.47527645356
128.3164071108103 208.97548803489508
127.19156579681163 207.47569961623017
126.44167158747916 206.35085830223147
125.31683027348046 204.8510698835666
124.19198895948179 203.7262285695679
123.44209475014932 202.60138725556922
122.31725343615065 201.47654594157052
121.19241212215198 200.35170462757185
120.81746501748572 199.22686331357315
120.06757080815328 198.10202199957448
119.31767659882084 196.60223358090957
119.31767659882084 195.10244516224466
119.31767659882084 193.97760384824596
119.31767659882084 192.8527625342473
119.31767659882084 191.7279212202486
119.31767659882084 190.60307990624992
119.31767659882084 189.47823859225122
119.31767659882084 188.35339727825254
119.31767659882084 187.22855596425387
120.06757080815328 186.10371465025517
120.81746501748572 184.9788733362565
121.56735922681818 183.85403202225783
121.94230633148442 182.72919070825913
122.31725343615065 181.60434939426045
122.31725343615065 180.47950808026178
122.31725343615065 179.35466676626308
122.31725343615065 178.22982545226438
122.31725343615065 177.1049841382657
122.31725343615065 175.98014282426703
122.31725343615065 174.85530151026833
122.31725343615065 173.73046019626963
122.31725343615065 172.605618882271
122.31725343615065 171.4807775682723
122.31725343615065 170.35593625427362
122.31725343615065 169.23109494027494
122.31725343615065 167.73130652161
122.31725343615065 166.60646520761134
122.31725343615065 165.48162389361266
122.69220054081686 164.35678257961396
122.69220054081686 163.23194126561526
122.69220054081686 162.1070999516166
123.44209475014932 160.98225863761792
123.81704185481556 159.85741732361922
124.19198895948179 158.73257600962054
124.19198895948179 157.60773469562184
124.56693606414802 156.48289338162317
125.31683027348046 155.3580520676245
126.06672448281293 154.23321075362583
127.19156579681163 152.7334223349609
128.6913542154765 151.98352812562842
130.19114263414144 150.48373970696355
131.31598394814011 149.73384549763108
132.44082526213882 148.9839512882986
133.5656665761375 148.23405707896615
134.69050789013616 147.85910997429994
135.44040209946863 146.73426866030127
136.5652434134673 145.9843744509688
137.690084727466 145.23448024163633
138.81492604146467 144.48458603230387
139.93976735546335 144.10963892763766
141.06460866946205 144.10963892763766
142.18944998346075 144.10963892763766
143.31429129745942 144.10963892763766
144.4391326114581 144.10963892763766
145.56397392545676 144.10963892763766
146.68881523945547 144.48458603230387
147.81365655345414 144.85953313697013
148.18860365812037 145.9843744509688
148.18860365812037 147.10921576496747
148.18860365812037 148.23405707896615
148.18860365812037 149.35889839296485
148.18860365812037 150.48373970696355
148.18860365812037 151.60858102096222
148.18860365812037 152.7334223349609
148.18860365812037 153.85826364895956
148.18860365812037 154.98310496295827
147.81365655345414 156.10794627695694
147.43870944878793 157.23278759095564
147.0637623441217 158.3576289049543
146.31386813478923 159.48247021895298
145.56397392545676 160.60731153295168
144.81407971612433 161.73215284695038
144.0641855067919 162.85699416094906
143.31429129745942 164.35678257961396
142.56439708812695 165.48162389361266
141.81450287879449 166.98141231227754
141.06460866946205 168.48120073094248
140.3147144601296 169.60604204494115
139.93976735546335 170.73088335893982
139.1898731461309 171.85572467293852
138.81492604146467 172.98056598693722
138.06503183213223 174.1054073009359
137.690084727466 175.23024861493457
137.690084727466 176.35508992893327
136.94019051813353 177.4799312429319
136.5652434134673 178.6047725569306
136.5652434134673 180.10456097559555
136.5652434134673 181.22940228959422
136.1902963088011 182.72919070825913
136.1902963088011 183.85403202225783
136.1902963088011 184.9788733362565
135.81534920413483 186.10371465025517
135.81534920413483 187.22855596425387
135.44040209946863 188.72834438291878
135.06545499480242 189.85318569691748
134.69050789013616 190.97802701091615
134.69050789013616 192.10286832491482
134.69050789013616 193.2277096389135
135.06545499480242 194.3525509529122
136.1902963088011 195.47739226691087
137.690084727466 196.60223358090957
138.81492604146467 197.35212779024204
139.93976735546335 197.72707489490824
141.43955577412828 198.85191620890694
142.56439708812695 199.60181041823938
143.68923840212562 199.97675752290561
144.81407971612433 200.35170462757185
145.938921030123 200.35170462757185
147.43870944878793 201.10159883690432
148.5635507627866 201.10159883690432
149.68839207678528 201.85149304623675
150.43828628611774 202.97633436023543
150.81323339078395 204.10117567423413
151.56312760011642 205.2260169882328
152.31302180944888 206.35085830223147
152.68796891411512 207.47569961623017
152.68796891411512 208.97548803489508
153.06291601878135 210.10032934889378
153.06291601878135 211.6001177675587
153.06291601878135 212.7249590815574
153.8128102281138 214.5996946048885
154.56270443744626 216.0994830235534
154.56270443744626 217.22432433755208
154.56270443744626 218.34916565155078
155.31259864677872 219.47400696554945
156.8123870654436 220.59884827954815
157.9372283794423 221.72368959354682
159.062069693441 222.09863669821306
160.18691100743968 222.47358380287926
161.31175232143835 222.84853090754552
162.43659363543705 223.59842511687796
163.56143494943572 223.9733722215442
164.6862762634344 223.9733722215442
165.8111175774331 224.34831932621043
166.93595889143177 225.47316064020913
168.06080020543047 225.84810774487534
169.18564151942914 226.5980019542078
169.93553572876158 227.7228432682065
169.93553572876158 228.84768458220518
169.93553572876158 229.97252589620382
170.68542993809405 231.09736721020252
170.68542993809405 232.2222085242012
170.68542993809405 233.3470498381999
170.68542993809405 234.47189115219857
170.68542993809405 235.59673246619727
170.31048283342784 236.72157378019594
169.93553572876158 237.84641509419464
169.93553572876158 238.9712564081933
169.56058862409537 240.096097722192
168.8106944147629 241.22093903619069
167.68585310076423 242.34578035018936
167.310905996098 243.47062166418806
166.56101178676553 244.59546297818673
165.8111175774331 245.72030429218543
164.6862762634344 247.2200927108503
164.3113291587682 248.344934024849
163.18648784476952 249.46977533884768
162.43659363543705 250.96956375751262
161.31175232143835 252.0944050715113
160.5618581121059 253.21924638551
159.81196390277344 254.34408769950866
158.68712258877474 255.46892901350736
157.56228127477607 256.2188232228398
156.8123870654436 257.34366453683845
156.06249285611116 258.4685058508372
154.93765154211246 259.59334716483585
154.18775733278002 260.7181884788346
153.06291601878135 261.468082688167
151.93807470478265 262.59292400216566
150.81323339078395 262.9678711068319
149.68839207678528 264.0927124208306
148.5635507627866 264.0927124208306
147.43870944878793 264.0927124208306
146.31386813478923 264.842606630163
145.18902682079056 265.96744794416173
144.0641855067919 266.34239504882794
142.93934419279316 267.4672363628266
142.18944998346075 268.59207767682534
141.06460866946205 268.96702478149155
139.93976735546335 269.3419718861578
138.81492604146467 270.0918660954902
137.690084727466 270.0918660954902
136.5652434134673 270.4668132001565
135.44040209946863 271.2167074094889
134.31556078546996 271.59165451415515
133.19071947147125 271.59165451415515
132.06587815747258 271.59165451415515
130.94103684347388 271.59165451415515
129.8161955294752 271.59165451415515
128.6913542154765 271.59165451415515
127.56651290147784 271.59165451415515
126.06672448281293 271.59165451415515
124.94188316881423 271.59165451415515
123.81704185481556 271.59165451415515
122.69220054081686 270.84176030482274
121.56735922681818 269.716918990824
120.44251791281951 268.96702478149155
119.69262370348704 267.8421834674929
118.56778238948837 267.0922892581604
117.4429410754897 266.34239504882794
116.318099761491 265.96744794416173
115.19325844749233 264.842606630163
114.06841713349365 264.0927124208306
112.94357581949492 263.3428182114982
111.81873450549625 262.9678711068319
110.69389319149758 261.84302979283325
109.56905187749891 260.7181884788346
108.4442105635002 259.59334716483585
107.31936924950153 258.4685058508372
106.19452793550286 257.34366453683845
105.06968662150416 255.84387611817357
103.94484530750546 255.0939819088411
102.82000399350679 254.34408769950866
102.07010978417435 253.21924638551
101.32021557484188 252.0944050715113
100.19537426084321 250.96956375751262
99.44548005151074 249.84472244351392
98.69558584217828 248.71988112951524
97.94569163284581 247.59503981551657
97.19579742351337 246.47019850151787
96.82085031884714 245.3453571875192
96.0709561095147 243.8455687688543
95.32106190018223 242.34578035018936
94.57116769084979 241.22093903619069
93.82127348151732 240.096097722192
93.44632637685109 238.9712564081933
93.44632637685109 237.84641509419464
93.44632637685109 236.72157378019594
93.44632637685109 235.22178536153106
93.44632637685109 234.09694404753236
93.44632637685109 232.9721027335337
93.44632637685109 231.847261419535
93.07137927218488 230.34747300087008
92.32148506285242 229.22263168687138
91.57159085351995 228.0977903728727
91.19664374885375 226.972949058874
90.82169664418748 225.84810774487534
89.69685533018881 224.72326643087663
89.3219082255226 223.59842511687796
88.94696112085634 222.47358380287926
88.94696112085634 221.34874248888062
88.94696112085634 220.22390117488195
89.3219082255226 219.09905986088324
90.07180243485504 217.97421854688457
91.19664374885375 217.22432433755208
91.94653795818618 216.0994830235534
92.69643216751862 214.97464170955473
92.69643216751862 213.47485329088983
93.07137927218488 212.35001197689115
94.19622058618356 211.22517066289245
95.32106190018223 210.85022355822622
96.44590321418093 210.47527645356
97.5707445281796 210.47527645356
99.07053294684454 210.85022355822622
100.19537426084321 211.6001177675587
101.69516267950812 212.7249590815574
103.19495109817302 214.5996946048885
103.94484530750546 215.7245359188872
104.69473951683793 216.84937723288587
105.06968662150416 217.97421854688457
105.8195808308366 219.47400696554945
106.9444221448353 220.22390117488195
107.69431635416774 221.34874248888062
108.81915766816644 222.47358380287926
109.94399898216511 222.84853090754552
110.69389319149758 223.9733722215442
111.81873450549625 224.34831932621043
112.94357581949492 225.0982135355429
114.81831134282609 226.22305484954157
115.94315265682476 226.972949058874
117.4429410754897 228.47273747753894
118.56778238948837 229.59757879153761
120.06757080815328 230.72242010553632
120.81746501748572 231.847261419535
121.94230633148442 232.9721027335337
123.06714764548312 233.72199694286613
123.44209475014932 234.8468382568648
124.56693606414802 235.59673246619727
125.6917773781467 235.9716795708635
126.81661869214537 236.72157378019594
127.94146000614404 237.47146798952843
129.44124842480898 237.84641509419464
130.94103684347388 238.59630930352708
132.44082526213882 238.9712564081933
133.5656665761375 239.34620351285955
135.06545499480242 240.096097722192
136.1902963088011 240.84599193152445
137.31513762279977 241.59588614085692
138.43997893679844 242.34578035018936
139.56482025079714 242.34578035018936
140.6896615647958 241.97083324552312
nb_points_on_contour: 129
245.67485087133963 155.3580520676245
244.55000955734096 154.23321075362583
243.8001153480085 153.10836943962713
242.67527403400982 152.3584752302947
242.30032692934356 151.233633916296
241.17548561534494 150.48373970696355
240.0506443013462 149.35889839296485
238.92580298734754 148.6090041836324
237.80096167334887 147.85910997429994
236.6761203593502 147.10921576496747
235.17633194068526 146.359321555635
233.67654352202032 145.9843744509688
232.55170220802165 145.60942734630257
230.67696668469057 145.23448024163633
229.17717826602563 144.85953313697013
228.0523369520269 144.10963892763766
226.55254853336197 143.73469182297143
225.42770721936336 143.73469182297143
223.55297169603222 142.984797613639
222.05318327736728 142.60985050897273
220.9283419633686 142.23490340430652
219.05360644003747 141.8599562996403
217.55381802137254 141.48500919497405
216.42897670737386 141.48500919497405
214.92918828870899 141.11006209030785
213.42939987004405 141.11006209030785
212.30455855604532 141.11006209030785
211.1797172420467 141.11006209030785
210.05487592804798 141.11006209030785
208.9300346140493 141.11006209030785
207.43024619538437 141.11006209030785
205.55551067205323 141.11006209030785
204.0557222533883 141.8599562996403
202.93088093938968 141.8599562996403
201.05614541605854 142.60985050897273
199.5563569973936 142.984797613639
197.68162147406247 143.73469182297143
196.5567801600638 144.10963892763766
195.05699174139886 144.48458603230387
193.9321504274002 144.85953313697013
192.43236200873528 145.60942734630257
190.93257359007035 146.359321555635
189.43278517140544 147.10921576496747
187.9329967527405 147.85910997429994
186.80815543874186 148.9839512882986
185.68331412474316 150.10879260229729
184.93341991541072 151.233633916296
184.55847281074446 152.3584752302947
183.80857860141202 153.85826364895956
183.80857860141202 154.98310496295827
183.80857860141202 156.10794627695694
183.80857860141202 157.60773469562184
183.80857860141202 158.73257600962054
183.80857860141202 159.85741732361922
183.80857860141202 160.98225863761792
184.18352570607826 162.4820470562828
184.55847281074446 163.98183547494773
184.55847281074446 165.1066767889464
185.30836702007696 166.23151810294507
186.0582612294094 167.73130652161
187.1831025434081 168.85614783560868
188.3079438574068 169.98098914960735
189.43278517140544 171.10583046360605
190.55762648540414 172.23067177760475
191.6824677994028 172.605618882271
192.8073091134015 173.35551309160343
193.9321504274002 174.1054073009359
195.05699174139886 174.85530151026833
196.5567801600638 175.6051957196008
197.68162147406247 175.98014282426703
198.8064627880612 176.35508992893327
199.9313041020598 176.35508992893327
201.05614541605854 176.7300370335995
202.55593383472342 176.7300370335995
203.6807751487221 176.7300370335995
205.18056356738703 176.7300370335995
206.3054048813857 176.7300370335995
207.43024619538437 176.7300370335995
208.9300346140493 176.7300370335995
210.05487592804798 177.1049841382657
211.1797172420467 177.4799312429319
212.30455855604532 177.85487834759817
213.80434697471026 178.22982545226438
215.3041353933752 178.97971966159685
216.80392381204013 178.97971966159685
217.92876512603874 179.35466676626308
219.05360644003747 179.7296138709293
220.17844775403614 179.7296138709293
221.30328906803481 179.7296138709293
222.4281303820335 180.10456097559555
223.55297169603222 180.10456097559555
225.0527601146971 180.47950808026178
226.55254853336197 180.47950808026178
228.0523369520269 180.85445518492799
230.30201958002425 181.22940228959422
231.42686089402298 181.60434939426045
233.30159641735412 181.60434939426045
234.80138483601905 181.60434939426045
236.30117325468393 181.60434939426045
237.4260145686826 181.60434939426045
238.55085588268128 181.60434939426045
239.67569719668 181.60434939426045
240.80053851067868 181.60434939426045
241.92537982467735 181.60434939426045
243.05022113867608 181.60434939426045
244.1750624526747 181.60434939426045
244.92495666200722 180.47950808026178
246.04979797600583 179.7296138709293
246.79969218533836 178.22982545226438
247.92453349933697 177.1049841382657
248.6744277086695 175.98014282426703
249.4243219180019 174.85530151026833
249.79926902266817 173.73046019626963
249.79926902266817 172.605618882271
249.79926902266817 171.4807775682723
249.4243219180019 170.35593625427362
248.6744277086695 169.23109494027494
248.29948060400324 168.10625362627624
247.92453349933697 166.98141231227754
247.17463929000456 165.85657099827887
246.4247450806721 164.7317296842802
246.04979797600583 163.6068883702815
245.67485087133963 162.1070999516166
245.29990376667342 160.98225863761792
245.29990376667342 159.85741732361922
244.92495666200722 158.73257600962054
244.92495666200722 157.60773469562184
244.92495666200722 156.48289338162317
244.92495666200722 155.3580520676245
slice_number: 5
nb_points_on_contour: 327
110.69389319149758 267.8421834674929
112.19368161016251 266.7173421534942
113.69347002882739 265.96744794416173
115.56820555215853 265.21755373482927
116.69304686615723 264.842606630163
118.19283528482214 264.0927124208306
120.06757080815328 263.3428182114982
121.94230633148442 262.21797689749945
123.06714764548312 261.468082688167
124.19198895948179 260.7181884788346
125.6917773781467 259.96829426950205
126.81661869214537 259.59334716483585
127.94146000614404 258.8434529555034
128.6913542154765 257.7186116415047
129.8161955294752 257.34366453683845
130.94103684347388 256.59377032750604
132.06587815747258 256.2188232228398
133.19071947147125 255.0939819088411
134.31556078546996 254.34408769950866
135.44040209946863 253.21924638551
136.1902963088011 252.0944050715113
136.5652434134673 250.59461665284638
137.31513762279977 249.46977533884768
137.690084727466 248.344934024849
138.06503183213223 247.2200927108503
138.43997893679844 246.09525139685167
138.43997893679844 244.970410082853
138.43997893679844 243.8455687688543
138.81492604146467 242.72072745485562
138.81492604146467 241.59588614085692
138.81492604146467 240.47104482685825
138.81492604146467 239.34620351285955
138.81492604146467 238.22136219886087
138.81492604146467 237.09652088486217
138.81492604146467 235.9716795708635
138.81492604146467 234.8468382568648
138.43997893679844 233.72199694286613
138.43997893679844 232.59715562886745
138.06503183213223 231.47231431486875
137.31513762279977 230.34747300087008
136.94019051813353 229.22263168687138
136.1902963088011 228.0977903728727
135.81534920413483 226.972949058874
135.06545499480242 225.84810774487534
134.69050789013616 224.34831932621043
134.31556078546996 222.84853090754552
133.5656665761375 221.72368959354682
132.44082526213882 220.59884827954815
131.31598394814011 219.47400696554945
130.94103684347388 218.34916565155078
130.19114263414144 217.22432433755208
129.44124842480898 216.0994830235534
129.06630132014277 214.97464170955473
127.94146000614404 213.0999061862236
127.19156579681163 211.9750648722249
126.44167158747916 210.10032934889378
126.06672448281293 208.60054093022885
125.6917773781467 207.47569961623017
125.31683027348046 206.35085830223147
124.94188316881423 204.8510698835666
124.56693606414802 203.7262285695679
124.19198895948179 202.226440150903
124.19198895948179 201.10159883690432
124.19198895948179 199.97675752290561
124.19198895948179 198.85191620890694
123.81704185481556 197.72707489490824
123.81704185481556 196.60223358090957
123.81704185481556 195.10244516224466
123.81704185481556 193.97760384824596
123.44209475014932 192.10286832491482
123.06714764548312 190.97802701091615
122.31725343615065 189.47823859225122
121.94230633148442 187.9784501735863
121.56735922681818 186.85360885958764
121.56735922681818 185.72876754558894
121.19241212215198 184.60392623159026
120.81746501748572 183.10413781292536
120.44251791281951 181.60434939426045
120.06757080815328 180.47950808026178
119.69262370348704 178.97971966159685
119.31767659882084 177.4799312429319
119.31767659882084 175.98014282426703
118.56778238948837 174.4803544056021
118.19283528482214 173.35551309160343
117.8178881801559 172.23067177760475
117.8178881801559 171.10583046360605
117.8178881801559 169.98098914960735
117.8178881801559 168.85614783560868
117.8178881801559 167.73130652161
117.8178881801559 166.23151810294507
117.8178881801559 165.1066767889464
117.8178881801559 163.98183547494773
117.8178881801559 162.85699416094906
117.8178881801559 161.35720574228412
118.19283528482214 160.23236442828545
118.19283528482214 158.73257600962054
118.56778238948837 157.60773469562184
118.56778238948837 156.48289338162317
119.31767659882084 155.3580520676245
119.31767659882084 154.23321075362583
119.31767659882084 153.10836943962713
119.31767659882084 151.98352812562842
119.31767659882084 150.85868681162975
119.31767659882084 149.73384549763108
119.31767659882084 148.6090041836324
120.44251791281951 147.4841628696337
121.56735922681818 146.73426866030127
122.69220054081686 145.60942734630257
123.44209475014932 144.48458603230387
124.56693606414802 143.3597447183052
125.6917773781467 142.23490340430652
126.06672448281293 141.11006209030785
127.19156579681163 140.36016788097538
127.56651290147784 139.2353265669767
128.6913542154765 138.48543235764424
129.8161955294752 138.110485252978
130.94103684347388 137.36059104364557
132.06587815747258 136.9856439389793
133.19071947147125 136.6106968343131
134.31556078546996 136.6106968343131
135.44040209946863 136.6106968343131
136.5652434134673 136.6106968343131
137.690084727466 136.6106968343131
139.1898731461309 136.6106968343131
140.3147144601296 136.6106968343131
141.81450287879449 136.6106968343131
142.93934419279316 136.6106968343131
144.0641855067919 136.6106968343131
145.18902682079056 136.6106968343131
146.31386813478923 136.6106968343131
147.43870944878793 136.6106968343131
148.5635507627866 136.6106968343131
149.68839207678528 136.6106968343131
150.81323339078395 136.6106968343131
151.93807470478265 136.6106968343131
152.68796891411512 137.73553814831178
153.43786312344756 138.86037946231045
153.8128102281138 139.98522077630915
154.18775733278002 141.11006209030785
154.56270443744626 142.23490340430652
154.56270443744626 143.3597447183052
154.93765154211246 144.48458603230387
154.93765154211246 145.60942734630257
154.93765154211246 146.73426866030127
155.31259864677872 147.85910997429994
155.31259864677872 148.9839512882986
155.68754575144493 150.10879260229729
155.68754575144493 151.233633916296
155.68754575144493 152.3584752302947
155.68754575144493 153.48331654429336
155.68754575144493 154.60815785829203
155.68754575144493 155.7329991722907
155.68754575144493 156.8578404862894
155.68754575144493 157.9826818002881
155.68754575144493 159.10752311428678
155.68754575144493 160.23236442828545
155.68754575144493 161.35720574228412
154.56270443744626 162.4820470562828
154.18775733278002 163.6068883702815
153.43786312344756 164.7317296842802
152.31302180944888 165.1066767889464
151.1881804954502 165.48162389361266
150.06333918145154 165.85657099827887
148.9384978674528 165.85657099827887
147.43870944878793 166.23151810294507
146.31386813478923 166.60646520761134
145.18902682079056 166.98141231227754
144.0641855067919 166.98141231227754
142.93934419279316 167.73130652161
141.81450287879449 168.48120073094248
140.6896615647958 168.85614783560868
139.93976735546335 170.35593625427362
138.81492604146467 171.85572467293852
138.43997893679844 172.98056598693722
138.43997893679844 174.1054073009359
138.81492604146467 175.23024861493457
139.93976735546335 175.6051957196008
141.06460866946205 175.6051957196008
142.18944998346075 175.6051957196008
142.93934419279316 176.7300370335995
142.93934419279316 177.85487834759817
142.93934419279316 178.97971966159685
142.93934419279316 180.10456097559555
142.56439708812695 181.22940228959422
142.18944998346075 182.3542436035929
141.43955577412828 183.4790849175916
140.3147144601296 184.22897912692406
139.56482025079714 185.35382044092273
139.56482025079714 186.4786617549214
139.56482025079714 187.6035030689201
139.56482025079714 188.72834438291878
139.93976735546335 189.85318569691748
141.06460866946205 190.60307990624992
141.81450287879449 191.7279212202486
142.93934419279316 192.10286832491482
143.68923840212562 193.2277096389135
144.81407971612433 193.97760384824596
145.938921030123 195.10244516224466
147.43870944878793 195.8523393715771
148.5635507627866 196.60223358090957
149.68839207678528 197.35212779024204
151.1881804954502 198.10202199957448
152.31302180944888 198.85191620890694
153.43786312344756 199.22686331357315
154.56270443744626 199.60181041823938
155.31259864677872 200.72665173223805
155.31259864677872 201.85149304623675
155.31259864677872 202.97633436023543
155.31259864677872 204.10117567423413
155.31259864677872 205.2260169882328
155.31259864677872 206.35085830223147
154.93765154211246 207.47569961623017
154.93765154211246 208.60054093022885
154.56270443744626 209.72538224422752
154.56270443744626 210.85022355822622
154.56270443744626 211.9750648722249
154.56270443744626 213.0999061862236
154.56270443744626 214.22474750022226
154.56270443744626 215.34958881422097
154.56270443744626 216.47443012821964
154.93765154211246 217.59927144221834
155.68754575144493 218.724112756217
156.8123870654436 219.09905986088324
157.9372283794423 219.47400696554945
159.062069693441 220.22390117488195
160.18691100743968 220.22390117488195
161.31175232143835 220.59884827954815
162.43659363543705 220.97379538421438
163.56143494943572 221.34874248888062
165.06122336810063 222.09863669821306
165.8111175774331 223.22347801221176
166.93595889143177 223.9733722215442
167.68585310076423 225.0982135355429
168.43574731009667 226.22305484954157
169.18564151942914 227.7228432682065
169.56058862409537 228.84768458220518
170.31048283342784 229.97252589620382
170.31048283342784 231.09736721020252
170.68542993809405 232.2222085242012
171.06037704276028 233.3470498381999
171.4353241474265 234.8468382568648
171.81027125209272 235.9716795708635
172.18521835675898 237.09652088486217
172.18521835675898 238.22136219886087
172.18521835675898 239.34620351285955
172.18521835675898 240.47104482685825
172.18521835675898 241.59588614085692
172.18521835675898 242.72072745485562
172.18521835675898 243.8455687688543
171.4353241474265 244.970410082853
171.06037704276028 246.09525139685167
170.31048283342784 247.2200927108503
169.56058862409537 248.344934024849
168.43574731009667 249.09482823418148
167.68585310076423 250.21966954818018
166.93595889143177 251.34451086217885
166.18606468209933 252.84429928084376
165.06122336810063 253.59419349017622
164.6862762634344 254.7190348041749
163.93638205410193 255.84387611817357
163.56143494943572 256.96871743217224
162.81154074010325 258.09355874617097
161.68669942610458 259.21840006016964
161.31175232143835 260.3432413741683
160.5618581121059 261.468082688167
159.81196390277344 262.59292400216566
159.062069693441 263.71776531616433
158.68712258877474 264.842606630163
158.68712258877474 265.96744794416173
158.68712258877474 267.0922892581604
158.31217548410854 268.21713057215914
157.9372283794423 269.716918990824
157.56228127477607 270.84176030482274
157.18733417010986 271.9666016188214
157.18733417010986 273.4663900374863
156.06249285611116 274.59123135148496
155.31259864677872 275.7160726654837
154.18775733278002 276.84091397948237
153.43786312344756 277.96575529348104
152.31302180944888 278.71564950281345
151.1881804954502 279.0905966074797
150.06333918145154 279.8404908168121
148.9384978674528 280.96533213081085
147.81365655345414 281.7152263401433
146.68881523945547 282.0901734448095
145.56397392545676 283.21501475880825
144.4391326114581 283.96490896814066
143.31429129745942 284.3398560728069
142.18944998346075 284.3398560728069
141.06460866946205 284.3398560728069
139.93976735546335 284.3398560728069
138.81492604146467 284.3398560728069
137.690084727466 284.3398560728069
136.5652434134673 284.3398560728069
135.44040209946863 284.3398560728069
134.31556078546996 284.3398560728069
133.19071947147125 284.3398560728069
132.06587815747258 284.3398560728069
130.94103684347388 284.3398560728069
129.8161955294752 284.3398560728069
128.6913542154765 284.3398560728069
127.56651290147784 284.3398560728069
126.06672448281293 284.3398560728069
124.94188316881423 284.3398560728069
123.81704185481556 283.96490896814066
122.69220054081686 283.21501475880825
121.56735922681818 282.840067654142
120.81746501748572 281.7152263401433
119.69262370348704 280.96533213081085
118.94272949415458 279.8404908168121
117.8178881801559 279.0905966074797
116.69304686615723 278.3407023981473
115.56820555215853 277.5908081888148
114.44336423815986 276.4659668748161
113.69347002882739 275.34112556081743
112.56862871482872 274.96617845615117
111.44378740083005 274.21628424681876
110.31894608683135 273.4663900374863
109.56905187749891 272.34154872348756
108.4442105635002 271.59165451415515
108.069263458834 270.4668132001565
108.069263458834 269.3419718861578
108.069263458834 268.21713057215914
109.19410477283267 267.4672363628266
110.31894608683135 267.4672363628266
111.44378740083005 267.8421834674929
112.94357581949492 267.4672363628266
slice_number: 6
nb_points_on_contour: 324
180.05910755474972 235.22178536153115
179.68416045008348 234.09694404753236
179.30921334541728 232.97210273353377
178.55931913608475 231.847261419535
177.43447782208608 231.09736721020258
176.6845836127536 229.97252589620382
175.55974229875494 228.8476845822052
174.43490098475624 227.7228432682066
173.68500677542377 226.5980019542078
172.5601654614251 226.2230548495416
171.81027125209263 225.09821353554298
170.68542993809396 224.72326643087663
169.5605886240953 223.97337222154422
168.4357473100966 223.59842511687802
167.310905996098 223.59842511687802
166.18606468209933 223.2234780122118
165.06122336810063 223.2234780122118
163.9363820541019 223.2234780122118
162.81154074010317 223.2234780122118
161.6866994261045 223.2234780122118
160.56185811210582 223.2234780122118
159.4370167981072 223.2234780122118
158.31217548410854 222.8485309075456
157.56228127477598 221.72368959354682
156.4374399607774 221.34874248888062
155.68754575144484 220.22390117488203
154.56270443744617 219.09905986088324
154.18775733278002 217.97421854688463
153.8128102281137 216.84937723288587
153.8128102281137 215.72453591888726
153.43786312344756 214.5996946048885
153.43786312344756 213.47485329088985
153.43786312344756 212.35001197689124
153.43786312344756 211.22517066289245
153.43786312344756 210.10032934889387
153.43786312344756 208.97548803489508
153.8128102281137 207.8506467208965
154.18775733278002 206.7258054068977
154.56270443744617 205.6009640928991
155.31259864677872 204.47612277890033
155.31259864677872 203.3512814649017
154.93765154211243 202.22644015090307
154.18775733278002 201.10159883690432
153.43786312344756 199.9767575229057
152.31302180944888 199.22686331357315
151.1881804954502 198.10202199957453
150.06333918145154 197.72707489490833
148.93849786745278 196.60223358090957
148.18860365812037 195.47739226691093
147.0637623441217 194.72749805757852
145.93892103012297 193.97760384824596
145.18902682079056 192.85276253424735
144.0641855067919 192.1028683249149
142.93934419279316 191.35297411558238
141.8145028787944 190.60307990624995
140.68966156479573 189.47823859225122
139.56482025079706 188.72834438291878
138.43997893679844 187.97845017358637
137.69008472746592 186.85360885958772
136.9401905181335 185.72876754558897
136.9401905181335 184.22897912692406
137.31513762279977 183.1041378129254
137.69008472746592 181.97929649892666
138.43997893679844 180.85445518492799
139.56482025079706 179.7296138709293
140.68966156479573 178.97971966159685
141.8145028787944 177.8548783475982
142.93934419279316 177.1049841382657
143.68923840212554 175.98014282426703
144.81407971612424 175.23024861493462
145.56397392545668 174.1054073009359
146.31386813478923 172.98056598693722
147.0637623441217 171.85572467293855
148.18860365812037 170.73088335893982
149.31344497211907 169.98098914960735
150.43828628611774 168.85614783560868
151.56312760011633 168.10625362627624
152.68796891411503 166.98141231227754
153.8128102281137 165.85657099827887
154.56270443744617 164.73172968428025
155.31259864677872 163.6068883702815
155.31259864677872 162.4820470562828
156.4374399607774 161.35720574228412
157.56228127477598 160.23236442828548
158.31217548410854 159.10752311428678
158.68712258877466 157.9826818002881
159.4370167981072 156.8578404862895
159.4370167981072 155.7329991722907
159.4370167981072 154.60815785829203
159.4370167981072 153.48331654429336
159.4370167981072 152.35847523029472
159.4370167981072 151.23363391629601
159.062069693441 150.1087926022973
158.31217548410854 148.9839512882986
157.93722837944225 147.85910997429994
157.18733417010986 146.73426866030127
156.81238706544352 145.6094273463026
156.4374399607774 144.48458603230387
156.06249285611116 143.3597447183052
155.31259864677872 142.23490340430652
154.18775733278002 141.48500919497405
153.8128102281137 140.36016788097538
153.06291601878135 139.2353265669767
152.31302180944888 138.110485252978
151.1881804954502 137.36059104364557
150.06333918145154 136.9856439389793
148.93849786745278 136.2357497296469
147.81365655345405 135.11090841564817
146.68881523945538 134.36101420631573
145.18902682079056 133.6111199969833
144.0641855067919 132.86122578765082
142.56439708812687 132.48627868298462
141.43955577412828 132.11133157831836
140.3147144601296 131.73638447365215
139.1898731461309 131.3614373689859
137.69008472746592 130.98649026431968
136.56524341346721 130.23659605498722
134.69050789013608 129.861648950321
133.19071947147125 129.48670184565475
132.06587815747258 129.48670184565475
130.94103684347385 129.48670184565475
129.81619552947512 129.48670184565475
128.69135421547642 129.48670184565475
127.56651290147775 130.23659605498722
126.44167158747916 130.98649026431968
125.31683027348046 131.73638447365215
124.56693606414794 132.86122578765082
123.81704185481547 133.9860671016495
123.06714764548312 135.11090841564817
122.69220054081677 136.2357497296469
121.94230633148439 137.36059104364557
121.5673592268181 138.48543235764424
120.81746501748566 139.98522077630918
119.69262370348696 141.11006209030785
118.94272949415458 142.23490340430652
118.19283528482214 143.73469182297146
117.81788818015585 144.85953313697013
117.06799397082347 145.9843744509688
115.94315265682474 147.85910997429994
114.81831134282609 149.35889839296493
114.06841713349365 150.85868681162975
113.31852292416119 151.98352812562842
112.94357581949492 153.48331654429336
112.19368161016251 155.3580520676245
111.8187345054962 156.48289338162317
111.44378740083005 157.60773469562187
110.69389319149755 158.73257600962057
110.31894608683135 159.85741732361927
109.94399898216511 160.98225863761792
109.56905187749891 162.1070999516166
108.81915766816638 163.6068883702815
108.81915766816638 165.10667678894646
108.81915766816638 166.23151810294507
108.81915766816638 167.73130652161004
109.19410477283267 168.85614783560868
109.19410477283267 169.98098914960735
109.56905187749891 171.10583046360605
109.56905187749891 172.23067177760484
109.56905187749891 173.35551309160343
109.94399898216511 174.85530151026842
110.31894608683135 175.98014282426703
111.06884029616381 177.1049841382657
112.19368161016251 178.6047725569306
113.31852292416119 180.1045609755956
114.44336423815983 181.97929649892666
115.19325844749233 183.1041378129254
116.31809976149097 184.60392623159026
117.44294107548967 186.4786617549214
118.56778238948837 187.60350306892016
119.69262370348696 188.72834438291878
120.44251791281951 189.85318569691756
121.5673592268181 190.97802701091615
121.94230633148439 192.47781542958114
123.06714764548312 193.60265674357976
123.44209475014932 194.72749805757852
123.81704185481547 195.85233937157713
123.81704185481547 196.97718068557577
124.19198895948179 198.10202199957453
124.56693606414794 199.22686331357315
124.56693606414794 200.7266517322381
125.31683027348046 202.22644015090307
125.31683027348046 203.7262285695679
125.69177737814661 204.85106988356668
126.06672448281293 206.35085830223147
126.06672448281293 207.8506467208965
126.81661869214531 208.97548803489508
126.81661869214531 210.10032934889387
126.81661869214531 211.6001177675587
127.19156579681163 213.09990618622365
127.19156579681163 214.5996946048885
127.19156579681163 215.72453591888726
127.19156579681163 216.84937723288587
127.19156579681163 217.97421854688463
127.19156579681163 219.09905986088324
127.19156579681163 220.22390117488203
127.19156579681163 221.72368959354682
127.19156579681163 222.8485309075456
127.19156579681163 223.97337222154422
127.19156579681163 225.09821353554298
127.19156579681163 226.5980019542078
127.19156579681163 227.7228432682066
127.19156579681163 228.8476845822052
127.19156579681163 229.97252589620382
127.19156579681163 231.09736721020258
127.19156579681163 232.59715562886754
127.56651290147775 233.72199694286618
127.94146000614404 235.22178536153115
128.69135421547642 236.72157378019597
129.06630132014277 237.84641509419473
129.06630132014277 238.97125640819334
129.06630132014277 240.0960977221921
129.06630132014277 241.22093903619074
129.06630132014277 243.47062166418814
129.06630132014277 244.59546297818673
128.3164071108103 245.72030429218552
127.56651290147775 247.2200927108503
126.81661869214531 248.3449340248491
126.06672448281293 249.4697753388477
124.9418831688142 250.59461665284647
124.19198895948179 251.7194579668451
123.44209475014932 252.84429928084384
123.06714764548312 253.9691405948425
121.94230633148439 255.84387611817365
121.5673592268181 257.34366453683845
120.81746501748566 258.46850585083723
120.81746501748566 259.5933471648359
120.06757080815328 260.7181884788346
119.69262370348696 261.84302979283325
118.94272949415458 262.9678711068319
118.56778238948837 264.0927124208306
118.19283528482214 265.21755373482927
117.44294107548967 266.34239504882794
116.69304686615723 267.4672363628266
116.31809976149097 268.96702478149155
115.94315265682474 270.4668132001565
115.94315265682474 271.59165451415515
115.94315265682474 272.7164958281538
115.94315265682474 273.8413371421525
115.94315265682474 274.96617845615117
115.94315265682474 276.09101977014996
116.69304686615723 277.5908081888149
117.44294107548967 279.4655437121461
118.19283528482214 280.59038502614465
118.19283528482214 281.7152263401433
118.56778238948837 283.21501475880825
119.69262370348696 284.7148031774732
120.44251791281951 285.83964449147186
120.81746501748566 286.96448580547064
121.94230633148439 286.96448580547064
123.06714764548312 286.96448580547064
124.19198895948179 287.3394329101367
125.31683027348046 287.71438001480294
126.44167158747916 287.71438001480294
127.56651290147775 287.71438001480294
128.69135421547642 287.71438001480294
129.81619552947512 287.71438001480294
130.94103684347385 287.71438001480294
132.06587815747258 287.71438001480294
133.19071947147125 287.71438001480294
134.31556078546996 288.0893271194692
135.44040209946863 288.46427422413547
136.56524341346724 288.8392213288016
137.69008472746594 288.46427422413547
138.81492604146462 287.71438001480294
139.93976735546332 286.58953870080427
141.06460866946205 286.214591596138
141.06460866946205 285.08975028213933
141.81450287879443 283.96490896814066
142.93934419279316 283.21501475880825
144.0641855067919 282.840067654142
145.18902682079056 282.4651205494757
146.31386813478923 282.4651205494757
147.43870944878793 282.4651205494757
148.56355076278655 282.4651205494757
149.68839207678522 282.0901734448096
148.93849786745278 280.2154379214784
150.06333918145154 279.4655437121461
151.1881804954502 278.3407023981473
152.31302180944888 277.5908081888149
153.06291601878135 276.4659668748161
154.18775733278002 276.09101977014996
154.93765154211243 274.96617845615117
156.4374399607774 273.8413371421525
157.18733417010986 272.7164958281538
158.31217548410854 271.9666016188214
159.4370167981072 271.2167074094889
160.56185811210582 270.4668132001565
160.9368052167721 269.3419718861578
162.06164653077082 268.5920776768254
163.18648784476952 267.4672363628266
163.5614349494357 266.7173421534942
163.5614349494357 265.59250083949553
163.5614349494357 264.46765952549686
163.5614349494357 263.3428182114982
163.5614349494357 262.21797689749945
163.9363820541019 261.09313558350084
165.06122336810063 260.3432413741683
166.18606468209933 259.5933471648359
167.310905996098 259.21840006016964
168.43574731009664 258.46850585083723
169.56058862409535 258.09355874617097
170.68542993809402 257.7186116415047
171.8102712520927 257.7186116415047
174.0599538800901 256.9687174321723
175.1847951940888 255.84387611817365
175.1847951940888 254.34408769950866
175.1847951940888 253.21924638551
175.93468940342123 252.0944050715113
175.93468940342123 250.96956375751262
175.93468940342123 249.84472244351392
175.93468940342123 248.71988112951524
175.93468940342123 247.59503981551657
175.93468940342123 246.47019850151787
175.93468940342123 245.3453571875192
176.30963650808746 244.2205158735205
177.05953071741993 243.09567455952183
177.80942492675237 241.97083324552312
178.93426624075104 241.59588614085692
178.93426624075104 240.47104482685825
179.68416045008348 239.72115061752575
180.43405465941592 238.59630930352716
180.80900176408213 237.47146798952852
180.80900176408213 236.34662667552976
180.80900176408213 235.22178536153115
slice_number: 7
nb_points_on_contour: 356
175.55974229875483 227.3478961635404
174.4349009847561 227.3478961635404
173.31005967075765 227.3478961635404
171.81027125209263 227.3478961635404
170.6854299380939 227.3478961635404
169.56058862409517 227.3478961635404
168.43574731009645 227.3478961635404
167.310905996098 227.3478961635404
166.18606468209933 226.972949058874
165.06122336810063 226.5980019542078
163.9363820541019 226.2230548495416
162.81154074010317 225.84810774487542
161.68669942610444 225.098213535543
160.5618581121057 224.34831932621043
159.4370167981072 223.59842511687802
158.31217548410854 222.84853090754564
157.18733417010986 221.72368959354682
156.06249285611116 220.97379538421444
155.31259864677872 219.84895407021583
154.56270443744606 218.72411275621704
154.18775733278002 217.59927144221845
153.8128102281137 216.47443012821964
153.43786312344756 215.34958881422105
153.43786312344756 214.22474750022226
153.43786312344756 213.09990618622365
153.43786312344756 211.9750648722249
153.43786312344756 210.85022355822628
153.43786312344756 209.72538224422752
153.43786312344756 208.60054093022887
153.43786312344756 207.4756996162303
153.43786312344756 206.35085830223147
153.06291601878135 205.22601698823289
153.06291601878135 204.10117567423413
151.93807470478262 203.3512814649017
150.43828628611774 202.22644015090307
150.06333918145154 201.10159883690432
149.6883920767852 199.9767575229057
148.93849786745278 198.85191620890694
148.18860365812037 197.72707489490833
147.43870944878793 196.60223358090957
146.68881523945538 195.47739226691093
145.56397392545668 194.72749805757852
144.4391326114581 193.97760384824596
143.31429129745942 193.60265674357976
142.18944998346075 193.60265674357976
141.06460866946205 193.60265674357976
140.68966156479573 192.47781542958114
139.93976735546332 191.35297411558238
139.1898731461309 190.22813280158374
138.8149260414646 189.103291487585
138.8149260414646 187.97845017358637
138.8149260414646 186.85360885958772
138.8149260414646 185.72876754558897
138.06503183213223 184.60392623159026
136.9401905181335 184.22897912692406
136.1902963088011 183.1041378129254
135.44040209946863 181.97929649892666
135.44040209946863 181.22940228959422
135.44040209946863 180.1045609755956
135.44040209946863 178.97971966159685
135.44040209946863 177.8548783475982
136.1902963088011 176.7300370335995
137.31513762279977 176.7300370335995
138.43997893679844 176.3550899289333
139.56482025079708 176.3550899289333
140.68966156479576 175.98014282426703
141.43955577412828 174.8553015102684
142.56439708812687 174.4803544056021
142.93934419279316 173.35551309160343
143.68923840212562 172.23067177760475
143.68923840212562 171.10583046360605
143.68923840212562 169.98098914960735
144.0641855067919 168.85614783560868
144.81407971612433 167.73130652161
144.81407971612433 166.60646520761134
145.938921030123 165.85657099827887
146.31386813478923 164.7317296842802
146.31386813478923 163.6068883702815
147.0637623441217 162.4820470562828
148.56355076278658 162.1070999516166
150.8132333907839 160.23236442828548
152.31302180944888 159.48247021895298
153.8128102281137 158.3576289049543
154.93765154211243 157.60773469562187
154.93765154211243 156.48289338162317
154.93765154211243 155.3580520676245
154.93765154211243 154.23321075362583
154.93765154211243 153.10836943962713
154.93765154211243 151.98352812562842
154.93765154211243 150.85868681162975
154.93765154211243 149.7338454976311
154.93765154211243 148.6090041836324
154.93765154211243 147.48416286963374
155.31259864677872 146.359321555635
156.06249285611116 145.23448024163633
156.81238706544352 143.73469182297146
157.93722837944225 142.23490340430652
158.68712258877463 141.11006209030785
159.062069693441 139.61027367164291
159.4370167981072 138.48543235764424
159.4370167981072 137.36059104364557
159.4370167981072 136.2357497296469
159.062069693441 135.11090841564817
158.68712258877463 133.9860671016495
158.68712258877463 132.86122578765082
158.31217548410854 131.73638447365215
158.31217548410854 130.61154315965345
157.56228127477587 129.48670184565475
156.4374399607774 128.73680763632234
155.31259864677872 128.36186053165608
154.18775733278002 128.36186053165608
153.06291601878135 127.98691342698986
151.93807470478262 127.98691342698986
150.8132333907839 127.98691342698986
149.68839207678514 127.98691342698986
148.5635507627864 127.98691342698986
147.43870944878793 127.98691342698986
146.31386813478923 128.36186053165608
145.18902682079056 128.36186053165608
144.0641855067919 128.36186053165608
142.93934419279316 128.36186053165608
141.8145028787944 128.36186053165608
140.68966156479567 128.36186053165608
139.1898731461309 128.36186053165608
137.69008472746586 128.36186053165608
136.56524341346713 128.73680763632234
135.44040209946863 128.73680763632234
133.9406136808037 129.11175474098854
132.81577236680494 129.48670184565475
131.6909310528062 129.861648950321
130.56608973880748 130.61154315965345
129.44124842480898 130.98649026431968
128.3164071108103 132.11133157831836
126.81661869214531 132.86122578765082
125.69177737814658 133.6111199969833
124.56693606414782 134.36101420631573
123.44209475014932 135.11090841564817
122.31725343615065 135.86080262498064
121.19241212215198 136.6106968343131
120.06757080815328 137.73553814831178
119.31767659882084 138.86037946231045
118.19283528482214 139.98522077630918
117.44294107548967 141.11006209030785
116.31809976149097 142.60985050897273
115.19325844749233 144.10963892763766
114.44336423815983 145.23448024163633
113.69347002882739 146.359321555635
112.94357581949492 147.48416286963374
111.8187345054962 148.23405707896615
111.06884029616381 149.35889839296493
109.94399898216511 150.1087926022973
109.19410477283267 151.23363391629601
108.4442105635002 152.35847523029472
107.31936924950153 153.48331654429336
106.56947504016907 154.9831049629583
105.81958083083654 156.10794627695694
104.69473951683793 156.8578404862895
103.94484530750546 157.9826818002881
103.19495109817302 159.48247021895298
102.07010978417435 160.60731153295168
101.69516267950809 162.4820470562828
100.57032136550939 163.98183547494773
100.19537426084321 165.10667678894646
99.82042715617689 166.23151810294507
99.07053294684454 167.35635941694386
98.69558584217825 168.48120073094248
98.32063873751207 169.60604204494115
97.94569163284581 171.10583046360605
96.82085031884708 172.60561888227102
96.4459032141809 173.73046019626963
96.0709561095147 174.85530151026842
95.69600900484846 175.98014282426703
94.946114795516 177.8548783475982
94.19622058618356 178.97971966159685
93.82127348151732 180.1045609755956
93.44632637685106 181.60434939426045
92.32148506285242 183.1041378129254
91.94653795818616 184.22897912692406
91.57159085351992 185.72876754558897
90.82169664418748 186.85360885958778
90.44674953952128 187.97845017358637
89.69685533018878 189.47823859225122
88.94696112085634 190.97802701091615
88.1970669115239 192.47781542958114
87.82211980685761 193.60265674357976
87.44717270219144 194.72749805757854
87.07222559752523 196.22728647624334
87.07222559752523 197.35212779024212
87.07222559752523 198.85191620890694
86.697278492859 200.7266517322381
86.697278492859 201.85149304623675
86.697278492859 203.3512814649017
86.697278492859 204.47612277890033
86.697278492859 205.6009640928991
86.697278492859 206.7258054068977
86.697278492859 207.8506467208965
86.697278492859 209.3504351395613
86.697278492859 210.47527645356007
87.44717270219144 212.35001197689127
87.82211980685761 213.84980039555606
88.57201401619014 214.97464170955485
88.94696112085634 216.84937723288587
89.69685533018878 217.97421854688463
90.44674953952128 219.09905986088324
91.19664374885375 220.59884827954824
91.94653795818616 221.72368959354682
93.44632637685106 224.34831932621043
93.82127348151732 225.84810774487542
94.946114795516 227.3478961635404
95.32106190018223 228.472737477539
95.69600900484846 229.59757879153761
96.4459032141809 231.47231431486878
97.19579742351337 232.5971556288676
97.5707445281796 234.09694404753236
98.32063873751207 235.59673246619738
99.07053294684454 236.72157378019597
99.44548005151074 238.59630930352716
100.19537426084321 239.72115061752575
100.94526847017565 240.84599193152454
101.32021557484188 241.97083324552312
102.07010978417435 243.47062166418814
102.44505688884053 244.59546297818673
103.19495109817302 246.47019850151793
103.94484530750546 248.34493402484912
103.94484530750546 249.4697753388477
104.69473951683793 250.9695637575127
104.69473951683793 252.4693521761777
104.69473951683793 254.3440876995087
104.69473951683793 255.4689290135075
104.69473951683793 256.9687174321723
104.69473951683793 258.8434529555034
105.06968662150416 260.3432413741683
105.06968662150416 261.84302979283325
105.06968662150416 263.3428182114982
105.06968662150416 264.46765952549686
105.81958083083654 265.9674479441618
106.56947504016907 267.8421834674929
106.56947504016907 268.96702478149155
106.94442214483527 270.0918660954902
107.31936924950153 271.2167074094889
107.69431635416771 272.7164958281538
108.81915766816638 273.8413371421525
109.19410477283267 274.96617845615117
110.31894608683135 276.09101977014996
111.44378740083005 277.2158610841486
111.8187345054962 278.71564950281345
112.56862871482869 280.2154379214784
114.06841713349365 282.0901734448096
114.81831134282609 283.5899618634745
115.94315265682474 285.08975028213933
116.69304686615723 286.214591596138
117.44294107548967 287.3394329101367
117.81788818015585 288.46427422413547
118.56778238948837 289.58911553813414
119.31767659882084 290.7139568521328
120.44251791281951 291.8387981661315
121.56735922681801 292.96363948013015
122.31725343615065 294.0884807941288
123.44209475014932 294.4634278987951
124.56693606414782 295.21332210812767
125.69177737814658 295.58826921279376
126.81661869214531 295.96321631746
127.94146000614404 296.3381634221262
129.06630132014277 297.08805763145887
130.19114263414144 297.46300473612484
131.31598394814011 297.46300473612484
132.44082526213882 297.46300473612484
133.5656665761373 297.46300473612484
134.69050789013605 297.46300473612484
135.81534920413478 297.46300473612484
136.9401905181335 297.46300473612484
138.06503183213223 297.46300473612484
139.1898731461309 297.46300473612484
140.3147144601296 297.46300473612484
141.43955577412828 297.46300473612484
142.56439708812678 297.46300473612484
143.31429129745942 296.3381634221262
144.0641855067919 295.21332210812767
144.4391326114581 294.0884807941288
144.81407971612424 292.96363948013015
145.18902682079056 291.8387981661315
145.93892103012297 290.7139568521328
145.93892103012297 289.58911553813414
145.93892103012297 288.46427422413547
145.93892103012297 287.3394329101367
145.93892103012297 286.214591596138
145.93892103012297 285.08975028213933
145.93892103012297 283.96490896814066
146.31386813478923 282.840067654142
147.0637623441217 281.7152263401433
148.18860365812037 281.34027923547706
149.31344497211907 281.34027923547706
150.43828628611774 282.0901734448096
150.43828628611774 283.21501475880825
150.43828628611774 284.3398560728069
150.43828628611774 285.4646973868056
151.56312760011625 286.214591596138
152.31302180944888 286.96448580547064
152.687968914115 285.83964449147186
153.43786312344756 284.7148031774732
153.8128102281137 283.5899618634745
154.56270443744614 282.4651205494757
155.68754575144482 281.7152263401433
156.4374399607774 280.9653321308109
157.18733417010986 279.8404908168121
158.31217548410854 279.4655437121461
159.4370167981072 278.71564950281345
160.5618581121057 277.96575529348104
161.31175232143835 276.84091397948237
162.06164653077082 275.7160726654837
162.81154074010317 274.591231351485
163.56143494943552 273.46639003748635
164.68627626343425 272.7164958281538
165.43617047276663 271.59165451415515
166.56101178676533 270.84176030482274
167.310905996098 269.716918990824
168.43574731009645 268.96702478149155
169.18564151942914 267.8421834674929
170.31048283342784 267.4672363628266
170.31048283342784 266.34239504882794
170.6854299380939 265.21755373482927
171.06037704276028 264.0927124208306
171.4353241474263 262.9678711068319
171.81027125209263 261.84302979283325
172.18521835675898 260.7181884788346
172.560165461425 259.5933471648359
173.31005967075765 258.46850585083723
174.0599538800901 257.34366453683845
174.4349009847561 256.2188232228398
175.1847951940888 255.0939819088411
176.30963650808746 254.3440876995087
178.18437203141863 253.5941934901763
179.30921334541728 253.5941934901763
180.43405465941592 253.2192463855101
181.18394886874842 252.0944050715113
181.18394886874842 250.9695637575127
181.18394886874842 249.84472244351392
181.18394886874842 248.71988112951533
181.18394886874842 247.5950398155167
181.18394886874842 246.47019850151793
180.80900176408213 245.34535718751934
180.05910755474972 244.22051587352053
179.30921334541728 243.47062166418814
178.18437203141863 242.34578035018936
177.80942492675229 241.22093903619074
177.434477822086 240.09609772219216
179.30921334541728 238.59630930352716
179.30921334541728 237.47146798952858
178.93426624075104 236.34662667552976
178.93426624075104 235.22178536153118
178.55931913608464 234.09694404753236
178.55931913608464 232.97210273353377
178.55931913608464 231.847261419535
178.55931913608464 230.7224201055364
177.80942492675229 229.59757879153761
176.68458361275356 228.8476845822052
nb_points_on_contour: 142
256.173369801994 135.4858555203144
255.04852848799533 134.73596131098196
254.29863427866286 133.6111199969833
253.1737929646642 132.86122578765082
252.04895165066551 132.11133157831836
250.92411033666684 131.73638447365212
249.79926902266817 130.98649026431968
248.29948060400324 130.61154315965345
247.17463929000456 130.23659605498722
246.04979797600583 130.23659605498722
244.55000955734096 130.23659605498722
243.42516824334228 129.861648950321
242.30032692934356 129.861648950321
241.17548561534494 129.48670184565475
239.67569719668 129.11175474098854
238.55085588268128 128.7368076363223
237.0510674640164 128.7368076363223
235.55127904535146 128.36186053165608
234.4264377313528 128.36186053165608
233.30159641735412 127.98691342698986
232.1767551033554 127.98691342698986
231.05191378935677 127.98691342698986
229.92707247535805 127.98691342698986
228.80223116135943 127.98691342698986
227.6773898473607 127.98691342698986
226.55254853336197 127.98691342698986
225.0527601146971 127.98691342698986
223.92791880069842 127.98691342698986
222.4281303820335 127.98691342698986
220.9283419633686 127.98691342698986
219.80350064936988 127.98691342698986
218.303712230705 127.98691342698986
216.80392381204013 127.61196632232362
215.3041353933752 127.61196632232362
214.17929407937646 127.61196632232362
213.05445276537785 127.61196632232362
211.92961145137912 127.61196632232362
210.80477013738044 127.61196632232362
209.67992882338177 127.61196632232362
208.55508750938304 127.61196632232362
207.43024619538437 127.61196632232362
206.3054048813857 127.61196632232362
205.18056356738703 127.61196632232362
204.0557222533883 127.61196632232362
202.93088093938968 127.61196632232362
201.80603962539095 127.61196632232362
200.68119831139234 127.98691342698986
199.5563569973936 128.36186053165608
198.05656857872867 128.7368076363223
196.93172726473 128.7368076363223
195.80688595073133 129.48670184565475
194.30709753206642 129.861648950321
192.8073091134015 130.61154315965345
191.30752069473658 130.98649026431968
190.18267938073794 131.73638447365212
189.0578380667392 132.4862786829846
187.9329967527405 132.86122578765082
186.4332083340756 133.23617289231703
185.30836702007696 134.36101420631573
184.18352570607826 135.11090841564817
183.05868439207958 136.23574972964687
182.30879018274712 137.36059104364557
181.18394886874842 138.48543235764424
180.80900176408218 139.61027367164291
180.43405465941598 140.7351149856416
180.43405465941598 141.8599562996403
180.43405465941598 142.984797613639
180.43405465941598 144.10963892763766
180.43405465941598 145.23448024163633
180.43405465941598 146.359321555635
180.43405465941598 147.4841628696337
180.43405465941598 148.6090041836324
180.43405465941598 149.73384549763108
180.43405465941598 150.85868681162975
180.80900176408218 151.98352812562842
181.18394886874842 153.10836943962713
181.55889597341468 154.23321075362583
181.93384307808088 155.3580520676245
182.68373728741332 156.48289338162317
183.43363149674582 157.60773469562184
184.55847281074446 158.3576289049543
185.68331412474316 159.10752311428678
186.4332083340756 160.23236442828545
187.9329967527405 160.98225863761792
189.0578380667392 161.73215284695038
190.55762648540414 162.4820470562828
191.6824677994028 162.85699416094906
192.8073091134015 163.23194126561526
193.9321504274002 163.98183547494773
195.05699174139886 164.35678257961396
196.18183305539753 165.1066767889464
197.30667436939626 165.48162389361266
198.43151568339488 165.48162389361266
199.5563569973936 165.1066767889464
200.68119831139234 164.35678257961396
201.80603962539095 163.6068883702815
202.93088093938968 163.23194126561526
204.0557222533883 162.1070999516166
205.18056356738703 161.35720574228412
206.3054048813857 160.60731153295168
207.43024619538437 159.48247021895298
208.55508750938304 158.73257600962054
209.67992882338177 157.60773469562184
210.80477013738044 157.23278759095564
211.92961145137912 156.48289338162317
213.05445276537785 156.10794627695694
214.17929407937646 155.3580520676245
215.3041353933752 154.98310496295827
216.80392381204013 154.23321075362583
217.92876512603874 153.85826364895956
219.42855354470368 153.85826364895956
220.9283419633686 153.48331654429336
222.05318327736728 153.10836943962713
223.17802459136595 153.10836943962713
224.6778130100309 152.7334223349609
225.80265432402956 152.7334223349609
226.92749563802823 152.3584752302947
228.0523369520269 151.98352812562842
229.17717826602563 151.60858102096222
230.67696668469057 151.233633916296
232.1767551033554 150.48373970696355
233.30159641735412 149.73384549763108
234.80138483601905 149.35889839296485
236.30117325468393 148.9839512882986
237.80096167334887 148.23405707896615
239.67569719668 147.4841628696337
241.17548561534494 147.10921576496747
242.67527403400982 146.359321555635
244.1750624526747 145.60942734630257
245.29990376667342 145.23448024163633
246.79969218533836 144.48458603230387
247.92453349933697 144.10963892763766
249.0493748133357 143.73469182297143
250.17421612733438 143.73469182297143
251.29905744133305 143.3597447183052
252.04895165066551 142.23490340430652
253.1737929646642 141.48500919497405
253.92368717399665 140.36016788097538
255.04852848799533 139.61027367164291
255.7984226973278 138.48543235764424
256.5483169066602 137.36059104364557
256.5483169066602 136.23574972964687
slice_number: 12
nb_points_on_contour: 141
190.93257359007035 236.34662667552973
190.93257359007035 235.22178536153106
190.93257359007035 234.09694404753236
189.80773227607165 232.9721027335337
188.682890962073 231.847261419535
187.5580496480743 231.47231431486875
186.4332083340756 230.72242010553632
185.30836702007696 230.72242010553632
184.18352570607826 230.34747300087008
183.05868439207958 229.97252589620382
181.93384307808088 229.59757879153761
180.43405465941598 229.59757879153761
178.93426624075104 229.59757879153761
177.80942492675237 229.22263168687138
175.93468940342123 229.22263168687138
174.80984808942256 229.22263168687138
173.68500677542386 229.22263168687138
172.56016546142519 229.22263168687138
171.4353241474265 229.22263168687138
169.93553572876158 229.22263168687138
168.43574731009667 229.22263168687138
167.310905996098 229.22263168687138
165.8111175774331 229.22263168687138
164.6862762634344 229.22263168687138
163.56143494943572 229.22263168687138
162.43659363543705 229.22263168687138
161.31175232143835 229.97252589620382
160.18691100743968 229.97252589620382
158.68712258877474 230.72242010553632
157.18733417010986 231.09736721020252
155.68754575144493 231.47231431486875
154.56270443744626 231.847261419535
153.43786312344756 232.2222085242012
151.93807470478265 232.9721027335337
150.43828628611774 233.72199694286613
149.31344497211907 234.09694404753236
148.18860365812037 234.8468382568648
146.68881523945547 235.59673246619727
145.18902682079056 236.34662667552973
144.0641855067919 237.09652088486217
142.56439708812695 237.84641509419464
141.06460866946205 238.9712564081933
139.93976735546335 240.096097722192
138.81492604146467 240.84599193152445
137.31513762279977 241.97083324552312
136.1902963088011 243.47062166418806
135.81534920413483 244.59546297818673
135.81534920413483 245.72030429218543
135.81534920413483 246.8451456061841
135.44040209946863 247.9699869201828
135.44040209946863 249.09482823418148
135.44040209946863 250.21966954818018
135.44040209946863 251.34451086217885
135.44040209946863 252.46935217617755
135.81534920413483 253.59419349017622
136.1902963088011 254.7190348041749
136.5652434134673 255.84387611817357
137.31513762279977 256.96871743217224
137.690084727466 258.09355874617097
138.81492604146467 259.21840006016964
139.1898731461309 260.3432413741683
140.3147144601296 261.84302979283325
141.06460866946205 262.9678711068319
142.18944998346075 264.0927124208306
143.31429129745942 264.842606630163
144.81407971612433 265.59250083949553
145.938921030123 266.34239504882794
147.0637623441217 266.7173421534942
148.18860365812037 267.4672363628266
148.18860365812037 268.59207767682534
148.18860365812037 269.716918990824
148.18860365812037 270.84176030482274
148.18860365812037 271.9666016188214
148.18860365812037 273.0914429328201
148.18860365812037 274.21628424681876
148.18860365812037 275.34112556081743
148.18860365812037 276.84091397948237
148.5635507627866 277.96575529348104
149.31344497211907 279.0905966074797
150.06333918145154 280.59038502614465
150.81323339078395 281.7152263401433
150.81323339078395 282.840067654142
150.81323339078395 283.96490896814066
151.1881804954502 285.08975028213933
151.56312760011642 286.214591596138
152.68796891411512 286.96448580547053
153.8128102281138 286.96448580547053
154.93765154211246 286.96448580547053
156.06249285611116 286.96448580547053
157.56228127477607 286.96448580547053
158.68712258877474 286.96448580547053
159.81196390277344 286.96448580547053
160.93680521677211 286.96448580547053
162.06164653077082 286.96448580547053
163.56143494943572 286.58953870080427
164.6862762634344 285.83964449147186
166.18606468209933 285.08975028213933
167.68585310076423 284.3398560728069
168.8106944147629 283.58996186347446
169.56058862409537 282.4651205494757
170.68542993809405 281.7152263401433
171.06037704276028 280.59038502614465
171.81027125209272 279.465543712146
172.93511256609142 278.71564950281345
173.31005967075765 277.5908081888148
174.43490098475633 276.0910197701499
175.1847951940888 274.96617845615117
175.55974229875503 273.8413371421525
176.6845836127537 273.0914429328201
177.43447782208617 271.9666016188214
178.55931913608484 270.84176030482274
179.30921334541728 269.716918990824
179.68416045008354 268.59207767682534
180.05910755474974 267.4672363628266
181.18394886874842 266.7173421534942
181.93384307808088 265.59250083949553
183.05868439207958 264.4676595254968
183.80857860141202 263.3428182114982
184.18352570607826 262.21797689749945
184.18352570607826 261.0931355835008
184.93341991541072 259.96829426950205
185.30836702007696 258.8434529555034
185.30836702007696 257.34366453683845
186.0582612294094 256.2188232228398
186.4332083340756 255.0939819088411
187.1831025434081 253.96914059484243
187.9329967527405 252.84429928084376
188.3079438574068 251.34451086217885
189.0578380667392 250.21966954818018
189.80773227607165 249.09482823418148
190.55762648540414 247.9699869201828
191.30752069473658 246.8451456061841
191.6824677994028 245.72030429218543
191.6824677994028 244.59546297818673
191.6824677994028 243.47062166418806
191.6824677994028 242.34578035018936
191.6824677994028 241.22093903619069
191.6824677994028 240.096097722192
191.6824677994028 238.9712564081933
191.6824677994028 237.84641509419464
191.6824677994028 236.72157378019594
slice_number: 13
nb_points_on_contour: 156
193.18225621806772 241.22093903619074
192.8073091134015 240.09609772219207
192.05741490406905 238.97125640819334
190.9325735900703 238.22136219886093
190.18267938073794 237.09652088486217
189.43278517140544 235.97167957086356
188.3079438574068 235.22178536153112
187.1831025434081 234.09694404753236
186.0582612294094 233.72199694286618
184.93341991541072 232.97210273353375
183.80857860141197 232.2222085242012
182.68373728741332 231.09736721020258
181.55889597341468 230.34747300087014
180.05910755474972 229.59757879153761
178.93426624075104 229.22263168687138
177.8094249267523 228.8476845822052
176.68458361275364 228.8476845822052
175.1847951940888 228.8476845822052
174.0599538800901 228.8476845822052
172.93511256609136 228.8476845822052
171.81027125209266 228.8476845822052
170.685429938094 228.8476845822052
169.56058862409532 228.8476845822052
168.43574731009662 228.8476845822052
167.310905996098 228.8476845822052
166.18606468209933 228.8476845822052
165.06122336810063 228.8476845822052
163.9363820541019 228.8476845822052
162.8115407401032 229.22263168687138
161.68669942610452 229.22263168687138
160.56185811210585 229.22263168687138
159.4370167981072 229.97252589620382
158.31217548410854 231.09736721020258
157.562281274776 232.2222085242012
156.81238706544354 233.34704983819995
155.68754575144487 234.09694404753236
154.93765154211243 235.22178536153112
154.5627044374462 236.34662667552976
153.81281022811373 237.4714679895285
153.06291601878135 238.59630930352714
152.68796891411506 239.72115061752575
152.31302180944888 240.8459919315245
151.56312760011636 241.97083324552312
151.56312760011636 243.09567455952188
151.93807470478262 244.22051587352053
153.06291601878135 244.59546297818673
153.81281022811373 245.7203042921855
154.5627044374462 246.84514560618413
154.93765154211243 247.96998692018286
155.68754575144487 249.0948282341815
156.81238706544354 250.21966954818024
156.81238706544354 251.3445108621789
156.81238706544354 252.4693521761776
155.68754575144487 252.4693521761776
154.93765154211243 253.59419349017628
153.81281022811373 253.59419349017628
152.68796891411506 253.59419349017628
151.56312760011636 253.59419349017628
150.43828628611774 253.59419349017628
149.31344497211907 253.59419349017628
148.18860365812037 253.59419349017628
147.0637623441217 253.9691405948425
146.31386813478923 255.0939819088411
145.93892103012297 256.2188232228398
145.93892103012297 257.34366453683845
145.93892103012297 258.46850585083723
146.31386813478923 259.96829426950205
146.6888152394554 261.09313558350084
147.0637623441217 262.21797689749945
147.0637623441217 263.3428182114982
147.0637623441217 264.46765952549686
147.0637623441217 265.59250083949553
147.0637623441217 266.7173421534942
147.0637623441217 267.8421834674929
147.0637623441217 268.96702478149155
147.0637623441217 270.0918660954902
147.0637623441217 271.59165451415515
146.6888152394554 272.7164958281538
146.6888152394554 273.8413371421525
146.6888152394554 274.96617845615117
146.6888152394554 276.09101977014996
146.6888152394554 277.2158610841486
146.6888152394554 278.3407023981473
146.6888152394554 279.4655437121461
146.6888152394554 280.9653321308109
146.6888152394554 282.0901734448096
147.0637623441217 283.21501475880825
147.43870944878793 284.7148031774732
148.18860365812037 286.214591596138
148.18860365812037 287.3394329101367
148.18860365812037 288.46427422413547
148.18860365812037 289.58911553813414
148.93849786745278 291.0889039567991
149.68839207678522 292.21374527079774
150.43828628611774 293.3385865847964
151.1881804954502 294.4634278987951
152.31302180944888 295.2133221081276
153.43786312344756 295.96321631746
154.5627044374462 295.96321631746
155.68754575144487 295.96321631746
156.81238706544354 295.2133221081276
157.562281274776 294.0884807941288
158.68712258877468 293.71353368946257
159.81196390277339 292.96363948013015
160.9368052167721 292.5886923754639
162.06164653077082 291.8387981661315
163.18648784476952 291.4638510614652
164.3113291587682 290.7139568521328
165.4361704727668 289.9640626428003
166.56101178676548 289.2141684334679
167.6858531007642 287.71438001480294
167.6858531007642 286.58953870080427
168.06080020543047 285.4646973868056
168.43574731009664 284.3398560728069
168.81069441476288 283.21501475880825
169.18564151942914 282.0901734448096
170.31048283342784 281.34027923547706
170.68542993809402 280.2154379214784
171.43532414742648 279.0905966074797
172.18521835675898 277.96575529348104
173.31005967075765 276.84091397948237
174.80984808942253 275.7160726654837
175.9346894034212 274.96617845615117
177.05953071741993 274.21628424681876
178.18437203141863 273.46639003748635
179.30921334541728 273.0914429328201
179.30921334541728 271.9666016188214
179.68416045008348 270.84176030482274
179.68416045008348 269.716918990824
179.68416045008348 268.5920776768254
180.05910755474972 267.4672363628266
181.18394886874842 267.0922892581604
181.93384307808088 265.96744794416173
183.05868439207958 265.21755373482927
184.18352570607826 264.4676595254968
185.30836702007696 263.71776531616433
186.4332083340756 262.9678711068319
187.1831025434081 261.84302979283325
188.3079438574068 261.468082688167
189.0578380667392 260.3432413741683
190.18267938073794 259.21840006016964
191.30752069473658 258.4685058508372
191.6824677994028 257.34366453683845
192.8073091134015 256.59377032750604
193.18225621806772 255.46892901350736
193.18225621806772 254.34408769950866
193.18225621806772 253.21924638551
193.18225621806772 252.0944050715113
193.18225621806772 250.96956375751262
192.43236200873528 249.84472244351392
191.68246779940273 248.34493402484907
191.68246779940273 247.2200927108503
191.68246779940273 246.09525139685172
192.05741490406905 244.97041008285305
192.8073091134015 243.84556876885432
193.18225621806772 242.72072745485568
label: bronchiectasis
localisation: non-relevant
slice_number: 19
nb_points_on_contour: 5
99.45703125 228.4628906
172.2480469 260.1738281
144.8613281 322.875
110.2675781 317.109375
72.0703125 285.3984375
label: healthy
localisation: non-relevant
slice_number: 19
nb_points_on_contour: 5
275.3085938 179.4550781
221.2558594 251.5253906
230.625 298.3710938
279.6328125 308.4609375
314.2265625 252.2460938
