Study: 1.2.840.113619.2.30.1.1762288805.2025.1109314154.342
Series: 1.2.840.113619.2.30.1.1762288805.2025.1109314154.346
SpacingX: 0.632812
SpacingY: 0.632812
SpacingZ: 10.0

label: micronodules
localisation: non-relevant
slice_number: 8
nb_points_on_contour: 54
206.91057131540302 106.27853187700435
206.1142446490565 106.01308965488886
205.05247576059452 106.01308965488886
203.99070687213256 106.01308965488886
203.1943802057861 106.01308965488886
202.3980535394396 106.27853187700435
201.60172687309313 106.54397409911984
200.53995798463114 107.07485854335081
199.74363131828466 107.60574298758182
198.41642020770718 108.1366274318128
197.08920909712973 109.19839632027478
196.29288243078324 110.26016520873675
195.76199798655225 111.32193409719874
195.49655576443678 112.11826076354521
195.49655576443678 113.18002965200719
195.49655576443678 113.97635631835368
195.76199798655225 115.30356742893115
196.5583246528987 116.09989409527762
197.35465131924522 116.89622076162411
198.1509779855917 117.95798965008609
199.2127468740537 118.22343187220157
200.00907354040015 119.01975853854806
200.80540020674664 119.28520076066357
201.60172687309313 119.55064298277905
202.9289379836706 120.08152742701004
203.72526465001707 120.34696964912553
204.52159131636355 120.34696964912553
205.58336020482554 120.87785409335652
206.379686871172 120.87785409335652
207.44145575963398 120.87785409335652
208.23778242598047 121.14329631547201
209.56499353655795 121.40873853758751
210.36132020290444 121.40873853758751
211.1576468692509 121.40873853758751
211.95397353559738 121.40873853758751
212.7503002019439 121.40873853758751
213.54662686829036 121.40873853758751
214.34295353463685 120.61241187124102
215.1392802009833 120.08152742701004
215.40472242309883 119.01975853854806
215.40472242309883 118.22343187220157
215.40472242309883 117.1616629837396
215.1392802009833 116.36533631739312
214.34295353463685 115.56900965104663
213.81206909040583 114.50724076258466
213.28118464617486 113.71091409623818
212.48485797982838 112.6491452077762
211.68853131348192 111.32193409719874
210.89220464713543 110.26016520873675
210.62676242501993 109.46383854239028
209.83043575867345 108.93295409815929
209.034109092327 108.4020696539283
208.50322464809597 107.60574298758182
207.70689798174948 107.07485854335081
nb_points_on_contour: 41
242.21438685676372 152.4654785251003
241.15261796830174 152.2000363029848
240.35629130195528 152.2000363029848
239.2945224134933 152.2000363029848
237.96731130291582 152.2000363029848
236.90554241445386 152.9963629693313
236.10921574810735 153.5272474135623
235.3128890817609 154.32357407990878
234.5165624154144 155.11990074625527
233.98567797118343 156.18166963471725
233.45479352695241 157.5088807452947
233.18935130483692 158.83609185587218
233.18935130483692 159.63241852221867
233.18935130483692 160.69418741068063
233.45479352695241 161.49051407702711
234.2511201932989 162.5522829654891
235.3128890817609 163.3486096318356
236.10921574810735 163.87949407606658
237.17098463656933 164.41037852029757
237.96731130291582 164.94126296452856
239.2945224134933 165.47214740875953
240.62173352407078 166.00303185299055
241.94894463464823 166.00303185299055
243.2761557452257 166.00303185299055
244.3379246336877 166.00303185299055
245.13425130003418 165.47214740875953
245.93057796638064 164.94126296452856
246.46146241061166 164.14493629818207
247.25778907695812 163.3486096318356
247.5232312990736 162.5522829654891
247.7886735211891 161.49051407702711
247.7886735211891 160.69418741068063
247.7886735211891 159.89786074433414
247.5232312990736 158.3052074116412
247.25778907695812 157.5088807452947
246.72690463272713 156.71255407894824
245.93057796638064 155.38534296837076
245.66513574426514 154.58901630202428
244.86880907791866 153.7926896356778
244.0724824115722 152.9963629693313
243.2761557452257 152.4654785251003
nb_points_on_contour: 34
256.01738240676946 189.62738962126951
255.22105574042294 189.36194739915402
254.42472907407645 188.56562073280753
253.62840240772996 188.56562073280753
252.56663351926798 188.56562073280753
251.77030685292155 188.56562073280753
250.70853796445957 188.83106295492303
249.64676907599758 189.09650517703852
248.85044240965107 189.62738962126951
248.3195579654201 190.423716287616
248.3195579654201 191.485485176078
248.3195579654201 192.54725406453997
248.3195579654201 193.34358073088646
248.3195579654201 194.1399073972329
248.3195579654201 195.20167628569487
248.3195579654201 196.26344517415686
248.3195579654201 197.05977184050334
248.85044240965107 197.85609850684983
249.64676907599758 198.12154072896533
250.44309574234407 198.12154072896533
251.50486463080605 198.12154072896533
252.30119129715249 198.12154072896533
253.09751796349897 198.12154072896533
253.89384462984546 197.85609850684983
254.69017129619195 197.32521406261884
255.48649796253844 196.52888739627235
256.54826685100045 195.99800295204136
257.3445935173469 195.20167628569487
258.1409201836934 194.67079184146388
258.93724685003986 193.8744651751174
258.93724685003986 193.0781385087709
258.93724685003986 192.28181184242442
258.40636240580886 191.22004295396243
257.8754779615779 190.1582740655005
nb_points_on_contour: 48
214.8738379788678 213.25174738954848
214.07751131252135 212.455420723202
213.01574242405937 212.1899785010865
212.21941575771288 211.924536278971
211.1576468692509 211.6590940568555
210.0958779807889 211.39365183474
209.29955131444245 211.12820961262452
208.50322464809597 211.12820961262452
207.70689798174948 211.12820961262452
206.91057131540302 211.12820961262452
205.84880242694103 211.12820961262452
204.78703353847905 211.12820961262452
203.99070687213256 211.39365183474
203.1943802057861 211.924536278971
202.9289379836706 212.7208629453175
202.13261131732412 213.78263183377948
201.60172687309313 214.84440072224146
201.60172687309313 215.90616961070344
201.07084242886214 216.96793849916543
201.07084242886214 217.76426516551192
200.80540020674664 218.82603405397384
200.80540020674664 219.62236072032033
200.80540020674664 220.6841296087823
201.3362846509776 221.4804562751288
202.13261131732412 222.54222516359079
202.9289379836706 223.07310960782178
203.72526465001707 223.33855182993727
205.05247576059452 223.86943627416827
205.84880242694103 224.40032071839926
206.91057131540302 224.66576294051475
207.70689798174948 224.66576294051475
208.76866687021146 224.66576294051475
209.56499353655795 224.66576294051475
210.36132020290444 224.66576294051475
211.4230890913664 224.13487849628376
212.7503002019439 223.33855182993727
213.54662686829036 222.54222516359079
214.34295353463685 221.7458984972443
214.34295353463685 220.9495718308978
214.60839575675234 219.62236072032033
214.60839575675234 218.82603405397384
214.60839575675234 218.02970738762735
214.60839575675234 217.23338072128087
214.60839575675234 216.43705405493438
215.40472242309883 215.37528516647245
215.67016464521433 214.57895850012596
215.9356068673298 213.78263183377948
215.67016464521433 212.986305167433
slice_number: 9
nb_points_on_contour: 268
268.2954847454488 142.60013243172585
267.29296886909583 141.59761655537292
266.62462495152727 140.59510067902
265.28793711639 138.92424088509847
263.6170773224685 137.25338109117695
262.61456144611554 136.25086521482402
261.6120455697626 134.91417737968675
260.27535773462546 133.91166150333385
259.2728418582725 132.5749736681966
257.93615402313526 130.90411387427508
255.93112227042943 129.23325408035356
255.2627783528608 128.23073820400063
253.92609051772357 127.562394286432
252.58940268258638 126.55987841007911
251.25271484744914 125.55736253372618
249.58185505352756 124.55484665737323
248.57933917717466 123.88650273980463
246.90847938325314 123.21815882223602
245.5717915481159 122.21564294588309
243.90093175419432 121.54729902831448
242.56424391905713 121.21312706953019
240.89338412513555 120.54478315196155
239.5566962899983 119.87643923439296
238.22000845486107 119.20809531682433
237.21749257850823 118.53975139925572
236.21497670215527 117.8714074816871
234.87828886701803 117.20306356411848
233.87577299066507 116.8688916053342
232.87325711431222 116.20054768776558
231.53656927917498 115.53220377019696
230.19988144403774 115.19803181141265
229.19736556768484 114.52968789384403
227.52650577376332 113.8613439762754
225.8556459798418 112.85882809992249
224.51895814470456 112.5246561411382
223.18227030956731 112.19048418235388
221.1772385568614 111.52214026478526
219.1722068041556 111.18796830600095
217.8355189690184 110.51962438843233
215.83048721631255 110.18545242964802
214.82797133995965 109.18293655329512
213.15711154603812 109.18293655329512
212.15459566968516 108.8487645945108
211.1520797933322 108.18042067694219
210.1495639169793 107.84624871815788
208.81287608184212 107.51207675937357
207.81036020548916 107.17790480058926
206.8078443291362 106.50956088302067
205.8053284527833 106.17538892423636
204.8028125764304 105.84121696545205
203.8002967000775 105.50704500666774
202.46360886494026 105.17287304788343
201.4610929885873 105.17287304788343
200.12440515345006 104.8387010890991
199.1218892770972 104.8387010890991
197.45102948317563 104.8387010890991
196.44851360682273 104.8387010890991
195.44599773046977 104.8387010890991
194.4434818541169 104.8387010890991
193.10679401897966 105.17287304788343
191.77010618384242 105.50704500666774
190.0992463899209 106.50956088302067
188.42838659599934 107.17790480058926
187.4258707196464 107.51207675937357
186.42335484329348 108.18042067694219
185.42083896694058 109.51710851207943
184.75249504937193 110.51962438843233
184.41832309058765 111.52214026478526
183.74997917301906 112.5246561411382
183.74997917301906 113.52717201749113
183.74997917301906 115.53220377019696
184.41832309058765 117.20306356411848
185.08666700815627 118.87392335804003
185.7550109257249 119.87643923439296
187.7600426784307 122.21564294588309
189.43090247235224 123.21815882223602
191.10176226627377 124.55484665737323
192.438450101411 125.22319057494187
194.4434818541169 126.55987841007911
196.11434164803842 126.89405036886339
197.78520144195997 127.89656624521632
199.1218892770972 128.56491016278494
200.79274907101873 129.23325408035356
201.79526494737163 129.56742603913784
202.79778082372454 130.2357699567065
203.8002967000775 130.90411387427508
205.47115649399902 131.906629750628
206.47367237035192 131.906629750628
207.81036020548916 132.90914562698094
208.81287608184212 133.24331758576525
211.1520797933322 134.91417737968675
212.15459566968516 135.2483493384711
213.15711154603812 135.9166932560397
214.82797133995965 136.9192091323926
216.16465917509683 137.25338109117695
218.50386288658697 138.92424088509847
219.50637876293993 139.92675676145137
220.50889463929283 141.2634445965886
221.1772385568614 142.60013243172585
222.17975443321436 143.9368202668631
222.84809835078298 144.939336143216
223.5164422683516 146.61019593713752
224.51895814470456 147.94688377227476
225.5214740210574 149.283571607412
227.19233381497898 151.62277531890214
228.19484969133183 152.95946315403938
229.53153752646907 154.29615098917662
230.53405340282208 155.6328388243138
230.8682253616063 156.63535470066677
231.53656927917498 157.63787057701967
232.53908515552789 158.9745584121569
232.87325711431222 159.97707428850984
233.54160103188084 160.97959016486277
234.54411690823375 162.31627799999995
235.2124608258023 163.98713779392153
235.880804743371 164.9896536702744
236.5491486609395 166.32634150541168
236.8833206197239 167.32885738176458
237.21749257850823 168.3313732581175
237.88583649607673 170.00223305203906
239.22252433121398 173.0097806810978
239.8908682487827 174.34646851623506
240.89338412513555 176.35150026894087
241.2275560839199 177.35401614529383
242.56424391905713 180.02739181556825
243.23258783662575 181.69825160948977
244.23510371297866 183.034939444627
244.23510371297866 184.03745532097992
244.23510371297866 185.70831511490147
244.23510371297866 187.0450029500387
244.23510371297866 188.71586274396026
243.56675979540998 190.38672253788172
243.0655018572336 192.0575823318033
242.56424391905713 193.72844212572485
242.23007196027274 194.73095800207773
241.8959000014885 195.7334738784307
241.56172804270423 197.40433367235224
240.89338412513555 198.4068495487051
240.55921216635127 199.40936542505807
239.8908682487827 201.0802252189796
238.88835237242975 202.08274109533252
237.71875051668465 203.5865149098619
236.5491486609395 205.09028872439126
235.54663278458665 206.42697655952853
234.20994494944946 207.42949243588146
232.87325711431222 209.10035222980298
231.53656927917498 209.76869614737157
229.86570948525346 210.4370400649402
228.52902165011622 210.7712120237245
226.5239898974103 211.43955594129312
225.5214740210574 211.43955594129312
223.5164422683516 211.43955594129312
221.5114105156458 211.43955594129312
220.17472268050855 211.43955594129312
218.50386288658697 211.10538398250884
216.8330030926654 210.7712120237245
215.83048721631255 210.7712120237245
213.4912835048224 210.7712120237245
212.15459566968516 210.7712120237245
210.1495639169793 211.27246996190098
208.14453216427344 211.77372790007743
207.14201628792054 211.77372790007743
206.13950041156764 212.1078998588617
205.13698453521468 212.44207181764605
203.29903876190102 212.9433297558225
201.4610929885873 213.44458769399893
200.4585771122344 213.7787596527833
199.4560612358815 214.44710357035186
196.44851360682273 215.78379140548913
195.78016968925408 216.78630728184206
194.4434818541169 217.78882315819496
193.77513793654825 219.12551099333217
192.77262206019535 219.79385491090082
192.10427814262673 221.13054274603803
191.77010618384242 222.46723058117524
191.4359342250581 224.13809037509682
191.4359342250581 225.80895016901832
191.77010618384242 226.81146604537125
192.10427814262673 228.1481538805085
193.44096597776394 230.15318563321435
194.4434818541169 230.8215295507829
196.11434164803842 231.15570150956725
197.45102948317563 231.15570150956725
198.78771731831287 231.15570150956725
200.12440515345006 232.15821738592018
202.79778082372454 233.1607332622731
203.8002967000775 233.1607332622731
206.47367237035192 234.16324913862599
207.47618824670488 234.83159305619463
209.81539195819497 235.49993697376325
210.81790783454792 235.49993697376325
211.82042371090088 235.83410893254757
212.82293958725373 236.50245285011616
213.8254554636067 236.50245285011616
216.16465917509683 236.8366248089005
217.50134701023407 237.5049687264691
219.1722068041556 237.5049687264691
220.84306659807706 237.5049687264691
223.18227030956731 237.5049687264691
225.5214740210574 237.5049687264691
226.5239898974103 237.5049687264691
227.52650577376332 237.5049687264691
229.36445154707698 237.5049687264691
231.20239732039065 237.5049687264691
232.53908515552789 237.17079676768478
233.54160103188084 236.16828089133185
235.54663278458665 234.83159305619463
237.71875051668465 233.32781924166525
239.8908682487827 231.82404542713584
241.56172804270423 229.81901367443004
242.89841587784142 228.48232583929283
243.90093175419432 227.81398192172418
245.07053360993936 226.47729408658697
246.24013546568452 225.14060625144973
247.57682330082164 223.80391841631246
249.08059711535103 221.79888666360665
250.5843709298804 219.79385491090082
251.92105876501765 217.95590913758713
253.25774660015495 216.11796336427344
253.92609051772357 215.11544748792056
254.92860639407647 214.78127552913622
256.26529422921374 214.78127552913622
257.601982064351 214.11293161156763
258.60449794070394 213.44458769399898
259.6070138170568 212.7762437764304
260.60952969340974 212.44207181764608
261.6120455697626 211.43955594129315
262.61456144611554 210.77121202372456
263.6170773224685 210.10286810615594
263.9512492812528 208.7661802710187
264.95376515760574 207.7636643946658
264.95376515760574 206.76114851831287
264.95376515760574 205.75863264195993
265.28793711639 204.75611676560703
265.6221090751743 203.7536008892541
265.9562810339586 202.41691305411686
266.29045299274287 201.41439717776393
266.29045299274287 200.41188130141103
267.6271408278801 198.07267758992083
268.62965670423307 196.06764583721497
269.63217258058603 194.2297000639013
270.6346884569389 192.39175429058758
271.30303237450755 191.3892384142347
272.47263423025265 189.38420666152885
273.64223608599775 187.379174908823
273.64223608599775 186.37665903247012
273.64223608599775 183.53619738280346
273.64223608599775 180.69573573313687
273.64223608599775 179.3590478979996
273.64223608599775 177.18693016590169
273.64223608599775 175.01481243380366
273.64223608599775 174.01229655745072
273.1409781478212 171.67309284596058
272.6397202096448 169.33388913447044
272.13846227146826 167.32885738176458
271.63720433329183 165.32382562905872
271.30303237450755 162.98462191756855
270.6346884569389 160.81250418547057
269.9663445393703 158.64038645337257
269.29800062180163 156.63535470066677
268.62965670423307 154.6303229479609
267.29296886909583 151.62277531890214
267.29296886909583 150.62025944254924
266.95879691031155 149.6177435661963
266.95879691031155 148.61522768984338
266.62462495152727 146.27602397835324
265.9562810339586 143.60264830807876
265.6221090751743 142.60013243172585
nb_points_on_contour: 539
128.9457779323929 108.5145926357265
127.27491813847138 108.18042067694219
126.27240226211843 107.84624871815788
124.6015424681969 107.84624871815788
122.93068267427535 107.51207675937357
121.59399483913812 107.51207675937357
120.59147896278517 107.51207675937357
119.58896308643229 107.51207675937357
118.58644721007934 107.51207675937357
117.58393133372643 107.51207675937357
116.58141545737351 107.51207675937357
115.91307153980492 106.50956088302067
114.91055566345197 105.84121696545205
113.90803978709906 105.17287304788343
112.90552391074608 104.50452913031481
111.90300803439322 103.83618521274619
110.90049215804025 103.1678412951776
109.89797628168728 102.83366933639329
108.89546040533442 102.83366933639329
107.89294452898145 102.83366933639329
106.89042865262859 102.83366933639329
105.88791277627561 102.83366933639329
104.88539689992272 102.83366933639329
103.54870906478547 102.83366933639329
102.54619318843257 102.83366933639329
101.75291685293048 103.76380970351676
101.75291685293048 104.47353659195898
101.75291685293048 105.1832634804012
101.75291685293048 105.89299036884341
101.75291685293048 106.60271725728563
101.75291685293048 107.31244414572787
101.75291685293048 108.02217103417009
101.75291685293048 108.7318979226123
101.75291685293048 109.44162481105452
101.51634122344973 110.15135169949674
101.51634122344973 110.86107858793898
101.27976559396899 111.5708054763812
100.80661433500751 112.51710799430415
100.09688744656529 113.22683488274637
99.62373618760381 113.9365617711886
99.15058492864233 114.64628865963081
98.44085804020011 114.88286428911155
97.49455552227714 115.35601554807303
96.78482863383493 115.82916680703451
96.07510174539271 116.06574243651525
95.36537485695048 116.53889369547673
94.65564796850826 117.01204495443821
93.94592108006604 117.48519621339969
93.23619419162384 117.72177184288043
92.5264673031816 117.72177184288043
91.81674041473939 117.72177184288043
91.10701352629717 117.72177184288043
90.39728663785493 117.72177184288043
89.68755974941271 117.72177184288043
88.74125723148975 117.72177184288043
87.7949547135668 117.48519621339969
87.08522782512458 117.24862058391895
86.13892530720162 117.01204495443821
85.4291984187594 116.53889369547673
84.71947153031716 116.30231806599599
84.00974464187496 116.06574243651525
83.30001775343273 115.82916680703451
82.16170370258969 115.53220377019696
81.15918782623667 115.53220377019696
79.48832803231518 115.53220377019696
78.15164019717793 115.53220377019696
77.14912432082511 115.53220377019696
76.1466084444721 115.53220377019696
75.14409256811916 115.53220377019696
74.14157669176623 115.86637572898127
73.13906081541333 116.8688916053342
72.1365449390604 117.53723552290279
71.1340290627075 118.53975139925572
70.4656851451389 119.54226727560862
69.46316926878595 120.21061119317726
68.46065339243307 121.21312706953019
67.79230947486445 122.54981490466741
66.7897935985115 123.21815882223602
65.78727772215856 123.88650273980463
64.78476184580566 124.88901861615756
64.11641792823704 125.89153449251049
63.113902051884175 126.55987841007911
62.111386175531244 127.56239428643198
61.77721421674694 128.56491016278494
61.44304225796262 129.56742603913784
61.44304225796262 130.5699419154908
61.10887029917832 131.5724577918437
61.10887029917832 133.57748954454956
60.106354422825405 134.91417737968675
59.438010505256784 135.9166932560397
58.43549462890387 136.9192091323926
57.76715071133525 137.9217250087455
56.76463483498233 139.25841284388278
56.09629091741374 140.2609287202357
55.4279469998451 141.59761655537292
55.09377504106078 142.60013243172585
54.42543112349218 143.60264830807876
53.75708720592356 145.27350810200028
53.422915247139244 146.27602397835324
52.75457132957055 147.61271181349048
52.42039937078633 148.61522768984338
51.752055453217636 150.2860874837649
51.08371153564906 151.62277531890214
50.74953957686472 152.95946315403938
50.08119565929614 153.96197903039229
49.747023700511846 155.29866686552953
49.078679782943226 156.96952665945105
48.4103358653746 158.3062144945883
47.74199194780597 159.64290232972553
47.74199194780597 160.64541820607843
47.74199194780597 161.64793408243133
47.74199194780597 162.65044995878426
47.74199194780597 163.6529658351372
47.74199194780597 164.65548171149015
47.74199194780597 165.99216954662734
47.74199194780597 167.32885738176458
47.74199194780597 168.3313732581175
47.74199194780597 169.33388913447044
47.74199194780597 170.67057696960768
47.74199194780597 172.00726480474492
47.74199194780597 173.00978068109782
47.74199194780597 174.34646851623506
47.74199194780597 175.34898439258797
47.40781998902168 176.35150026894087
47.40781998902168 177.35401614529383
47.40781998902168 178.35653202164673
47.40781998902168 179.35904789799957
47.40781998902168 180.69573573313687
47.40781998902168 181.69825160948972
47.40781998902168 182.70076748584273
47.40781998902168 183.70328336219558
47.40781998902168 185.37414315611716
47.40781998902168 186.37665903247012
47.40781998902168 187.71334686760724
47.40781998902168 189.05003470274454
47.40781998902168 190.05255057909739
47.40781998902168 191.38923841423468
47.74199194780597 192.7259262493718
48.07616390659026 194.0626140845091
49.078679782943226 197.07016171356793
49.412851741727515 198.40684954870505
49.747023700511846 199.40936542505807
50.08119565929614 201.08022521897965
50.91662555625689 202.91817099229326
51.752055453217636 204.75611676560703
52.42039937078633 206.09280460074427
53.088743288354934 207.76366439466574
54.09125916470785 209.76869614737154
55.4279469998451 212.33068116471787
56.76463483498233 214.8926661820642
58.101322670119536 217.4546511994106
58.769666587688164 219.45968295211645
60.106354422825405 221.13054274603792
61.10887029917832 224.13809037509685
62.445558134315554 224.13809037509685
63.782245969452774 224.13809037509685
65.45310576337428 224.13809037509685
66.45562163972721 224.13809037509685
67.79230947486445 223.8039184163125
69.46316926878595 223.8039184163125
71.1340290627075 223.46974645752823
73.13906081541333 222.8014025399596
75.14409256811916 222.46723058117527
76.81495236204077 222.13305862239105
78.48581215596226 221.7988866636067
80.15667194988376 221.1305427460381
81.82753174380535 220.46219882846947
83.1642195789426 220.12802686968513
84.16673545529558 220.12802686968513
85.50342329043282 220.12802686968513
86.84011112557005 219.79385491090085
87.842627001923 219.45968295211662
89.17931483706026 219.45968295211662
90.18183071341318 219.45968295211662
91.5185185485504 219.12551099333223
92.5210344249033 218.4571670757636
93.52355030125624 218.12299511697933
94.8602381363935 217.4546511994107
96.19692597153072 217.12047924062642
97.53361380666794 216.78630728184208
98.53612968302089 216.45213532305775
99.87281751815812 215.78379140548918
100.87533339451103 215.44961944670484
101.87784927086395 215.44961944670484
102.88036514721686 214.78127552913622
103.88288102356978 214.44710357035189
104.88539689992272 213.77875965278332
105.88791277627561 213.1104157352147
107.55877257019719 212.77624377643042
108.56128844655011 212.1078998588618
109.8979762816873 211.77372790007746
111.23466411682459 211.10538398250895
112.23717999317746 210.43704006494028
113.23969586953045 209.76869614737166
114.24221174588334 208.7661802710187
115.24472762223628 208.43200831223436
115.91307153980492 207.42949243588146
116.9155874161578 206.7611485183129
117.58393133372645 205.75863264195993
118.58644721007934 204.42194480682275
119.25479112764795 203.4194289304698
119.9231350452166 202.41691305411683
120.92565092156951 201.41439717776393
120.92565092156951 200.41188130141103
120.92565092156951 199.40936542505813
121.25982288035381 198.40684954870517
121.59399483913812 197.40433367235227
121.59399483913812 196.40181779599934
121.59399483913812 195.3993019196464
121.59399483913812 194.3967860432935
121.92816679792246 193.39427016694063
122.59651071549104 192.39175429058764
122.59651071549104 191.38923841423474
121.59399483913812 189.71837862031313
120.25730700400092 188.71586274396026
117.91810329251075 187.0450029500387
115.5788995810206 185.37414315611716
114.76457647437138 184.19952372696844
114.76457647437138 184.90925061541066
114.76457647437138 185.61897750385288
114.76457647437138 186.3287043922951
114.76457647437138 187.0384312807373
114.76457647437138 187.74815816917953
114.76457647437138 188.45788505762184
114.76457647437138 189.167611946064
114.76457647437138 189.8773388345062
114.76457647437138 190.5870657229484
114.52800084489067 191.29679261139063
114.29142521540993 192.00651949983285
113.58169832696767 192.71624638827507
112.87197143852549 193.4259732767173
112.16224455008323 193.89912453567882
111.45251766164102 194.13570016515953
110.7427907731988 194.13570016515953
110.03306388475657 194.13570016515953
109.32333699631437 194.13570016515953
108.61361010787213 194.13570016515953
107.9038832194299 193.66254890619808
107.66730758994916 192.95282201775584
107.1941563309877 192.24309512931367
107.1941563309877 191.53336824087137
106.48442944254546 191.06021698190995
105.77470255410323 190.5870657229484
105.06497566566104 190.3504900934677
104.3552487772188 190.3504900934677
103.64552188877657 190.3504900934677
102.93579500033437 190.3504900934677
102.22606811189213 190.3504900934677
101.5163412234499 190.3504900934677
100.8066143350077 190.3504900934677
100.09688744656547 190.3504900934677
99.38716055812326 190.3504900934677
98.67743366968102 190.3504900934677
97.9677067812388 190.3504900934677
97.2579798927966 190.3504900934677
96.54825300435436 190.3504900934677
95.83852611591213 190.3504900934677
95.12879922746991 190.3504900934677
94.4190723390277 190.3504900934677
93.70934545058546 190.3504900934677
92.99961856214325 190.3504900934677
92.289891673701 190.11391446398693
91.5801647852588 190.11391446398693
90.87043789681658 190.11391446398693
90.16071100837435 190.11391446398693
89.45098411993213 190.11391446398693
88.7412572314899 190.11391446398693
88.03153034304766 190.11391446398693
87.32180345460547 190.11391446398693
86.61207656616321 190.11391446398693
85.9023496777209 190.11391446398693
85.19262278927867 190.5870657229484
84.71947153031721 191.29679261139063
84.00974464187497 191.53336824087137
83.30001775343274 192.00651949983285
82.59029086499059 192.24309512931367
81.88056397654836 192.24309512931367
81.17083708810613 192.24309512931367
80.46111019966388 192.47967075879438
79.75138331122164 192.47967075879438
79.04165642277941 192.47967075879438
78.33192953433718 192.47967075879438
77.62220264589503 192.47967075879438
76.9124757574528 192.47967075879438
76.20274886901055 192.47967075879438
75.49302198056832 192.47967075879438
74.78329509212611 192.47967075879438
74.3101438331646 191.76994387035214
73.83699257420318 191.06021698190995
73.36384131524167 190.3504900934677
73.1272656857609 189.64076320502545
73.1272656857609 188.93103631658323
72.89069005628016 188.221309428141
72.89069005628016 187.5115825396988
72.65411442679948 186.80185565125657
72.41753879731871 186.09212876281435
71.9443875383572 185.38240187437214
71.47123627939578 184.67267498592992
71.23466064991501 183.9629480974877
70.52493376147277 183.48979683852622
70.05178250251132 182.780069950084
69.57863124354981 182.07034306164178
68.86890435510762 181.5971918026803
68.39575309614611 180.88746491423808
67.92260183718466 180.17773802579586
67.21287494874238 179.70458676683438
66.50314806030019 179.2314355078729
66.02999680133868 178.52170861943068
65.32026991289649 177.81198173098846
64.61054302445424 177.33883047202698
64.1373917654928 176.62910358358477
63.42766487705061 175.91937669514255
63.19108924756988 175.20964980670033
62.95451361808914 174.4999229182581
62.71793798860839 173.7901960298159
62.71793798860839 173.08046914137364
62.95451361808914 172.37074225293142
63.66424050653134 172.1341666234507
64.3739673949735 171.89759099396997
65.08369428341575 171.6610153644892
65.79342117185794 171.4244397350085
66.50314806030019 171.4244397350085
67.21287494874238 171.4244397350085
67.92260183718466 171.4244397350085
68.63232872562685 171.4244397350085
69.34205561406912 171.4244397350085
70.05178250251132 171.4244397350085
70.7615093909535 171.4244397350085
71.47123627939578 171.4244397350085
72.18096316783797 171.4244397350085
72.89069005628016 171.4244397350085
73.60041694472241 171.4244397350085
74.3101438331646 171.4244397350085
75.25644635108756 171.4244397350085
76.20274886901055 171.6610153644892
76.9124757574528 171.89759099396997
77.62220264589503 171.89759099396997
78.56850516381795 172.1341666234507
79.27823205226026 172.37074225293142
79.98795894070243 172.37074225293142
80.69768582914466 172.37074225293142
81.40741271758681 172.37074225293142
82.11713960602904 172.37074225293142
82.82686649447128 172.37074225293142
83.53659338291358 172.6073178824122
84.24632027135581 172.6073178824122
84.95604715979799 173.08046914137364
85.66577404824022 173.3170447708544
86.84865219564396 173.55362040033512
87.79495471356695 174.02677165929663
88.97783286097066 174.26334728877734
89.68755974941287 174.4999229182581
90.63386226733586 174.97307417721956
91.81674041473956 175.20964980670033
92.7630429326625 175.6828010656618
92.99961856214323 174.97307417721956
92.99961856214323 174.26334728877734
92.52646730318175 173.55362040033512
91.81674041473953 173.08046914137364
91.34358915577803 172.37074225293142
90.63386226733583 171.89759099396997
89.92413537889358 171.4244397350085
89.21440849045135 171.18786410552772
88.74125723148987 170.4781372170855
88.03153034304763 170.00498595812405
87.32180345460542 169.76841032864328
86.61207656616318 169.53183469916257
85.9023496777209 169.2952590696818
85.19262278927867 169.05868344020107
84.48289590083651 168.8221078107203
83.77316901239429 168.34895655175885
83.06344212395206 168.11238092227808
82.35371523550985 167.87580529279737
81.64398834706758 167.4026540338359
80.93426145862534 166.92950277487438
80.22453457018311 166.45635151591293
79.51480768174096 165.98320025695145
78.80508079329873 165.74662462747074
78.0953539048565 165.74662462747074
77.38562701641425 165.51004899798994
76.43932449849133 165.03689773902846
75.7295976100491 165.03689773902846
75.01987072160688 164.80032210954772
74.3101438331646 164.80032210954772
73.60041694472241 164.80032210954772
72.89069005628016 164.80032210954772
72.18096316783797 164.80032210954772
71.47123627939578 164.80032210954772
70.7615093909535 164.80032210954772
70.05178250251132 164.80032210954772
69.34205561406912 164.563746480067
68.63232872562685 164.0905952211055
67.92260183718466 163.85401959162482
67.44945057822315 163.14429270318254
66.97629931926164 162.43456581474032
66.97629931926164 161.7248389262981
66.97629931926164 161.01511203785589
67.68602620770392 160.5419607788944
68.39575309614611 160.30538514941367
69.10547998458836 160.30538514941367
69.81520687303055 160.30538514941367
70.52493376147277 160.30538514941367
71.23466064991501 160.06880951993293
71.9443875383572 159.59565826097145
72.65411442679948 159.3590826314907
73.36384131524167 159.3590826314907
74.07356820368386 159.12250700200997
74.78329509212611 159.12250700200997
75.25644635108756 158.41278011356775
75.96617323952978 157.93962885460627
76.91247575745278 157.22990196616405
77.62220264589502 156.75675070720257
78.33192953433718 156.75675070720257
79.27823205226021 156.04702381876035
80.46111019966388 155.8104481892796
81.64398834706758 155.33729693031813
82.59029086499056 155.1007213008374
83.53659338291351 154.86414567135665
84.48289590083648 154.6275700418759
85.19262278927867 154.39099441239517
86.13892530720166 154.15441878291443
86.8486521956439 153.9178431534337
87.55837908408613 153.9178431534337
88.26810597252835 153.68126752395295
88.97783286097058 153.68126752395295
89.68755974941278 153.44469189447221
90.63386226733576 153.44469189447221
91.58016478525872 153.20811626499147
92.28989167370092 152.97154063551073
92.99961856214316 152.97154063551073
93.70934545058536 152.73496500603
94.4190723390276 152.49838937654926
95.12879922746983 152.49838937654926
95.83852611591203 152.26181374706852
96.54825300435427 152.02523811758778
97.25797989279648 151.78866248810704
97.96770678123869 151.5520868586263
98.67743366968092 151.31551122914556
99.38716055812316 151.07893559966482
100.09688744656536 150.84235997018408
100.8066143350076 150.3692087112226
101.5163412234498 150.13263308174186
102.22606811189203 149.42290619329964
102.93579500033425 148.94975493433816
103.64552188877647 148.47660367537668
103.88209751825723 147.76687678693446
103.88209751825723 147.05714989849224
103.88209751825723 146.34742301005002
103.88209751825723 145.63769612160777
103.40894625929576 144.4548179742041
103.17237062981502 143.74509108576186
102.69921937085356 143.03536419731964
102.22606811189206 142.32563730887745
101.98949248241132 141.61591042043523
101.75291685293058 140.90618353199298
101.51634122344983 139.95988101407002
101.27976559396909 139.2501541256278
101.27976559396909 138.30385160770484
101.27976559396909 137.5941247192626
101.27976559396909 136.88439783082038
101.27976559396909 136.17467094237816
101.27976559396909 135.46494405393594
101.27976559396909 134.75521716549372
101.27976559396909 134.0454902770515
101.27976559396909 133.33576338860928
101.51634122344983 132.62603650016706
101.98949248241132 131.91630961172484
102.69921937085356 131.44315835276336
103.40894625929576 130.97000709380188
104.11867314773798 130.26028020535966
104.82840003618018 130.02370457587892
105.53812692462242 129.78712894639818
106.24785381306465 129.55055331691744
106.95758070150686 129.3139776874367
107.66730758994909 129.3139776874367
108.37703447839132 129.3139776874367
109.08676136683353 129.3139776874367
109.79648825527573 129.3139776874367
110.50621514371798 129.3139776874367
111.2159420321602 129.3139776874367
111.92566892060242 129.3139776874367
112.63539580904465 129.3139776874367
113.34512269748689 129.55055331691744
114.05484958592906 129.78712894639818
114.7645764743713 130.26028020535966
116.1840302512557 130.73343146432114
116.1840302512557 131.44315835276336
116.1840302512557 132.15288524120558
116.1840302512557 132.8626121296478
116.1840302512557 133.57233901809002
116.1840302512557 134.28206590653224
116.1840302512557 134.99179279497446
116.89375713969791 135.46494405393594
117.60348402814012 135.46494405393594
118.31321091658235 135.46494405393594
119.02293780502457 135.46494405393594
119.7326646934668 135.46494405393594
120.44239158190904 135.46494405393594
121.15211847035124 135.46494405393594
122.57157224723565 135.46494405393594
123.28129913567788 134.99179279497446
123.75445039463935 134.28206590653224
124.46417728308158 133.80891464757076
125.17390417152379 133.33576338860928
125.883631059966 132.62603650016706
126.35678231892749 131.91630961172484
126.35678231892749 131.20658272328262
126.59335794840824 130.4968558348404
126.59335794840824 129.78712894639818
126.59335794840824 129.07740205795596
126.59335794840824 128.36767516951375
126.59335794840824 127.65794828107153
126.59335794840824 126.9482213926293
126.12020668944676 126.23849450418709
125.64705543048528 125.52876761574487
125.17390417152379 124.81904072730264
124.93732854204305 124.10931383886042
124.46417728308158 123.39958695041821
124.22760165360083 122.68986006197599
123.75445039463935 121.98013317353374
123.51787476515861 121.27040628509155
123.51787476515861 120.56067939664933
123.51787476515861 119.85095250820709
123.51787476515861 119.14122561976487
123.51787476515861 118.43149873132265
123.99102602412009 117.48519621339969
124.46417728308158 116.77546932495747
125.17390417152379 116.30231806599599
125.883631059966 115.82916680703451
126.59335794840824 115.59259117755377
127.30308483685046 115.11943991859229
128.0128117252927 114.64628865963081
128.72253861373488 114.17313740066933
129.1956898726964 113.46341051222711
129.9054167611386 112.7536836237849
130.3785680201001 112.04395673534268
130.6151436495808 111.33422984690046
130.6151436495808 110.62450295845822
130.6151436495808 109.914776070016
slice_number: 10
nb_points_on_contour: 133
93.85772226004033 130.2357699567065
94.86023813639329 129.23325408035356
95.1944100951776 127.89656624521632
95.52858205396194 126.89405036886339
96.19692597153053 125.89153449251049
96.53109793031481 124.88901861615756
96.86526988909915 123.88650273980463
97.53361380666774 122.54981490466741
97.86778576545206 121.21312706953019
97.86778576545206 119.87643923439296
97.86778576545206 118.87392335804003
97.86778576545206 117.8714074816871
96.86526988909915 117.20306356411848
95.86275401274617 116.53471964654989
94.86023813639329 115.86637572898127
93.18937834247174 114.86385985262834
91.85269050733453 114.1955159350597
90.51600267219732 113.8613439762754
89.51348679584433 113.19300005870682
88.17679896070715 112.85882809992249
87.17428308435422 112.5246561411382
86.17176720800128 111.85631222356957
85.16925133164838 111.85631222356957
84.16673545529545 111.85631222356957
83.1642195789425 111.85631222356957
81.82753174380528 111.85631222356957
80.49084390866807 111.85631222356957
79.48832803231517 111.85631222356957
78.48581215596224 112.19048418235388
77.4832962796093 112.85882809992249
76.4807804032564 113.52717201749113
75.14409256811916 114.1955159350597
74.14157669176623 114.52968789384403
73.1390608154133 114.86385985262834
72.1365449390604 115.53220377019696
71.13402906270747 116.20054768776558
70.13151318635457 116.53471964654989
69.12899731000162 117.20306356411848
68.1264814336487 118.53975139925572
67.12396555729579 119.20809531682433
67.12396555729579 120.21061119317726
66.12144968094285 120.87895511074586
65.45310576337425 121.8814709870988
64.78476184580563 122.88398686345172
63.7822459694527 123.88650273980463
63.44807401066841 124.88901861615756
62.779730093099786 125.89153449251049
62.445558134315505 126.89405036886339
61.443042257962546 128.23073820400063
61.10887029917825 129.23325408035356
60.44052638160963 130.2357699567065
59.77218246404101 131.2382858330594
59.10383854647239 132.5749736681966
58.4354946289038 133.57748954454956
58.4354946289038 134.58000542090247
57.76715071133518 135.58252129725537
57.098806793766556 136.58503717360833
56.09629091741367 137.58755304996123
55.427946999845034 138.59006892631413
54.75960308227641 139.5925848026671
53.7570872059235 140.2609287202357
52.75457132957055 140.92927263780433
52.08622741200196 141.93178851415723
51.41788349443334 142.93430439051014
50.74953957686472 143.9368202668631
50.41536761808041 145.27350810200028
50.41536761808041 146.94436789592186
50.081195659296114 148.28105573105904
50.081195659296114 149.95191552498062
50.081195659296114 151.2886033601178
50.081195659296114 152.62529119525507
50.081195659296114 153.96197903039229
50.081195659296114 154.96449490674522
50.081195659296114 156.30118274188243
50.081195659296114 157.3036986182354
50.41536761808041 158.64038645337257
50.74953957686472 159.64290232972553
51.41788349443334 160.64541820607843
52.42039937078626 161.64793408243133
53.08874328835488 162.98462191756855
54.09125916470779 163.3187938763529
55.09377504106071 164.32130975270582
56.09629091741367 164.65548171149013
57.432978752550866 164.9896536702744
58.4354946289038 165.32382562905872
60.10635442282533 165.32382562905872
61.77721421674687 165.32382562905872
62.779730093099786 165.32382562905872
64.11641792823701 165.32382562905872
65.78727772215855 165.32382562905872
67.12396555729579 165.32382562905872
68.79482535121734 165.32382562905872
70.46568514513885 165.32382562905872
71.46820102149178 164.9896536702744
72.47071689784471 164.9896536702744
73.47323277419761 164.65548171149013
74.47574865055054 164.32130975270582
75.47826452690344 163.98713779392153
76.81495236204069 163.6529658351372
77.81746823839362 162.98462191756855
79.15415607353086 162.65044995878426
80.49084390866807 161.98210604121567
81.82753174380528 161.64793408243133
83.1642195789425 161.31376212364705
84.50090741407976 160.64541820607843
85.50342329043269 159.64290232972553
86.5059391667856 158.3062144945883
87.17428308435422 157.3036986182354
87.84262700192284 155.6328388243138
88.17679896070715 154.29615098917662
88.17679896070715 152.95946315403938
88.17679896070715 151.62277531890214
89.17931483706008 150.95443140133352
90.51600267219732 150.2860874837649
92.18686246611884 149.6177435661963
93.52355030125605 148.61522768984338
94.52606617760898 148.28105573105907
95.52858205396191 147.27853985470614
95.8627540127462 146.27602397835324
96.19692597153053 144.6051641844317
96.19692597153053 143.60264830807876
96.19692597153053 142.26596047294154
96.19692597153053 140.92927263780433
96.19692597153053 139.92675676145137
96.19692597153053 138.92424088509847
96.19692597153053 137.92172500874554
95.8627540127462 136.9192091323926
95.8627540127462 135.9166932560397
95.52858205396191 134.91417737968678
95.1944100951776 133.91166150333385
94.52606617760898 132.90914562698094
93.85772226004036 131.906629750628
92.85520638368746 130.90411387427508
slice_number: 11
nb_points_on_contour: 124
90.51600267219732 156.30118274188246
89.51348679584436 155.96701078309815
88.17679896070715 155.96701078309815
86.8401111255699 155.96701078309815
85.837595249217 155.96701078309815
84.16673545529545 155.96701078309815
83.16421957894252 155.96701078309815
82.16170370258962 155.96701078309815
81.15918782623669 155.96701078309815
78.81998411474655 155.96701078309815
77.81746823839362 155.96701078309815
76.81495236204069 155.96701078309815
75.14409256811916 156.30118274188246
73.47323277419761 156.63535470066677
72.1365449390604 156.96952665945105
71.13402906270747 157.63787057701967
70.13151318635457 157.63787057701967
68.79482535121733 158.3062144945883
67.12396555729579 158.9745584121569
66.12144968094285 159.97707428850984
65.11893380458993 160.31124624729415
63.7822459694527 161.31376212364705
62.779730093099786 161.64793408243136
61.443042257962546 162.31627799999998
60.10635442282533 163.3187938763529
58.76966658768809 163.98713779392153
57.432978752550866 164.98965367027444
56.096290917413654 165.99216954662734
55.09377504106071 166.9946854229803
54.09125916470779 167.9972012993332
53.42291524713917 168.99971717568616
52.42039937078626 170.00223305203906
51.752055453217636 171.00474892839196
51.41788349443334 172.00726480474492
50.74953957686472 173.00978068109782
50.081195659296114 174.01229655745072
49.74702370051182 175.01481243380368
49.0786797829432 176.01732831015659
48.41033586537458 177.35401614529383
47.74199194780596 178.69070398043104
47.07364803023734 180.02739181556828
46.40530411266873 181.0299076919212
46.07113215388442 182.0324235682741
46.07113215388442 183.03493944462704
46.07113215388442 184.03745532097997
45.73696019510011 185.03997119733287
45.4027882363158 186.0424870736858
45.06861627753149 187.04500295003874
45.06861627753149 188.04751882639164
45.06861627753149 189.05003470274457
45.06861627753149 190.38672253788178
45.06861627753149 191.72341037301902
45.73696019510011 193.06009820815626
46.40530411266873 194.06261408450916
47.74199194780596 195.3993019196464
49.0786797829432 196.40181779599934
50.081195659296114 196.73598975478365
51.08371153564903 197.73850563113655
52.42039937078626 198.40684954870517
53.42291524713917 198.7410215074895
54.42543112349212 199.4093654250581
55.76211895862933 200.0777093426267
56.76463483498226 200.41188130141103
58.4354946289038 201.41439717776393
59.43801050525671 201.74856913654827
60.44052638160963 201.74856913654827
61.443042257962546 201.74856913654827
62.44555813431549 202.08274109533255
63.44807401066841 202.08274109533255
64.45058988702131 202.08274109533255
65.78727772215855 202.08274109533255
67.79230947486441 202.08274109533255
68.79482535121733 202.08274109533255
69.79734122757023 202.08274109533255
71.13402906270747 201.74856913654827
72.80488885662899 200.74605326019534
74.47574865055054 200.41188130141103
75.47826452690344 200.0777093426267
76.4807804032564 199.7435373838424
77.4832962796093 199.0751934662738
79.15415607353086 198.40684954870517
80.82501586745238 197.73850563113655
82.16170370258962 196.73598975478365
83.49839153772686 195.73347387843074
84.83507937286407 195.0651299608621
85.837595249217 194.06261408450916
87.50845504313853 193.06009820815626
88.51097091949146 192.05758233180333
89.51348679584436 191.38923841423474
90.8501746309816 190.0525505790975
92.18686246611884 189.38420666152888
92.52103442490312 188.38169078517598
93.52355030125605 187.37917490882302
94.52606617760898 186.0424870736858
95.1944100951776 185.03997119733287
96.53109793031481 183.36911140341135
97.53361380666774 182.36659552705845
98.20195772423637 181.3640796507055
98.87030164180496 180.3615637743526
99.53864555937358 179.35904789799963
99.87281751815792 178.35653202164673
100.54116143572651 177.0198441865095
100.87533339451082 175.68315635137228
100.87533339451082 174.34646851623506
100.87533339451082 172.6756087223135
100.87533339451082 171.67309284596058
100.87533339451082 170.67057696960768
100.87533339451082 168.3313732581175
100.54116143572651 166.9946854229803
100.54116143572651 165.99216954662734
100.54116143572651 164.98965367027444
100.54116143572651 163.6529658351372
100.2069894769422 162.31627799999998
99.53864555937358 160.97959016486277
99.2044736005893 159.97707428850984
98.53612968302068 158.6403864533726
97.86778576545206 157.63787057701967
97.19944184788343 156.63535470066677
96.19692597153053 155.96701078309815
94.86023813639329 155.63283882431384
93.85772226004036 154.96449490674522
92.52103442490312 154.6303229479609
91.51851854855022 154.6303229479609
90.18183071341298 154.6303229479609
nb_points_on_contour: 85
117.58393133372618 214.11293161156763
116.24724349858894 213.44458769399898
115.24472762223604 213.1104157352147
114.24221174588311 212.7762437764304
113.23969586953021 212.7762437764304
112.23717999317725 212.7762437764304
111.23466411682435 212.7762437764304
109.89797628168711 212.7762437764304
108.8954604053342 212.7762437764304
107.55877257019696 212.7762437764304
106.55625669384403 212.7762437764304
105.55374081749113 212.7762437764304
103.88288102356958 212.7762437764304
102.21202122964803 213.77875965278332
101.20950535329513 213.77875965278332
99.53864555937358 215.11544748792056
98.53612968302068 215.78379140548915
97.53361380666774 216.11796336427346
96.53109793031481 216.78630728184208
95.1944100951776 217.788823158195
94.19189421882467 218.4571670757636
92.85520638368746 219.12551099333223
91.51851854855022 220.12802686968516
90.51600267219732 220.46219882846947
89.17931483706008 220.79637078725375
88.17679896070715 221.1305427460381
86.8401111255699 222.133058622391
85.837595249217 223.13557449874392
85.16925133164838 224.13809037509685
84.50090741407976 225.14060625144975
83.83256349651114 226.14312212780268
83.16421957894252 227.14563800415561
82.4958756613739 228.48232583929286
81.82753174380528 229.48484171564576
81.15918782623669 230.82152955078297
80.82501586745238 231.8240454271359
80.82501586745238 232.82656130348883
81.15918782623669 233.82907717984176
81.493359785021 234.83159305619466
82.83004762015824 235.49993697376328
83.83256349651114 236.1682808913319
84.83507937286407 236.5024528501162
85.837595249217 237.50496872646914
87.17428308435422 237.50496872646914
88.17679896070715 238.17331264403774
89.17931483706008 238.17331264403774
90.18183071341298 238.17331264403774
91.51851854855022 238.17331264403774
92.85520638368746 238.17331264403774
94.19189421882467 238.17331264403774
95.1944100951776 238.17331264403774
96.19692597153053 238.17331264403774
97.19944184788343 238.17331264403774
98.20195772423637 238.17331264403774
99.2044736005893 238.17331264403774
100.87533339451082 238.17331264403774
101.87784927086375 238.17331264403774
102.88036514721665 237.83914068525345
103.88288102356958 237.1707967676848
105.2195688587068 236.5024528501162
106.55625669384403 236.1682808913319
107.55877257019696 235.49993697376328
108.8954604053342 234.83159305619466
109.89797628168711 234.16324913862604
111.23466411682435 233.49490522105745
112.57135195196159 232.82656130348883
113.57386782831449 232.1582173859202
114.57638370466742 230.82152955078297
115.24472762223604 229.48484171564576
116.24724349858894 228.81649779807714
117.24975937494187 227.47980996293992
117.9181032925105 225.80895016901837
118.92061916886342 225.14060625144975
119.58896308643205 223.8039184163125
120.59147896278495 222.133058622391
120.59147896278495 221.1305427460381
120.59147896278495 220.12802686968516
120.59147896278495 219.12551099333223
120.59147896278495 218.12299511697933
120.59147896278495 217.1204792406264
120.59147896278495 216.11796336427346
120.59147896278495 215.11544748792056
119.58896308643205 214.11293161156763
118.58644721007909 213.44458769399898
117.58393133372618 212.7762437764304
nb_points_on_contour: 68
230.19988144403774 101.83115346004035
229.19736556768484 101.16280954247173
228.19484969133188 100.16029366611882
226.85816185619464 99.82612170733452
225.8556459798418 99.1577777897659
224.85313010348884 98.48943387219728
223.18227030956731 97.82108995462866
221.5114105156458 97.48691799584435
220.17472268050855 97.15274603706006
219.1722068041556 96.81857407827574
217.8355189690184 95.81605820192283
216.83300309266545 95.14771428435421
215.4963152575282 94.8135423255699
214.4937993811753 94.8135423255699
213.4912835048224 94.8135423255699
212.48876762846945 94.8135423255699
211.48625175211654 95.14771428435421
210.1495639169793 95.81605820192283
209.1470480406264 96.48440211949145
208.14453216427344 96.81857407827574
206.8078443291362 97.15274603706006
205.8053284527833 97.48691799584435
204.8028125764304 97.82108995462866
203.8002967000775 98.48943387219728
203.13195278250888 99.49194974855021
202.12943690615592 100.16029366611882
202.12943690615592 101.16280954247173
202.12943690615592 102.16532541882466
202.12943690615592 103.1678412951776
202.46360886494026 104.50452913031481
203.13195278250888 105.84121696545205
204.13446865886178 107.51207675937357
205.13698453521468 109.18293655329512
206.13950041156764 110.51962438843233
206.47367237035192 111.52214026478526
207.47618824670488 112.5246561411382
208.47870412305778 113.8613439762754
209.81539195819497 115.53220377019696
210.81790783454792 116.8688916053342
212.15459566968516 118.20557944047141
213.15711154603812 119.20809531682434
214.4937993811753 119.87643923439296
215.4963152575282 120.21061119317726
216.49883113388117 120.87895511074586
217.8355189690184 121.54729902831448
218.8380348453713 121.8814709870988
220.17472268050855 121.8814709870988
221.17723855686145 121.8814709870988
222.17975443321436 121.8814709870988
223.18227030956731 121.54729902831448
224.18478618592022 121.21312706953019
225.5214740210574 120.87895511074586
226.52398989741036 120.21061119317726
227.52650577376332 119.54226727560864
228.19484969133188 118.53975139925572
228.52902165011622 117.5372355229028
228.86319360890056 115.86637572898127
229.19736556768484 114.86385985262834
229.19736556768484 113.52717201749113
229.19736556768484 112.5246561411382
229.19736556768484 111.52214026478526
229.19736556768484 110.51962438843233
229.19736556768484 109.51710851207943
229.19736556768484 108.5145926357265
229.19736556768484 107.17790480058926
229.86570948525346 105.84121696545205
229.86570948525346 104.83870108909912
229.86570948525346 103.83618521274619
slice_number: 12
nb_points_on_contour: 84
284.0015668083113 174.68064047501935
284.0015668083113 173.67812459866644
284.0015668083113 172.6756087223135
284.0015668083113 171.3389208871763
283.6673948495269 170.33640501082334
283.3332228907426 169.33388913447044
282.9990509319583 168.3313732581175
282.33070701438976 166.660513464196
281.3281911380368 165.32382562905875
280.6598472204681 163.98713779392153
279.6573313441153 163.3187938763529
278.6548154677623 162.6504499587843
277.65229959140936 162.31627799999998
276.6497837150565 161.98210604121567
275.64726783870356 161.64793408243136
274.6447519623506 161.98210604121567
273.64223608599775 162.6504499587843
272.3055482508605 163.6529658351372
271.30303237450755 164.65548171149015
270.6346884569389 165.99216954662734
269.63217258058603 166.9946854229803
268.96382866301735 167.9972012993332
268.2954847454488 168.99971717568616
267.9613127866645 170.00223305203906
267.29296886909583 171.3389208871763
266.62462495152727 173.00978068109782
266.29045299274287 174.34646851623506
265.9562810339586 175.34898439258797
265.6221090751743 176.6856722277252
265.28793711639 178.02236006286245
264.95376515760574 179.69321985678397
264.61959319882135 181.0299076919212
264.28542124003707 182.36659552705845
263.6170773224685 184.37162727976425
263.6170773224685 186.37665903247012
263.2829053636841 188.04751882639164
263.2829053636841 189.05003470274457
263.2829053636841 190.38672253788178
263.2829053636841 191.72341037301902
263.2829053636841 192.72592624937192
263.2829053636841 194.06261408450916
263.2829053636841 195.0651299608621
264.28542124003707 196.40181779599934
264.28542124003707 197.40433367235227
264.61959319882135 198.40684954870517
264.61959319882135 199.4093654250581
265.6221090751743 200.41188130141103
266.62462495152727 201.41439717776393
267.9613127866645 202.08274109533255
268.96382866301735 202.75108501290117
269.9663445393703 203.08525697168548
270.96886041572327 203.4194289304698
271.9713762920761 203.4194289304698
273.64223608599775 203.4194289304698
274.6447519623506 203.4194289304698
275.64726783870356 203.4194289304698
276.6497837150565 203.4194289304698
277.65229959140936 202.75108501290117
278.9889874265466 202.08274109533255
279.6573313441153 201.08022521897962
280.6598472204681 200.0777093426267
280.9940191792525 199.0751934662738
281.3281911380368 197.73850563113655
281.6623630968211 196.73598975478365
282.33070701438976 195.3993019196464
282.9990509319583 194.06261408450916
283.3332228907426 193.06009820815626
284.0015668083113 192.05758233180333
284.66991072587984 190.72089449666612
284.66991072587984 189.71837862031316
285.0040826846641 188.71586274396026
285.0040826846641 187.37917490882302
285.3382546434485 186.37665903247012
285.3382546434485 185.3741431561172
285.3382546434485 184.03745532097997
285.3382546434485 183.03493944462704
285.3382546434485 181.3640796507055
285.3382546434485 180.3615637743526
285.3382546434485 179.35904789799963
285.3382546434485 178.35653202164673
285.3382546434485 177.35401614529383
285.3382546434485 176.35150026894087
285.3382546434485 175.34898439258797
285.3382546434485 174.34646851623506
