Study: 1.2.840.113619.2.30.1.1762288805.2022.1041610247.12
Series: 1.2.840.113619.2.30.1.1762288805.2022.1041610247.16
SpacingX: 0.730469
SpacingY: 0.730469
SpacingZ: 10.0

label: fibrosis
localisation: peripheral/sub_pleural
slice_number: 9
nb_points_on_contour: 98
151.5773253557291 264.8526298135581
150.16143378696083 264.49865692136603
149.0995151103846 264.49865692136603
148.03759643380843 264.14468402917396
146.26773197284805 264.14468402917396
144.49786751188773 263.7907111369819
143.08197594311946 263.7907111369819
142.02005726654326 263.7907111369819
140.95813858996704 263.7907111369819
139.89621991339084 263.7907111369819
138.8343012368146 263.4367382447898
137.0644367758543 263.4367382447898
135.29457231489394 263.4367382447898
134.23265363831774 263.4367382447898
132.81676206954947 263.0827653525978
131.75484339297324 263.0827653525978
130.69292471639704 263.0827653525978
129.63100603982082 262.7287924604057
128.56908736324462 262.7287924604057
127.50716868666842 262.7287924604057
126.44525001009222 262.37481956821364
125.383331333516 262.37481956821364
123.96743976474772 262.02084667602156
122.55154819597945 261.6668737838295
121.13565662721118 261.31290089163747
120.07373795063498 261.31290089163747
118.3038734896746 260.95892799944534
117.24195481309843 260.6049551072533
115.47209035213805 260.2509822150612
114.05619878336978 259.89700932286917
112.28633432240946 259.189063538485
111.22441564583323 259.189063538485
110.16249696925703 259.189063538485
108.39263250829669 259.189063538485
107.33071383172049 259.189063538485
105.56084937076011 259.189063538485
104.49893069418394 259.189063538485
103.43701201760771 259.189063538485
102.02112044883947 259.189063538485
100.95920177226324 259.189063538485
99.89728309568702 259.189063538485
98.83536441911082 259.189063538485
97.77344574253459 259.189063538485
96.71152706595839 259.189063538485
95.64960838938222 259.189063538485
94.23371682061395 259.54303643067703
93.17179814403772 259.89700932286917
92.10987946746152 259.89700932286917
91.40193368307737 260.95892799944534
91.40193368307737 262.02084667602156
91.40193368307737 263.0827653525978
91.75590657526945 264.14468402917396
92.46385235965357 265.2066027057502
93.5257710362298 265.56057559794226
95.29563549719012 266.2685213823264
96.35755417376632 266.97646716671056
97.41947285034254 267.3304400589026
98.48139152691877 268.03838584328673
99.54331020349497 268.3923587354788
101.31317466445529 268.7463316276709
102.37509334103152 269.45427741205503
103.43701201760771 270.16222319643913
105.20687647856806 270.5161960886312
106.26879515514426 270.8701689808233
107.33071383172049 270.8701689808233
108.74660540048876 270.8701689808233
109.80852407706496 270.8701689808233
110.87044275364119 270.8701689808233
111.93236143021736 270.8701689808233
112.99428010679358 270.8701689808233
114.05619878336978 270.8701689808233
115.118117459946 270.8701689808233
116.53400902871428 270.8701689808233
117.59592770529048 270.8701689808233
119.01181927405875 271.22414187301536
120.07373795063498 271.22414187301536
121.48962951940325 271.5781147652074
122.55154819597945 271.9320876573995
123.61346687255568 271.9320876573995
124.67538554913185 272.2860605495915
125.73730422570807 272.64003344178366
126.79922290228427 272.9940063339757
127.8611415788605 273.3479792261678
128.9230602554367 273.7019521183598
129.98497893201292 273.7019521183598
131.0468976085891 274.0559250105519
132.46278917735737 274.409897902744
133.5247078539336 274.409897902744
134.5866265305098 274.409897902744
135.64854520708602 274.409897902744
137.0644367758543 274.409897902744
138.1263554524305 274.409897902744
139.18827412900671 274.0559250105519
140.2501928055829 273.3479792261678
141.31211148215908 272.9940063339757
142.3740301587353 272.2860605495915
143.78992172750358 271.5781147652074
144.85184040407978 270.8701689808233
slice_number: 8
nb_points_on_contour: 98
147.33586081003955 264.32960752232316
146.66751689247096 263.32709164597026
145.33082905733374 262.9929196871859
144.32831318098079 262.65874772840164
143.32579730462788 262.65874772840164
142.32328142827492 262.32457576961724
141.32076555192205 262.32457576961724
140.31824967556912 261.99040381083296
138.9815618404319 261.99040381083296
137.64487400529467 261.99040381083296
135.9740142113731 261.99040381083296
134.63732637623588 261.99040381083296
132.96646658231433 261.6562318520487
131.62977874717708 261.6562318520487
129.9589189532556 261.6562318520487
128.62223111811838 261.6562318520487
127.28554328298114 261.6562318520487
126.28302740662824 261.6562318520487
124.946339571491 261.6562318520487
123.27547977756942 261.6562318520487
121.9387919424322 261.6562318520487
120.9362760660793 261.6562318520487
119.26541627215778 261.6562318520487
117.5945564782362 261.6562318520487
116.25786864309899 261.6562318520487
115.25535276674609 261.6562318520487
114.25283689039316 261.6562318520487
113.2503210140402 261.6562318520487
111.91363317890296 261.6562318520487
110.57694534376574 261.6562318520487
109.57442946741284 261.6562318520487
108.57191359105994 261.6562318520487
107.2352257559227 261.32205989326445
106.23270987956977 261.32205989326445
104.89602204443253 261.32205989326445
103.89350616807963 261.32205989326445
102.8909902917267 261.32205989326445
101.88847441537379 261.32205989326445
100.55178658023655 261.32205989326445
99.54927070388365 261.32205989326445
98.5467548275307 261.6562318520487
97.54423895117779 261.99040381083296
96.54172307482487 262.65874772840164
96.20755111604055 263.6612636047545
96.20755111604055 264.66377948110744
96.20755111604055 265.6662953574604
96.54172307482487 266.66881123381324
96.87589503360917 267.6713271101662
97.2100669923935 268.67384298651916
97.54423895117779 269.67635886287206
98.21258286874641 271.01304669800925
99.21509874509931 271.6813906155779
100.21761462145224 272.34973453314655
101.22013049780517 273.0180784507151
102.55681833294238 273.68642236828373
103.89350616807963 274.020594327068
104.89602204443253 274.020594327068
105.89853792078549 274.020594327068
106.90105379713839 274.020594327068
107.90356967349132 274.020594327068
109.24025750862853 274.020594327068
110.57694534376577 274.020594327068
111.5794612201187 274.020594327068
112.5819770964716 274.020594327068
113.58449297282453 274.020594327068
114.58700884917747 274.020594327068
115.92369668431468 274.020594327068
117.26038451945192 274.020594327068
118.26290039580482 274.68893824463663
119.26541627215778 274.68893824463663
120.26793214851068 275.35728216220525
121.27044802486361 275.69145412098953
122.94130781878513 275.35728216220525
123.94382369513804 275.35728216220525
124.946339571491 275.35728216220525
125.94885544784387 275.35728216220525
126.95137132419683 275.35728216220525
127.95388720054976 275.35728216220525
128.95640307690266 275.35728216220525
129.9589189532556 275.35728216220525
130.9614348296085 275.35728216220525
132.2981226647457 275.35728216220525
133.30063854109866 275.35728216220525
134.3031544174516 275.35728216220525
135.3056702938045 275.023110203421
136.30818617015743 275.023110203421
137.31070204651033 274.68893824463663
138.3132179228633 274.02059432706807
139.31573379921616 273.35225040949945
140.31824967556912 272.68390649193077
141.32076555192205 272.34973453314655
141.98910946949067 271.3472186567936
143.32579730462788 270.678874739225
144.32831318098079 269.67635886287206
145.33082905733374 269.00801494530344
146.33334493368665 268.33967102773477
147.00168885125527 267.3371551513819
147.33586081003955 266.33463927502896
slice_number: 7
nb_points_on_contour: 169
321.48431360792233 195.47394294391262
320.42239493134605 196.53586162048882
319.7144491469619 197.59778029706501
318.6525304703857 199.0136718658333
317.9445846860016 200.07559054240951
317.2366389016174 201.1375092189857
316.5286931172333 202.553400787754
315.82074733284924 203.61531946433018
315.1128015484651 205.0312110330985
314.40485576408093 206.09312970967468
313.69690997969667 207.15504838625088
312.98896419531263 208.57093995501918
312.2810184109285 209.98683152378746
311.57307262654433 211.04875020036363
310.8651268421602 212.11066887693985
310.15718105777603 213.17258755351605
308.3873165968157 216.0043706910526
308.0333437046237 217.06628936762883
307.32539792023954 218.4821809363971
306.26347924366326 220.25204539735742
305.90950635147124 221.6679369661257
305.5555334592792 223.083828534894
304.84758767489507 224.14574721147022
304.49361478270293 225.2076658880464
304.1396418905108 226.62355745681467
303.43169610612676 228.03944902558294
303.07772321393463 229.10136770215917
302.3697774295506 230.16328637873536
302.01580453735846 231.2252050553116
301.3078587529743 232.64109662407986
300.24594007639814 234.23397463894418
299.18402139982186 235.82685265380846
298.4760756154378 237.24274422257673
297.41415693886165 238.30466289915296
296.35223826228537 239.36658157572916
295.2903195857092 240.07452736011328
294.58237380132505 241.1364460366895
293.52045512474876 242.19836471326573
292.1045635559806 243.26028338984193
290.33469909502026 244.32220206641816
288.91880752625195 245.03014785080228
287.50291595748365 245.73809363518643
286.08702438871535 246.44603941957055
284.67113281994716 247.1539852039547
283.6092141433709 247.50795809614675
282.1933225746027 248.56987677272298
281.1314038980264 248.92384966491502
279.7155123292581 249.27782255710713
278.65359365268193 250.3397412336833
277.59167497610576 250.3397412336833
276.5297562995296 251.04768701806745
275.4678376229532 251.40165991025953
274.405918946377 252.10960569464368
273.34400026980086 252.10960569464368
272.2820815932247 252.8175514790278
270.8661900244564 253.52549726341195
269.4502984556882 253.879470155604
267.68043399472776 254.58741593998812
266.6185153181516 254.94138883218022
264.84865085719116 255.64933461656435
263.786732180615 255.64933461656435
262.01686771965467 256.71125329314054
260.60097615088637 257.06522618533256
259.5390574743102 257.06522618533256
258.477138797734 257.4191990775247
257.0612472289657 257.7731719697167
255.99932855238953 258.12714486190885
254.58343698362123 258.48111775410086
253.52151830704506 258.48111775410086
252.45959963046883 258.835090646293
250.6897351695084 259.189063538485
249.62781649293223 259.54303643067703
248.56589781635606 259.8970093228692
247.50397913977983 259.8970093228692
246.44206046320366 259.8970093228692
245.02616889443536 259.8970093228692
243.25630443347504 259.8970093228692
242.1943857568988 260.2509822150612
240.77849418813057 260.6049551072534
239.71657551155434 260.6049551072534
238.65465683497817 262.0208466760216
238.3006839427861 263.08276535259785
238.65465683497817 264.144684029174
240.07054840374636 264.8526298135581
241.13246708032264 265.5605755979423
242.1943857568988 265.5605755979423
243.9642502178592 265.5605755979423
245.38014178662743 265.5605755979423
246.79603335539574 265.5605755979423
248.21192492416392 265.5605755979423
249.62781649293223 265.5605755979423
251.04370806170053 265.5605755979423
252.45959963046883 265.5605755979423
253.52151830704506 265.5605755979423
254.58343698362123 265.5605755979423
255.6453556601974 265.5605755979423
256.7072743367736 265.5605755979423
257.76919301334976 265.5605755979423
258.83111168992605 265.5605755979423
259.8930303665022 265.5605755979423
261.3089219352705 265.5605755979423
262.7248135040388 265.5605755979423
263.786732180615 265.5605755979423
265.2026237493833 265.5605755979423
266.26454242595946 265.5605755979423
267.6377659723902 265.332123398676
268.64028184874314 264.66377948110744
269.6427977250961 263.9954355635388
270.64531360144895 263.6612636047545
271.6478294778019 263.6612636047545
272.65034535415487 263.3270916459702
273.6528612305077 263.3270916459702
274.65537710686067 263.3270916459702
275.6578929832136 263.3270916459702
276.6604088595665 262.9929196871859
277.66292473591943 262.32457576961724
278.6654406122724 262.32457576961724
279.66795648862524 261.6562318520487
280.6704723649782 261.3220598932644
281.33881628254676 260.31954401691144
282.3413321588997 259.3170281405585
283.3438480352527 258.6486842229899
284.01219195282124 257.64616834663695
285.0147078291742 256.97782442906833
286.01722370552704 256.3094805114997
286.6855676230957 255.3069646351468
287.6880834994487 254.9727926763625
288.6905993758015 254.63862071757822
290.02728721093877 253.97027680000957
290.69563112850744 252.96776092365664
291.6981470048603 252.63358896487236
292.36649092242897 251.63107308851943
294.2284009091329 249.63179544929918
295.2903195857092 248.2159038805309
295.99826537009324 247.1539852039547
297.0601840466695 245.73809363518643
297.76812983105367 244.6761749586102
298.83004850762984 243.614256282034
299.8919671842061 242.55233760545778
300.9538858607823 241.4904189288816
302.01580453735846 241.1364460366895
303.07772321393463 240.42850025230538
304.1396418905108 239.36658157572916
304.84758767489507 238.30466289915296
305.90950635147124 237.59671711476884
306.26347924366326 236.5347984381926
307.32539792023954 235.4728797616164
307.67937081243156 234.41096108504019
308.0333437046237 233.349042408464
308.7412894890077 232.28712373188776
309.09526238119986 231.2252050553116
309.4492352733919 230.16328637873536
310.51115394996816 229.10136770215917
310.8651268421602 228.03944902558294
311.57307262654433 226.97753034900677
312.2810184109285 225.91561167243054
313.34293708750465 225.2076658880464
314.75882865627295 223.79177431927812
316.17472022504126 222.72985564270195
316.5286931172333 221.6679369661257
316.8826660094253 220.60601828954955
317.2366389016174 219.19012672078128
317.9445846860016 217.42026225982087
318.6525304703857 216.35834358324468
318.6525304703857 215.29642490666848
318.6525304703857 214.23450623009228
319.00650336257775 213.17258755351605
319.00650336257775 212.11066887693985
319.00650336257775 211.04875020036363
slice_number: 6
nb_points_on_contour: 224
320.06842203915403 169.63392181389165
319.00650336257775 170.34186759827577
317.9445846860016 171.04981338265992
317.2366389016174 172.111732059236
316.5286931172333 173.17365073581232
315.82074733284924 174.23556941238843
315.1128015484651 175.29748808896474
314.0508828718888 176.35940676554083
313.34293708750465 177.42132544211717
312.98896419531263 178.48324411869325
312.6349913031205 179.54516279526956
312.2810184109285 180.60708147184567
311.57307262654433 181.669000148422
310.8651268421602 183.08489171719026
310.51115394996816 184.1468103937665
309.803208165584 185.20872907034266
309.4492352733919 186.2706477469189
308.7412894890077 187.3325664234951
308.3873165968157 188.3944851000713
308.0333437046237 189.4564037766475
306.9714250280474 190.8722953454158
306.6174521358554 192.28818691418408
305.90950635147124 193.35010559076028
304.84758767489507 195.11997005172063
304.49361478270293 196.18188872829683
303.43169610612676 197.24380740487302
302.7237503217426 198.6596989736413
302.3697774295506 199.72161765021752
301.66183164516633 201.1375092189858
300.9538858607823 202.55340078775407
300.59991296859016 203.61531946433027
299.8919671842061 205.03121103309857
299.18402139982186 206.44710260186685
298.83004850762984 207.50902127844304
298.1221027232457 208.92491284721132
297.76812983105367 210.69477730817167
297.0601840466695 212.11066887693994
296.35223826228537 213.17258755351614
295.99826537009324 214.5884791222844
295.2903195857092 216.00437069105269
294.93634669351707 217.42026225982096
294.2284009091329 218.83615382858923
293.8744280169409 220.2520453973575
293.16648223255675 221.66793696612578
292.4585364481726 223.08382853489408
292.1045635559806 224.1457472114703
291.75059066378856 225.20766588804648
291.3966177715964 226.62355745681475
290.6886719872123 228.03944902558302
289.9807262028281 229.4553405943513
289.6267533106361 230.51725927092752
288.91880752625195 231.57917794750372
288.2108617418678 232.995069516272
287.50291595748365 234.05698819284822
286.7949701730995 235.4728797616165
286.08702438871535 236.5347984381927
285.0251057121392 237.95069000696097
284.31715992775503 239.0126086835372
283.25524125117886 240.42850025230547
282.9012683589867 241.4904189288817
281.83934968241056 242.90631049764997
280.3363004061939 244.27928999526472
279.33378452984095 244.61346195404903
278.331268653488 245.28180587161765
277.32875277713515 245.61597783040196
276.3262369007822 246.28432174797055
274.98954906564495 246.9526656655392
273.9870331892921 247.6210095831078
272.65034535415487 248.2893535006764
271.6478294778019 248.957697418245
270.64531360144895 249.62604133581365
268.9744538075274 250.6285572121666
267.6377659723902 251.63107308851949
266.30107813725294 252.63358896487242
264.9643903021157 253.3019328824411
264.29604638454714 254.30444875879394
263.2935305081942 254.63862071757833
262.29101463184134 255.30696463514687
261.2884987554884 255.64113659393118
260.2859828791354 255.97530855271555
259.2834670027826 256.3094805114997
258.2809511264296 256.643652470284
257.27843525007665 257.3119963878528
256.2759193737237 257.64616834663695
255.27340349737088 257.98034030542124
254.27088762101792 258.31451226420563
253.26837174466496 258.64868422299
251.93168390952772 258.9828561817742
250.92916803317488 258.9828561817742
249.92665215682192 258.9828561817742
248.924136280469 258.9828561817742
247.92162040411606 259.3170281405585
246.91910452776315 259.65120009934276
246.25076061019453 260.6537159756957
245.91658865141025 261.6562318520487
245.91658865141025 262.6587477284017
245.91658865141025 263.6612636047545
245.91658865141025 264.66377948110744
246.58493256897887 265.6662953574604
246.91910452776315 266.33463927502896
247.2532764865475 267.3371551513819
248.25579236290045 268.00549906895054
249.2583082392533 268.00549906895054
250.2608241156062 268.00549906895054
251.26333999195916 268.00549906895054
252.26585586831206 268.00549906895054
253.26837174466496 268.00549906895054
254.27088762101792 268.00549906895054
255.27340349737088 268.00549906895054
256.6100913325081 268.00549906895054
257.61260720886094 268.00549906895054
258.6151230852139 268.00549906895054
259.61763896156685 268.00549906895054
260.9543267967041 268.00549906895054
262.29101463184134 268.00549906895054
263.2935305081942 268.00549906895054
264.29604638454714 268.00549906895054
265.6327342196844 268.00549906895054
266.63525009603734 268.33967102773477
267.6377659723902 268.33967102773477
268.64028184874314 268.0054990689505
269.6427977250961 267.6713271101662
270.64531360144895 267.0029831925976
271.6478294778019 266.33463927502896
272.65034535415487 265.332123398676
273.6528612305077 264.9979514398917
274.65537710686067 264.9979514398917
275.6578929832136 264.66377948110744
276.6604088595665 264.66377948110744
277.32875277713515 264.3296075223232
278.331268653488 263.3270916459703
279.33378452984095 262.6587477284017
280.3363004061939 262.32457576961724
281.33881628254676 261.6562318520487
282.3413321588997 260.98788793448
282.675504117684 259.98537205812727
283.67801999403696 258.64868422299
285.3790786043312 258.835090646293
286.44099728090737 258.48111775410086
287.50291595748365 257.4191990775247
288.5648346340598 257.06522618533256
289.6267533106361 256.0033075087564
290.6886719872123 255.29536172437236
292.1045635559806 254.2334430477962
293.16648223255675 253.52549726341206
293.8744280169409 252.4635785868358
294.93634669351707 251.75563280245166
295.2903195857092 250.6937141258755
296.35223826228537 249.63179544929926
296.7062111544774 248.56987677272306
297.41415693886165 247.50795809614684
298.1221027232457 246.44603941957064
299.18402139982186 245.03014785080236
300.59991296859016 244.32220206641824
301.66183164516633 243.26028338984202
302.7237503217426 242.55233760545786
303.7856689983188 241.4904189288817
304.84758767489507 240.78247314449754
305.90950635147124 239.72055446792132
307.32539792023954 238.6586357913451
308.7412894890077 236.5347984381927
309.4492352733919 235.4728797616165
310.15718105777603 234.41096108504027
310.8651268421602 233.34904240846407
311.2190997343522 232.28712373188785
311.57307262654433 231.22520505531168
312.2810184109285 229.8093134865434
312.6349913031205 228.74739480996718
313.69690997969667 227.3315032411989
314.0508828718888 226.26958456462273
314.75882865627295 224.85369299585446
315.4667744406571 223.7917743192782
315.4667744406571 222.72985564270203
316.17472022504126 221.3139640739338
316.8826660094253 219.8980725051655
317.2366389016174 218.83615382858923
317.9445846860016 217.42026225982096
318.2985575781936 216.00437069105269
319.00650336257775 214.94245201447652
319.36047625476976 213.8805333379003
320.06842203915403 212.464641769132
320.77636782353807 211.40272309255582
321.1303407157302 209.98683152378754
321.83828650011424 208.92491284721132
322.19225939230637 207.86299417063512
322.7761391718009 207.18620257020663
322.7761391718009 206.18368669385373
322.7761391718009 205.1811708175008
322.7761391718009 204.17865494114787
322.7761391718009 203.1761390647949
322.7761391718009 202.17362318844204
322.7761391718009 201.1711073120891
322.7761391718009 200.16859143573618
322.7761391718009 199.1660755593832
322.7761391718009 198.16355968303034
322.7761391718009 197.1610438066774
322.7761391718009 196.15852793032448
322.7761391718009 195.1560120539715
322.7761391718009 194.15349617761868
322.7761391718009 193.15098030126575
322.7761391718009 192.14846442491282
322.7761391718009 191.14594854855991
322.7761391718009 190.14343267220698
322.7761391718009 189.14091679585405
322.7761391718009 188.13840091950112
322.7761391718009 187.13588504314822
322.7761391718009 186.1333691667953
322.7761391718009 185.13085329044236
322.7761391718009 184.12833741408943
322.7761391718009 183.12582153773653
322.7761391718009 182.1233056613836
322.7761391718009 181.12078978503067
322.7761391718009 180.1182739086777
322.7761391718009 179.11575803232483
322.7761391718009 178.1132421559719
322.7761391718009 177.11072627961897
322.7761391718009 176.10821040326599
322.7761391718009 175.10569452691314
322.7761391718009 174.1031786505602
322.7761391718009 173.1006627742073
322.7761391718009 172.0981468978543
322.7761391718009 171.09563102150145
322.4419672130166 170.09311514514852
321.43945133666364 169.09059926879561
slice_number: 5
nb_points_on_contour: 117
325.1153428832911 195.82435597154014
325.1153428832911 194.8218400951872
325.1153428832911 193.81932421883425
325.1153428832911 192.81680834248138
325.1153428832911 191.81429246612845
325.1153428832911 190.81177658977552
325.1153428832911 189.47508875463828
325.1153428832911 188.4725728782854
325.1153428832911 187.47005700193247
325.1153428832911 186.46754112557954
325.1153428832911 185.4650252492266
325.1153428832911 184.4625093728737
325.1153428832911 183.45999349652078
325.1153428832911 182.45747762016785
325.1153428832911 181.45496174381492
325.1153428832911 180.45244586746202
325.1153428832911 179.4499299911091
325.1153428832911 178.44741411475616
324.7811709245068 177.44489823840323
324.1128270069381 176.44238236205032
323.44448308936956 175.4398664856974
322.4419672130166 174.77152256812874
321.77362329544803 173.76900669177587
321.10527937787936 172.76649081542294
319.7685915427421 171.76397493907
318.76607566638927 170.76145906271705
317.7635597900363 170.09311514514846
316.76104391368335 169.75894318636415
315.7585280373305 169.75894318636415
314.75601216097755 169.75894318636415
313.7534962846246 170.09311514514846
312.75098040827163 170.76145906271705
311.7484645319188 171.4298029802857
311.4142925731344 172.43231885663863
310.7459486555658 173.4348347329915
310.41177669678154 174.43735060934446
310.41177669678154 175.4398664856974
310.07760473799726 176.44238236205032
309.74343277921287 177.44489823840323
309.74343277921287 178.44741411475616
309.74343277921287 179.4499299911091
309.74343277921287 180.45244586746202
309.74343277921287 181.45496174381492
309.74343277921287 182.79164957895213
309.74343277921287 183.79416545530506
309.74343277921287 184.796681331658
309.74343277921287 185.79919720801092
309.74343277921287 186.80171308436383
309.74343277921287 187.80422896071676
309.74343277921287 188.8067448370697
309.74343277921287 189.80926071342262
309.74343277921287 190.81177658977552
309.74343277921287 191.81429246612845
309.74343277921287 192.81680834248138
309.74343277921287 193.81932421883425
309.74343277921287 194.8218400951872
309.74343277921287 195.82435597154014
309.74343277921287 196.82687184789307
309.74343277921287 198.1635596830303
309.74343277921287 199.1660755593832
309.74343277921287 200.16859143573612
309.74343277921287 201.17110731208905
309.74343277921287 202.17362318844198
309.74343277921287 203.17613906479488
309.74343277921287 204.1786549411478
309.74343277921287 205.18117081750074
309.74343277921287 206.18368669385367
309.74343277921287 207.18620257020658
309.74343277921287 208.1887184465595
309.74343277921287 209.52540628169675
309.74343277921287 210.52792215804968
309.74343277921287 211.53043803440258
309.74343277921287 212.53295391075548
309.74343277921287 213.5354697871084
309.74343277921287 214.53798566346134
309.74343277921287 215.54050153981427
309.74343277921287 216.54301741616717
309.74343277921287 217.87970525130442
309.74343277921287 218.88222112765735
309.74343277921287 219.88473700401028
309.74343277921287 220.8872528803632
309.74343277921287 221.8897687567161
309.74343277921287 222.89228463306904
309.74343277921287 223.89480050942197
310.7459486555658 224.22897246820625
311.7484645319188 224.22897246820625
312.75098040827163 224.22897246820625
313.7534962846246 223.56062855063766
314.42184020219327 222.55811267428473
315.09018411976183 221.5555967979318
315.7585280373305 220.55308092157887
316.76104391368335 219.88473700401028
317.09521587246763 218.88222112765735
317.7635597900363 217.87970525130442
318.0977317488206 216.8771893749515
318.76607566638927 215.87467349859858
319.10024762517355 214.87215762224565
320.1027635015265 213.8696417458927
320.7711074190951 212.8671258695398
321.10527937787936 211.86460999318686
321.43945133666364 210.86209411683393
321.77362329544803 209.859578240481
321.77362329544803 208.8570623641281
321.77362329544803 207.52037452899089
321.77362329544803 206.51785865263795
321.77362329544803 205.51534277628502
321.77362329544803 204.5128268999321
322.1077952542323 203.5103110235792
322.1077952542323 202.50779514722626
323.1103111305853 202.17362318844198
323.77865504815384 201.17110731208905
324.1128270069381 200.16859143573612
324.4469989657225 199.1660755593832
324.4469989657225 198.1635596830303
324.4469989657225 197.16104380667736
324.4469989657225 196.15852793032442
324.4469989657225 195.1560120539715
label: emphysema
localisation: non-relevant
slice_number: 23
nb_points_on_contour: 212
275.82181051514533 181.3150272562298
275.82181051514533 180.2531085796537
275.82181051514533 179.19118990307737
274.75989183856916 177.77529833430913
274.75989183856916 176.71337965773301
273.697973161993 174.94351519677258
273.697973161993 173.88159652019647
272.99002737760884 172.81967784362016
271.92810870103267 171.04981338265992
270.8661900244564 169.27994892169949
269.8042713478801 167.51008446073922
268.3883797791118 166.09419289197095
267.32646110253563 164.67830132320267
265.91056953376733 163.61638264662645
265.2026237493833 162.20049107785815
263.432759288423 160.07665372470575
261.66289482746265 157.95281637155335
260.9543267967041 156.72623679377617
259.95181092035114 155.7237209174233
259.2834670027826 154.72120504107033
258.2809511264296 154.05286112350174
257.94677916764533 153.0503452471488
256.9442632912924 152.04782937079585
256.2759193737237 151.04531349444298
255.27340349737088 150.37696957687433
254.27088762101792 149.70862565930574
253.26837174466496 149.0402817417371
252.26585586831206 148.3719378241685
251.26333999195916 147.3694219478156
250.59499607439054 146.36690607146267
249.59248019803763 146.03273411267836
248.58996432168468 145.3643901951097
247.92162040411606 144.36187431875683
246.91910452776315 144.02770235997247
246.25076061019453 143.0251864836196
244.579900816273 143.3593584424039
243.57738493992005 143.02518648361962
242.5748690635672 142.69101452483523
241.57235318721425 142.35684256605094
240.235665352077 142.0226706072667
239.23314947572405 141.68849864848238
238.2306335993712 141.68849864848238
237.22811772301824 141.68849864848238
236.22560184666528 141.68849864848238
235.22308597031238 141.68849864848238
233.88639813517514 141.68849864848238
232.88388225882224 141.68849864848238
231.88136638246934 141.68849864848238
230.87885050611638 141.68849864848238
229.87633462976353 141.68849864848238
228.87381875341057 141.68849864848238
227.87130287705762 141.68849864848238
226.8687870007047 141.68849864848238
225.8662711243518 141.68849864848238
224.86375524799885 141.68849864848238
223.86123937164598 141.68849864848238
222.85872349529302 141.68849864848238
221.52203566015584 142.0226706072667
220.51951978380285 142.0226706072667
219.51700390744998 142.35684256605094
218.51448803109702 142.69101452483523
217.51197215474414 143.3593584424039
216.50945627839118 143.69353040118818
215.50694040203825 144.69604627754114
214.83859648446966 145.69856215389407
214.50442452568535 146.70107803024695
214.50442452568535 147.70359390659985
214.50442452568535 148.70610978295284
214.83859648446966 149.70862565930577
215.50694040203825 150.7111415356586
216.1752843196069 151.71365741201157
217.17780019595978 152.71617328836453
217.84614411352842 153.71868916471743
218.84865998988133 154.72120504107033
219.85117586623426 155.38954895863898
220.51951978380285 156.3920648349919
221.52203566015584 157.06040875256053
221.8562076189401 158.06292462891344
222.52455153650874 159.39961246405068
223.19289545407733 160.73630029918792
223.5270674128616 161.73881617554076
223.5270674128616 162.4071600931095
223.86123937164598 163.40967596946237
224.86375524799885 164.0780198870309
225.8662711243518 164.0780198870309
226.5346150419204 165.08053576338392
227.53713091827333 165.74887968095243
228.5396467946263 166.41722359852113
229.20799071219486 167.4197394748741
229.54216267097914 168.4222553512269
230.5446785473321 169.42477122757987
231.21302246490072 170.42728710393285
231.88136638246934 171.76397493907007
232.88388225882224 172.766490815423
233.88639813517514 173.76900669177593
234.55474205274376 174.77152256812874
235.22308597031238 175.77403844448176
235.55725792909678 176.7765543208347
236.22560184666528 178.1132421559719
236.22560184666528 179.11575803232483
236.22560184666528 180.1182739086777
235.891429887881 181.12078978503067
235.22308597031238 182.4574776201679
234.22057009395948 183.45999349652084
233.55222617639086 184.46250937287377
232.54971030003796 185.46502524922667
231.547194423685 186.80171308436388
230.5446785473321 187.47005700193253
229.54216267097914 188.80674483706974
228.5396467946263 190.14343267220698
227.87130287705762 191.14594854855991
226.5346150419204 192.14846442491282
225.5320991655675 193.15098030126575
224.86375524799885 194.15349617761868
223.86123937164598 194.82184009518727
223.19289545407733 195.8243559715402
224.1417682551033 198.30572608144925
225.20368693167947 200.78353632679372
225.5576598238716 201.84545500336992
225.5576598238716 202.90737367994615
225.5576598238716 204.32326524871442
225.20368693167947 205.7391568174827
225.20368693167947 206.8010754940589
224.84971403948737 208.21696706282717
224.84971403948737 209.63285863159544
224.84971403948737 211.0487502003637
224.49574114729538 212.464641769132
224.49574114729538 213.5265604457082
224.49574114729538 214.5884791222844
224.49574114729538 215.65039779886067
224.49574114729538 216.71231647543684
224.49574114729538 217.7742351520131
224.49574114729538 218.83615382858923
224.49574114729538 220.60601828954964
224.84971403948737 221.66793696612578
225.5576598238716 223.43780142708619
225.91163271606365 224.85369299585446
226.61957850044777 226.62355745681475
226.9735513926398 228.03944902558302
227.68149717702394 229.8093134865434
228.74341585360028 232.28712373188785
229.09738874579224 233.70301530065615
229.45136163798426 234.76493397723235
230.15930742236847 235.82685265380854
230.15930742236847 236.88877133038477
231.2212260989447 238.30466289915304
231.57519899113677 239.36658157572924
231.9291718833288 240.42850025230547
232.63711766771294 242.19836471326582
232.99109055990507 243.26028338984202
233.69903634428917 244.6761749586103
234.0530092364812 245.73809363518652
234.76095502086534 247.8619309883389
235.82287369744162 249.98576834149134
236.17684658963364 251.75563280245166
236.17684658963364 252.81755147902788
236.89394576423396 254.9727926763625
236.89394576423396 255.97530855271543
236.89394576423396 256.97782442906833
237.22811772301824 257.98034030542124
237.22811772301824 258.9828561817742
237.22811772301824 260.31954401691144
237.22811772301824 261.3220598932644
237.22811772301824 262.6587477284016
237.22811772301824 263.6612636047545
237.56228968180253 264.66377948110744
238.56480555815548 264.9979514398917
239.5673214345084 265.66629535746034
240.5698373108613 266.66881123381324
241.57235318721425 267.33715515138186
243.24321298113577 268.0054990689505
244.24572885748873 268.33967102773477
245.24824473384163 268.33967102773477
246.25076061019453 268.33967102773477
247.2532764865475 268.33967102773477
248.2557923629004 268.33967102773477
249.59248019803763 268.33967102773477
250.59499607439054 267.33715515138186
251.59751195074344 266.66881123381324
252.6000278270964 266.33463927502896
253.26837174466496 265.332123398676
254.27088762101792 264.66377948110744
255.60757545615516 263.6612636047545
256.6100913325081 262.9929196871859
257.61260720886094 262.32457576961724
258.9492950439982 261.6562318520487
259.61763896156685 260.6537159756957
260.6201548379197 259.98537205812715
261.62267071427266 258.9828561817742
262.6251865906256 258.3145122642056
263.6277024669786 257.98034030542124
264.29604638454714 256.97782442906833
264.9643903021157 255.97530855271543
265.96690617846866 255.3069646351468
266.9694220548216 254.63862071757822
267.9719379311746 253.97027680000957
268.9744538075274 252.96776092365664
269.3086257663118 251.96524504730374
269.9769696838804 250.9627291709508
270.8661900244564 248.215903880531
272.2820815932247 246.8000123117627
273.87495960808894 245.38412074299444
275.4678376229532 243.96822917422614
277.23770208391363 242.19836471326582
279.00756654487407 240.42850025230547
280.7774310058344 238.30466289915304
282.1933225746027 237.24274422257682
283.9631870355629 234.76493397723235
284.67113281994716 233.70301530065615
285.0251057121392 232.64109662407995
285.0251057121392 231.57917794750372
285.0251057121392 230.51725927092752
nb_points_on_contour: 162
141.6660843743512 188.74845799226333
140.604165697775 188.04051220787917
139.54224702119873 187.68653931568713
138.48032834462254 187.68653931568713
136.35649099147014 187.33256642349505
134.2326536383177 186.97859353130298
132.46278917735737 186.97859353130298
130.33895182420497 186.6246206391109
128.56908736324462 186.6246206391109
126.44525001009222 186.27064774691885
124.67538554913182 185.91667485472678
123.25949398036357 185.91667485472678
121.13565662721112 185.91667485472678
119.36579216625077 185.56270196253467
117.59592770529045 185.56270196253467
116.1800361365222 185.56270196253467
114.41017167556186 185.56270196253467
112.99428010679358 185.56270196253467
111.57838853802531 185.56270196253467
109.80852407706496 185.56270196253467
108.39263250829669 185.56270196253467
106.97674093952838 185.91667485472678
105.20687647856806 186.27064774691885
104.14495780199184 186.97859353130298
102.72906623322356 187.68653931568713
101.31317466445529 188.04051220787917
99.89728309568702 188.74845799226333
98.48139152691877 189.81037666883952
97.06549995815048 190.87229534541575
95.2956354971901 191.58024112979987
93.17179814403772 192.99613269856815
92.46385235965357 194.05805137514434
91.04796079088528 195.8279158361047
89.98604211430909 197.59778029706504
89.27809632992499 199.72161765021747
88.57015054554083 201.49148211117782
88.21617765334874 203.6153194643302
88.21617765334874 206.0931297096747
88.21617765334874 208.2169670628271
88.21617765334874 210.34080441597953
88.21617765334874 211.7566959847478
88.57015054554083 213.88053333790023
87.51908018764856 217.2113613337358
87.51908018764856 218.21387721008873
87.51908018764856 219.2163930864416
87.51908018764856 220.21890896279453
87.51908018764856 221.22142483914746
87.51908018764856 222.2239407155004
87.51908018764856 223.2264565918533
87.51908018764856 224.22897246820622
87.51908018764856 225.23148834455915
87.51908018764856 226.23400422091208
87.51908018764856 227.236520097265
87.51908018764856 228.23903597361792
87.85325214643288 229.57572380875516
87.85325214643288 230.91241164389237
87.85325214643288 231.9149275202453
88.18742410521718 232.9174433965982
89.18993998157009 233.91995927295113
89.85828389913871 235.25664710808837
90.19245585792304 236.2591629844413
90.86079977549163 237.26167886079423
91.52914369306025 238.26419473714714
92.19748761062887 239.26671061350007
92.53165956941318 240.269226489853
93.20000348698179 241.2717423662059
94.20251936333472 241.94008628377452
94.87086328090334 242.94260216012745
95.87337915725625 243.61094607769604
96.87589503360917 243.61094607769604
97.87841090996208 243.61094607769604
98.88092678631503 243.61094607769604
100.21761462145224 243.61094607769604
101.55430245658948 243.61094607769604
102.55681833294238 243.61094607769604
103.55933420929532 243.61094607769604
104.56185008564825 242.94260216012745
106.23270987956977 242.60843020134314
107.2352257559227 242.2742582425588
108.23774163227563 241.94008628377452
109.90860142619715 240.9375704074216
111.5794612201187 240.60339844863728
112.5819770964716 239.9350545310687
113.91866493160884 239.60088257228435
115.58952472553037 239.26671061350007
116.5920406018833 238.93253865471576
117.59455647823623 238.93253865471576
119.26541627215778 238.26419473714714
120.60210410729499 237.93002277836283
121.60461998364792 237.59585081957852
122.60713586000082 237.26167886079423
123.94382369513806 236.59333494322559
125.61468348905962 236.2591629844413
126.61719936541252 235.924991025657
127.61971524176545 235.59081906687265
129.290575035687 234.92247514930406
131.29560678839283 234.58830319051975
132.63229462353007 233.91995927295113
134.3031544174516 233.58578731416685
136.30818617015743 232.58327143781392
137.31070204651036 232.58327143781392
138.64738988164757 231.9149275202453
139.9840777167848 231.24658360267668
140.9865935931377 230.91241164389237
143.80318581717688 230.2440677263238
147.09716655376508 230.2440677263238
150.39114729035325 230.2440677263238
153.6851280269414 230.2440677263238
154.68764390329434 229.90989576753947
155.69015977964722 229.57572380875519
156.69267565600018 229.24155184997088
157.6951915323531 228.90737989118657
158.69770740870604 228.90737989118657
160.03439524384325 228.23903597361794
161.03691112019618 227.90486401483363
162.03942699654905 227.57069205604938
163.04194287290204 226.9023481384807
164.04445874925491 226.9023481384807
165.04697462560787 225.8998322621278
166.04949050196078 224.8973163857749
167.05200637831368 223.89480050942197
167.05200637831368 222.89228463306904
167.05200637831368 221.8897687567161
167.05200637831368 220.8872528803632
167.05200637831368 219.88473700401028
167.05200637831368 218.88222112765735
167.05200637831368 217.87970525130442
167.05200637831368 216.8771893749515
167.05200637831368 215.54050153981427
167.05200637831368 214.53798566346134
167.05200637831368 213.5354697871084
167.05200637831368 212.53295391075548
167.05200637831368 211.53043803440258
167.05200637831368 210.52792215804968
166.7178344195294 209.52540628169675
166.3836624607451 208.52289040534382
165.71531854317647 207.5203745289909
165.04697462560787 206.51785865263798
164.37863070803925 205.51534277628505
164.04445874925491 204.51282689993212
163.04194287290204 203.8444829823635
162.70777091411767 202.8419671060106
162.03942699654905 201.83945122965767
161.37108307898046 200.83693535330477
161.37108307898046 199.83441947695184
160.36856720262756 199.1660755593832
159.36605132627463 198.8319036005989
158.02936349113742 198.1635596830303
157.02684761478446 197.16104380667736
156.02433173843158 196.82687184789307
155.02181586207863 195.82435597154014
154.01929998572572 195.1560120539715
153.0167841093728 194.4876681364029
152.01426823301983 193.81932421883425
151.01175235666696 193.1509803012657
150.009236480314 192.482636383697
149.00672060396113 192.14846442491276
147.6700327688239 191.48012050734414
145.99917297490234 190.14343267220693
144.66248513976512 189.47508875463828
143.65996926341217 189.140916795854
142.6574533870593 189.140916795854
slice_number: 21
nb_points_on_contour: 326
214.23052727372533 132.46676813372437
211.75271702838086 132.82074102591633
210.69079835180463 132.82074102591633
208.92093389084428 133.17471391810852
207.85901521426808 133.17471391810852
206.79709653769186 133.17471391810852
205.7351778611157 133.17471391810852
204.67325918453946 133.17471391810852
203.25736761577122 133.52868681030048
202.19544893919493 133.52868681030048
201.13353026261876 133.88265970249267
200.0716115860426 134.5906054868768
199.36366580165839 135.65252416345288
198.6557200172743 136.71444284002922
197.9477742328902 137.77636151660533
197.59380134069812 138.83828019318162
197.59380134069812 139.90019886975773
197.23982844850602 140.96211754633404
197.23982844850602 142.37800911510232
197.23982844850602 144.14787357606258
197.59380134069812 145.20979225263886
197.9477742328902 146.27171092921498
198.3017471250822 147.3336296057913
198.6557200172743 148.39554828236737
198.6557200172743 149.81143985113567
199.36366580165839 151.22733141990398
199.71763869385052 152.28925009648026
200.4255844782347 153.35116877305637
201.48750315481087 155.1210332340168
201.84147604700289 156.18295191059292
202.54942183138706 157.24487058716926
203.61134050796323 159.36870794032166
204.67325918453946 161.84651818566613
205.38120496892358 163.2624097544344
206.08915075330776 164.67830132320267
206.44312364549975 165.74021999977884
206.79709653769186 166.80213867635507
207.85901521426808 168.21803024512337
208.21298810646016 169.63392181389165
210.16018906148935 170.42728710393277
211.16270493784225 170.76145906271705
211.8310488554109 171.76397493906998
212.83356473176383 172.4323188566386
213.50190864933242 173.4348347329915
214.50442452568535 174.10317865056012
215.17276844325397 175.10569452691306
216.1752843196069 175.77403844448168
217.17780019595978 176.4423823620503
218.18031607231273 177.1107262796189
219.18283194866567 177.4448982384032
220.18534782501857 177.4448982384032
221.1878637013715 178.11324215597182
222.19037957772443 178.78158607354044
223.19289545407733 179.44992999110906
224.19541133043026 180.11827390867765
225.19792720678316 180.7866178262463
226.2004430831361 181.4549617438149
226.8687870007047 182.45747762016782
227.87130287705762 182.7916495789521
228.5396467946263 184.12833741408934
229.54216267097914 184.79668133165796
230.21050658854782 185.7991972080109
230.5446785473321 186.8017130843638
230.5446785473321 187.80422896071673
230.87885050611638 188.80674483706966
231.21302246490072 189.8092607134226
231.547194423685 190.8117765897755
232.54971030003796 191.4801205073441
233.21805421760658 192.482636383697
233.88639813517514 193.48515226004994
234.55474205274376 194.48766813640287
235.55725792909672 195.1560120539715
236.22560184666528 196.1585279303244
237.22811772301824 197.16104380667733
237.89646164058686 198.16355968303026
237.89646164058686 199.16607555938316
237.89646164058686 200.1685914357361
237.89646164058686 201.17110731208902
237.56228968180253 202.17362318844195
237.56228968180253 203.17613906479485
237.56228968180253 204.17865494114778
237.22811772301824 205.1811708175007
236.22560184666528 205.51534277628502
235.22308597031238 206.51785865263795
234.22057009395948 207.18620257020655
233.21805421760658 207.52037452899089
231.88136638246934 208.18871844655948
230.87885050611638 208.8570623641281
229.87633462976348 209.1912343229124
228.5396467946263 209.859578240481
227.20295895948905 210.52792215804965
226.2004430831361 211.19626607561824
225.19792720678316 211.53043803440255
224.19541133043026 212.19878195197117
224.1417682551033 213.17258755351614
224.1417682551033 214.2345062300924
224.1417682551033 215.65039779886067
224.1417682551033 216.71231647543684
224.1417682551033 217.7742351520131
224.1417682551033 218.83615382858923
224.49574114729538 219.8980725051655
224.49574114729538 220.95999118174166
224.49574114729538 222.0219098583179
224.84971403948737 223.08382853489408
225.5576598238716 224.1457472114703
226.61957850044777 225.20766588804648
227.32752428483192 226.26958456462273
228.3894429614081 227.3315032411989
229.09738874579224 228.39342191777513
229.80533453017645 229.4553405943513
230.5132803145605 230.51725927092752
231.57519899113677 231.57917794750372
232.28314477552087 232.64109662407995
232.28314477552087 233.70301530065615
232.28314477552087 234.76493397723235
232.28314477552087 235.82685265380854
231.57519899113677 236.88877133038477
230.86725320675262 237.95069000696097
230.5132803145605 239.0126086835372
230.5132803145605 240.07452736011336
229.80533453017645 241.4904189288817
229.80533453017645 242.55233760545786
229.80533453017645 243.6142562820341
229.80533453017645 245.38412074299444
230.5132803145605 246.8000123117627
230.86725320675262 248.215903880531
231.2212260989447 249.2778225571072
231.2212260989447 250.33974123368338
231.2212260989447 251.4016599102596
231.9291718833288 253.17152437121993
232.99109055990507 254.2334430477962
233.3450634520971 256.0033075087564
234.40698212867332 257.4191990775247
234.40698212867332 258.48111775410086
234.40698212867332 259.54303643067703
234.76095502086534 260.60495510725355
235.4689008052495 261.6668737838295
236.17684658963364 263.082765352598
237.23876526620987 263.79071113698194
238.65465683497817 263.79071113698194
239.71657551155434 263.79071113698194
241.13246708032264 263.79071113698194
242.9023315412829 263.4367382447898
244.67219600224323 263.4367382447898
245.73411467881957 263.4367382447898
248.56589781635606 263.4367382447898
250.6897351695084 263.4367382447898
252.10562673827675 263.79071113698194
253.52151830704506 264.1446840291742
254.58343698362123 264.1446840291742
256.7072743367736 264.1446840291742
257.76919301334976 264.1446840291742
259.5390574743102 264.1446840291742
260.60097615088637 264.1446840291742
262.01686771965467 264.1446840291742
263.96187442576286 264.3296075223233
264.9643903021157 263.6612636047545
265.6327342196844 262.65874772840175
266.63525009603734 262.32457576961724
267.3035940136059 261.32205989326457
268.30610988995886 260.6537159756957
269.3086257663118 259.9853720581273
269.9769696838804 258.9828561817742
270.97948556023334 258.31451226420563
271.9820014365862 257.3119963878528
272.98451731293915 256.3094805114997
273.9870331892921 255.3069646351469
274.65537710686067 254.30444875879397
275.32372102442923 253.30193288244112
276.3262369007822 252.29941700608813
276.6604088595665 251.2969011297352
276.99458081835076 250.29438525338227
277.9970966947037 249.2918693770294
278.6654406122724 248.28935350067644
279.33378452984095 247.2868376243235
280.3363004061939 245.9501497891863
281.67298824133104 244.94763391283334
281.67298824133104 243.94511803648044
282.00716020011544 242.9426021601275
282.3413321588997 241.94008628377458
282.675504117684 240.93757040742165
283.0096760764683 239.93505453106874
283.67801999403696 238.9325386547158
284.01219195282124 237.93002277836288
284.01219195282124 236.92750690200998
284.6805358703899 235.92499102565705
285.0147078291742 234.92247514930412
285.68305174674276 233.9199592729512
286.01722370552704 232.58327143781398
286.35139566431144 231.58075556146113
286.6855676230957 230.57823968510814
287.3539115406643 229.5757238087552
287.6880834994487 228.57320793240228
288.02225545823296 227.5706920560494
288.35642741701724 226.56817617969645
288.6905993758015 225.56566030334352
289.0247713345859 224.5631444269906
289.0247713345859 223.5606285506377
289.0247713345859 222.55811267428476
289.3589432933702 221.55559679793183
289.6931152521545 220.5530809215789
290.02728721093877 219.550565045226
290.36145916972305 218.54804916887306
290.36145916972305 217.54553329252013
290.69563112850744 216.5430174161672
291.0298030872917 215.5405015398143
291.0298030872917 214.53798566346137
291.363975046076 213.53546978710844
291.363975046076 212.5329539107555
291.363975046076 211.5304380344026
291.363975046076 210.5279221580497
291.363975046076 209.19123432291246
291.6981470048603 207.85454648777522
291.6981470048603 206.8520306114223
291.6981470048603 205.84951473506936
291.6981470048603 204.84699885871646
291.6981470048603 203.84448298236353
291.6981470048603 202.84196710601063
292.0323189636447 201.5052792708734
292.0323189636447 200.50276339452043
292.0323189636447 199.50024751816755
292.0323189636447 198.49773164181462
292.0323189636447 197.4952157654617
292.0323189636447 196.4926998891087
292.0323189636447 195.49018401275586
292.0323189636447 194.48766813640293
292.0323189636447 193.48515226005
292.0323189636447 192.482636383697
292.0323189636447 191.1459485485599
292.0323189636447 190.14343267220696
292.0323189636447 189.14091679585403
292.0323189636447 188.1384009195011
292.0323189636447 187.1358850431482
291.6981470048603 186.13336916679526
292.0323189636447 185.4650252492266
292.0323189636447 184.4625093728737
292.0323189636447 183.12582153773647
292.0323189636447 182.12330566138354
292.0323189636447 180.78661782624633
292.0323189636447 179.7841019498934
292.0323189636447 178.78158607354047
292.0323189636447 177.77907019718756
291.6981470048603 176.77655432083463
291.363975046076 175.4398664856974
290.69563112850744 174.43735060934446
290.02728721093877 173.4348347329915
289.3589432933702 172.43231885663863
289.0247713345859 171.0956310215014
288.35642741701724 170.09311514514846
287.3539115406643 169.42477122757987
286.6855676230957 168.08808339244263
286.01722370552704 167.08556751608967
285.0147078291742 165.74887968095243
284.3463639116055 164.74636380459955
283.67801999403696 163.74384792824665
283.0096760764683 162.74133205189372
282.3413321588997 161.73881617554076
282.00716020011544 160.7363002991879
281.0046443237625 159.39961246405065
280.0021284474095 158.0629246289134
278.9996125710567 157.06040875256048
278.331268653488 156.05789287620757
277.32875277713515 155.38954895863895
276.99458081835076 154.38703308228605
276.3262369007822 153.3845172059331
275.32372102442923 152.7161732883645
274.98954906564495 151.71365741201157
273.9870331892921 150.7111415356586
273.6528612305077 149.70862565930574
272.98451731293915 148.7061097829528
271.9820014365862 148.0377658653842
271.3136575190176 147.03524998903126
270.31114164266467 146.03273411267836
269.6427977250961 145.03021823632542
268.64028184874314 144.02770235997247
267.9719379311746 143.0251864836196
266.9694220548216 142.35684256605094
265.96690617846866 141.35432668969804
264.9643903021157 140.68598277212945
263.96187442576286 140.0176388545608
262.9593585494099 139.0151229782079
261.95684267305694 138.34677906063928
260.9543267967041 137.6784351430707
259.95181092035114 137.34426318428632
258.9492950439982 136.67591926671773
257.94677916764533 136.00757534914908
256.9442632912924 135.33923143158052
255.94174741493944 134.6708875140119
254.93923153858648 133.66837163765896
253.93671566223364 132.66585576130606
252.93419978588068 131.9975118437374
251.93168390952772 131.3291679261688
250.92916803317488 130.66082400860017
249.59248019803763 130.3266520498159
248.58996432168468 129.99248009103155
247.2532764865475 129.65830813224727
246.25076061019453 129.32413617346293
244.9140727750573 128.98996421467865
243.9115568987044 128.98996421467865
242.9090410223515 128.65579225589434
241.90652514599853 128.65579225589434
240.90400926964563 128.65579225589434
239.90149339329278 128.32162029711003
238.89897751693977 128.32162029711003
237.89646164058686 128.32162029711003
236.89394576423396 128.32162029711003
235.891429887881 128.32162029711003
234.8889140115281 128.32162029711003
233.88639813517514 128.32162029711003
232.88388225882224 128.32162029711003
231.88136638246934 128.32162029711003
230.87885050611638 128.32162029711003
229.87633462976353 128.32162029711003
228.87381875341057 128.32162029711003
227.87130287705762 128.32162029711003
226.8687870007047 128.32162029711003
225.8662711243518 128.65579225589434
224.52958328921457 128.98996421467865
223.19289545407733 129.32413617346293
221.8562076189401 129.99248009103155
220.8536917425872 130.3266520498159
219.85117586623426 130.66082400860017
218.84865998988133 130.9949959673845
217.84614411352842 131.66333988495313
216.8436282371755 132.33168380252175
215.84111236082256 132.33168380252175
slice_number: 18
nb_points_on_contour: 336
296.3765544278407 161.07047225797226
296.0423824690563 160.06795638161924
296.0423824690563 159.06544050526628
295.708210510272 158.06292462891346
295.03986659270345 157.06040875256053
294.37152267513477 156.05789287620757
293.7031787575662 155.0553769998547
292.70066288121325 154.0528611235018
291.6981470048603 153.0503452471488
291.0298030872917 152.04782937079585
290.36145916972305 151.04531349444304
290.02728721093877 150.04279761809008
289.6931152521545 149.0402817417371
289.0247713345859 148.0377658653842
288.02225545823296 147.36942194781565
287.6880834994487 146.36690607146267
287.01973958188 145.3643901951097
286.35139566431144 144.3618743187569
286.01722370552704 143.35935844240393
285.68305174674276 142.35684256605094
285.0147078291742 141.35432668969804
284.3463639116055 140.35181081334517
284.01219195282124 139.34929493699227
283.67801999403696 138.34677906063928
283.0096760764683 137.34426318428632
282.675504117684 136.3417473079335
281.67298824133104 135.33923143158054
281.0046443237625 134.33671555522756
280.3363004061939 133.33419967887465
279.66795648862524 132.3316838025218
278.6654406122724 131.3291679261688
277.66292473591943 130.3266520498159
276.6604088595665 129.65830813224727
275.6578929832136 128.98996421467865
274.98954906564495 127.98744833832573
273.9870331892921 126.98493246197282
272.98451731293915 125.98241658561989
271.9820014365862 125.31407266805128
270.97948556023334 124.31155679169837
270.31114164266467 122.97486895656112
269.3086257663118 122.30652503899252
268.30610988995886 121.63818112142388
267.6377659723902 120.63566524507095
266.63525009603734 119.63314936871804
265.96690617846866 118.6306334923652
264.6302183433314 117.9622895747965
263.96187442576286 116.62560173965936
262.6251865906256 115.62308586330637
261.62267071427266 115.28891390452215
260.6201548379197 114.95474194573774
259.61763896156685 114.62056998695351
258.6151230852139 114.28639802816913
257.61260720886094 113.9522260693849
256.2759193737237 113.9522260693849
255.27340349737088 113.28388215181627
254.27088762101792 113.28388215181627
252.93419978588068 112.61553823424764
251.93168390952772 112.61553823424764
250.92916803317488 111.94719431667903
249.59248019803763 111.61302235789468
248.58996432168468 111.61302235789468
247.2532764865475 111.2788503991104
246.25076061019453 111.2788503991104
245.24824473384163 110.94467844032607
244.24572885748873 110.61050648154179
243.24321298113577 110.61050648154179
242.2406971047828 110.61050648154179
241.23818122842997 109.94216256397316
240.235665352077 109.60799060518883
239.23314947572405 108.93964668762023
237.89646164058686 108.60547472883592
236.55977380544962 107.93713081126731
235.55725792909678 107.93713081126731
234.22057009395948 107.93713081126731
233.21805421760658 107.93713081126731
232.21553834125362 108.27130277005159
231.547194423685 109.27381864640455
230.5446785473321 109.94216256397316
229.54216267097914 110.27633452275744
229.20799071219486 111.2788503991104
228.5396467946263 112.28136627546328
227.87130287705762 113.28388215181627
227.2029589594891 114.28639802816913
226.5346150419204 115.62308586330637
226.2004430831361 116.62560173965936
225.8662711243518 117.62811761601222
223.86123937164598 119.29897740993374
223.19289545407733 120.30149328628667
222.19037957772443 121.30400916263959
221.1878637013715 122.30652503899252
220.51951978380285 123.30904091534543
219.85117586623426 124.31155679169837
219.51700390744998 125.31407266805128
219.18283194866567 126.31658854440421
219.18283194866567 127.65327637954142
219.18283194866567 128.65579225589434
218.84865998988133 129.65830813224727
218.84865998988133 130.9949959673845
218.84865998988133 132.33168380252184
218.84865998988133 133.66837163765905
218.84865998988133 134.6708875140119
218.84865998988133 135.6734033903648
218.84865998988133 136.67591926671778
218.84865998988133 138.01260710185502
218.84865998988133 139.01512297820798
218.84865998988133 140.0176388545608
218.84865998988133 141.35432668969804
218.84865998988133 142.35684256605094
218.84865998988133 143.69353040118818
218.84865998988133 145.03021823632542
219.18283194866567 146.03273411267844
219.51700390744998 147.03524998903134
219.85117586623426 148.0377658653842
219.85117586623426 149.0402817417371
220.8536917425872 149.70862565930582
222.72587668633503 151.58130431209617
224.1417682551033 152.64322298867222
225.5576598238716 153.35116877305637
226.26560560825567 154.4130874496327
227.32752428483192 155.47500612620877
228.3894429614081 156.89089769497707
229.80533453017645 158.6607621559375
231.9291718833288 160.7845995090899
232.99109055990507 162.20049107785815
233.69903634428917 163.2624097544345
234.40698212867332 164.67830132320276
235.4689008052495 165.74021999977884
236.17684658963364 167.1561115685471
237.23876526620987 168.9259760295076
237.94671105059396 170.34186759827585
238.65465683497817 171.75775916704416
239.00862972717013 172.81967784362016
239.00862972717013 173.88159652019655
239.36260261936232 175.6514609811567
239.71657551155434 176.7133796577331
240.4245212959385 177.77529833430913
241.48643997251466 180.2531085796538
241.48643997251466 181.3150272562298
241.84041286470674 183.08489171719035
242.1943857568988 184.50078328595862
242.1943857568988 185.91667485472692
242.1943857568988 186.97859353130312
242.1943857568988 188.04051220787932
242.1943857568988 189.10243088445554
243.9115568987044 190.14343267220704
244.24572885748873 191.14594854855997
244.9140727750573 192.14846442491287
245.24824473384163 193.48515226005009
245.5824166926259 194.48766813640302
245.5824166926259 195.49018401275595
245.91658865141025 196.4926998891087
246.25076061019453 197.82938772424595
246.58493256897887 198.83190360059902
246.58493256897887 199.83441947695195
246.58493256897887 201.17110731208916
246.25076061019453 202.1736231884421
247.2532764865475 202.84196710601074
248.25579236290045 204.51282689993215
248.924136280469 205.8495147350695
249.2583082392533 206.8520306114224
249.92665215682192 208.18871844655965
250.2608241156062 209.5254062816969
250.59499607439054 210.52792215804982
250.92916803317488 211.53043803440272
251.26333999195916 213.20129782832427
251.26333999195916 214.53798566346148
251.26333999195916 215.87467349859855
252.26585586831206 216.20884545738286
253.26837174466496 216.54301741616715
254.6050595798022 216.5430174161672
255.60757545615516 216.5430174161672
256.9442632912924 216.5430174161672
257.94677916764533 216.87718937495154
258.9492950439982 216.87718937495154
260.2859828791354 217.21136133373585
261.2884987554884 217.54553329252013
262.29101463184134 218.21387721008878
263.2935305081942 218.54804916887306
264.29604638454714 218.88222112765737
265.2985622609001 219.550565045226
266.30107813725294 220.2189089627946
267.3035940136059 220.88725288036323
268.30610988995886 221.55559679793183
268.30610988995886 222.55811267428476
268.30610988995886 223.5606285506377
268.30610988995886 224.5631444269906
267.6377659723902 225.56566030334352
266.9694220548216 226.56817617969645
265.96690617846866 227.23652009726504
265.2985622609001 228.23903597361797
264.29604638454714 228.57320793240228
263.2935305081942 229.2415518499709
262.29101463184134 229.9098957675395
261.62267071427266 230.91241164389243
260.6201548379197 231.91492752024536
259.95181092035114 232.91744339659832
259.2834670027826 234.25413123173556
259.2834670027826 235.25664710808843
258.9492950439982 236.59333494322564
258.9492950439982 237.59585081957857
258.6151230852139 238.5983666959315
258.2809511264296 239.6008825722844
257.94677916764533 240.60339844863734
257.61260720886094 241.94008628377458
256.6100913325081 243.2767741189118
256.2759193737237 244.27928999526472
255.60757545615516 245.61597783040196
254.93923153858648 246.6184937067549
254.27088762101792 247.95518154189213
254.27088762101792 249.29186937702937
254.27088762101792 250.29438525338225
254.27088762101792 251.29690112973518
254.6050595798022 252.2994170060881
254.93923153858648 253.3019328824411
255.27340349737088 254.30444875879394
255.94174741493944 255.64113659393118
256.9442632912924 256.643652470284
257.61260720886094 257.64616834663695
258.2809511264296 258.9828561817742
258.9492950439982 259.98537205812727
259.95181092035114 260.31954401691144
260.9543267967041 260.98788793448
261.62267071427266 261.99040381083296
262.6251865906256 262.6587477284017
263.6277024669786 263.6612636047545
264.29604638454714 264.66377948110744
264.9643903021157 265.6662953574604
265.96690617846866 266.0004673162448
266.9694220548216 266.66881123381324
267.9719379311746 267.0029831925977
269.3086257663118 267.3371551513819
270.31114164266467 267.3371551513819
271.3136575190176 267.6713271101662
272.31617339537047 267.6713271101662
273.31868927172343 267.6713271101662
274.3212051480764 267.3371551513819
274.65537710686067 266.33463927502896
275.32372102442923 265.3321233986761
275.9920649419979 264.3296075223232
276.6604088595665 263.3270916459703
277.32875277713515 262.32457576961724
277.9970966947037 261.3220598932645
278.6654406122724 260.31954401691144
278.9996125710567 259.3170281405585
279.66795648862524 258.31451226420563
279.66795648862524 257.3119963878528
280.6704723649782 256.643652470284
281.4853767902184 255.29536172437244
282.5472954667946 254.23344304779636
282.5472954667946 253.17152437122002
282.9012683589867 252.10960569464393
283.9631870355629 250.69371412587566
285.0251057121392 249.63179544929935
285.73305149652333 248.21590388053107
287.3539115406643 247.62100958310776
288.35642741701724 246.95266566553917
289.0247713345859 245.95014978918624
289.3589432933702 244.9476339128333
290.02728721093877 243.9451180364804
290.36145916972305 242.94260216012748
290.36145916972305 241.60591432499024
290.69563112850744 240.6033984486373
291.0298030872917 239.60088257228438
291.0298030872917 238.59836669593147
291.363975046076 237.59585081957854
291.363975046076 236.5933349432256
291.6981470048603 235.59081906687268
292.0323189636447 234.58830319051978
292.36649092242897 233.58578731416688
292.70066288121325 232.24909947902964
293.3690067987819 230.9124116438924
293.7031787575662 229.90989576753947
294.0373507163505 228.57320793240225
294.70569463391917 227.57069205604938
295.03986659270345 226.56817617969642
295.37403855148773 225.5656603033435
296.3765544278407 224.22897246820625
296.71072638662497 223.22645659185332
297.04489834540925 221.8897687567161
297.71324226297793 220.8872528803632
298.0474142217622 219.88473700401028
298.7157581393308 218.54804916887304
299.04993009811517 217.5455332925201
299.71827401568373 216.54301741616717
300.3866179332523 215.20632958102996
300.7207898920367 214.20381370467706
301.054961850821 213.20129782832413
301.38913380960526 212.1987819519712
301.72330576838954 211.19626607561827
302.0574777271738 209.85957824048103
302.3916496859582 208.52289040534382
302.7258216447425 207.18620257020658
303.0599936035268 206.18368669385367
303.0599936035268 205.18117081750074
303.0599936035268 204.1786549411478
303.0599936035268 203.17613906479488
303.0599936035268 202.17362318844198
303.0599936035268 201.17110731208905
303.0599936035268 200.16859143573612
303.0599936035268 199.1660755593832
303.0599936035268 198.1635596830303
303.0599936035268 197.16104380667736
303.0599936035268 196.15852793032442
303.0599936035268 195.1560120539715
303.0599936035268 194.15349617761862
303.0599936035268 193.1509803012657
303.0599936035268 192.14846442491276
303.0599936035268 191.14594854855986
303.0599936035268 190.14343267220693
303.0599936035268 189.140916795854
303.0599936035268 188.13840091950107
303.0599936035268 186.80171308436383
303.0599936035268 185.79919720801092
303.0599936035268 184.796681331658
303.0599936035268 183.79416545530506
303.0599936035268 182.79164957895213
303.0599936035268 181.78913370259923
303.0599936035268 180.78661782624633
302.3916496859582 179.7841019498934
302.3916496859582 178.78158607354047
302.3916496859582 177.77907019718756
302.0574777271738 176.77655432083463
301.72330576838954 175.7740384444817
301.38913380960526 174.43735060934446
300.7207898920367 173.4348347329915
300.3866179332523 172.43231885663863
300.052445974468 171.4298029802857
299.71827401568373 170.4272871039328
299.38410205689945 169.42477122757987
299.04993009811517 168.4222553512269
298.7157581393308 167.41973947487404
298.3815861805465 166.41722359852108
298.0474142217622 165.41470772216815
297.71324226297793 164.0780198870309
297.71324226297793 163.075504010678
297.71324226297793 162.0729881343251
slice_number: 17
nb_points_on_contour: 242
292.4585364481726 139.54622597756583
292.0323189636447 138.01260710185494
291.6981470048603 137.01009122550204
290.69563112850744 136.00757534914908
290.02728721093877 135.00505947279618
289.3589432933702 134.00254359644327
288.6905993758015 133.00002772009034
288.02225545823296 131.9975118437374
287.3539115406643 130.9949959673845
286.6855676230957 129.99248009103155
286.01722370552704 128.98996421467865
285.3488797879585 127.98744833832572
285.0147078291742 126.9849324619728
284.3463639116055 125.98241658561987
283.3438480352527 125.31407266805127
282.675504117684 124.31155679169835
281.67298824133104 123.30904091534542
280.6704723649782 122.6406969977768
280.0021284474095 121.63818112142388
279.33378452984095 120.63566524507095
278.331268653488 119.96732132750235
277.66292473591943 118.96480545114943
276.6604088595665 118.29646153358081
275.9920649419979 117.29394565722788
274.98954906564495 116.95977369844358
273.9870331892921 116.29142978087496
272.98451731293915 115.62308586330636
271.9820014365862 114.95474194573774
270.97948556023334 114.62056998695344
269.9769696838804 114.62056998695344
268.9744538075274 114.62056998695344
267.9719379311746 114.28639802816913
266.9694220548216 114.28639802816913
265.96690617846866 114.28639802816913
264.9643903021157 114.28639802816913
263.96187442576286 114.28639802816913
262.9593585494099 114.28639802816913
261.95684267305694 114.28639802816913
260.9543267967041 114.28639802816913
259.95181092035114 114.28639802816913
258.9492950439982 114.28639802816913
257.94677916764533 114.28639802816913
256.9442632912924 114.28639802816913
255.94174741493944 114.28639802816913
254.93923153858648 114.28639802816913
253.93671566223364 114.28639802816913
252.93419978588068 114.28639802816913
251.93168390952772 114.28639802816913
250.92916803317488 114.28639802816913
249.9817893851243 114.41415063192875
248.56589781635606 113.70620484754463
246.79603335539574 112.99825906316048
245.73411467881957 112.99825906316048
244.67219600224323 112.99825906316048
243.25630443347504 112.99825906316048
242.1943857568988 112.99825906316048
241.13246708032264 114.06017773973669
240.07054840374636 115.1220964163129
239.36260261936232 116.18401509288911
238.65465683497817 117.59990666165739
237.94671105059396 119.01579823042566
237.94671105059396 120.07771690700187
237.23876526620987 121.49360847577015
237.23876526620987 122.55552715234649
237.23876526620987 123.97141872111476
237.23876526620987 125.74128318207507
237.94671105059396 127.15717475084334
238.30068394278615 128.21909342741955
239.36260261936232 130.34293078057195
239.71657551155434 131.4048494571481
240.4245212959385 132.46676813372443
241.13246708032264 133.52868681030048
241.84041286470674 134.9445783790688
242.54835864909083 136.00649705564513
243.25630443347504 137.42238862441343
243.9642502178592 138.48430730098943
244.67219600224323 139.54622597756583
245.02616889443536 140.60814465414188
246.08808757101153 142.02403622291013
246.44206046320366 143.08595489948652
247.1500062475877 144.14787357606258
247.8579520319719 145.56376514483082
248.21192492416392 146.62568382140722
248.21192492416392 148.04157539017547
248.56589781635606 149.10349406675152
249.2738436007402 150.87335852771207
249.62781649293223 151.93527720428807
249.9817893851243 153.35116877305637
249.9817893851243 155.12103323401686
249.9817893851243 156.18295191059292
249.9817893851243 157.59884347936116
250.33576227731638 159.01473504812947
250.6897351695084 161.13857240128186
251.04370806170053 162.9084368622423
251.39768095389272 164.67830132320273
251.75165384608462 166.44816578416294
251.75165384608462 167.86405735293124
251.75165384608462 169.6339218138917
252.10562673827675 171.40378627485188
252.10562673827675 172.81967784362016
252.10562673827675 174.23556941238843
252.10562673827675 176.35940676554083
251.75165384608462 177.42132544211722
251.75165384608462 178.48324411869325
251.39768095389272 179.54516279526962
251.39768095389272 180.60708147184567
251.39768095389272 181.66900014842204
251.39768095389272 182.73091882499807
251.39768095389272 184.14681039376654
251.39768095389272 185.9166748547269
251.39768095389272 187.33256642349517
251.75165384608462 188.39448510007136
251.75165384608462 189.81037666883964
252.10562673827675 191.2262682376079
252.8135725226608 192.64215980637618
253.87549119923713 194.41202426733653
254.9374098758133 195.8279158361048
255.6453556601974 197.24380740487308
256.7072743367736 198.3057260814493
257.41522012115774 199.72161765021758
259.5390574743102 202.19942789556205
260.9549490430785 203.61531946433033
261.66289482746265 204.67723814090655
262.6251865906256 205.84951473506948
263.2935305081942 206.85203061142238
263.96187442576286 207.8545464877753
264.6302183433314 208.85706236412824
264.9643903021157 209.85957824048117
265.2985622609001 210.86209411683407
265.96690617846866 211.864609993187
266.30107813725294 212.86712586953993
266.30107813725294 213.86964174589284
266.30107813725294 214.87215762224577
266.30107813725294 215.8746734985987
266.30107813725294 216.87718937495163
266.30107813725294 217.87970525130453
266.30107813725294 218.88222112765746
266.30107813725294 219.8847370040104
266.30107813725294 220.88725288036332
266.30107813725294 221.88976875671622
266.30107813725294 222.89228463306915
266.30107813725294 223.89480050942208
266.9694220548216 224.897316385775
267.6377659723902 225.89983226212792
268.30610988995886 226.90234813848082
269.3086257663118 227.5706920560495
269.6427977250961 228.57320793240237
270.64531360144895 229.241551849971
271.6478294778019 229.90989576753958
272.65034535415487 230.57823968510823
273.6528612305077 230.9124116438925
274.65537710686067 230.9124116438925
275.6578929832136 230.9124116438925
276.6604088595665 230.9124116438925
277.66292473591943 230.9124116438925
278.6654406122724 229.90989576753958
279.66795648862524 228.9073798911867
280.6704723649782 228.23903597361806
281.67298824133104 227.23652009726513
282.3413321588997 226.23400422091225
283.0096760764683 225.2314883445593
283.67801999403696 224.22897246820636
284.01219195282124 223.22645659185343
284.6805358703899 222.22394071550053
285.3488797879585 221.2214248391476
285.68305174674276 220.21890896279467
286.35139566431144 219.21639308644174
286.6855676230957 218.21387721008887
287.3539115406643 217.21136133373594
288.35642741701724 216.5430174161673
288.6905993758015 215.5405015398144
289.3589432933702 214.20381370467712
290.36145916972305 213.53546978710847
291.363975046076 212.19878195197126
292.0323189636447 211.19626607561833
292.36649092242897 210.19375019926542
292.70066288121325 209.1912343229125
293.03483483999753 208.18871844655956
293.03483483999753 207.18620257020663
293.03483483999753 206.18368669385373
293.3690067987819 205.1811708175008
293.3690067987819 204.17865494114787
293.3690067987819 203.1761390647949
293.3690067987819 202.17362318844204
293.3690067987819 201.1711073120891
294.0373507163505 200.16859143573618
294.37152267513477 199.1660755593832
295.03986659270345 198.16355968303034
295.03986659270345 197.1610438066774
295.708210510272 196.15852793032448
296.71072638662497 195.1560120539715
297.37907030419353 194.15349617761868
298.0474142217622 193.15098030126575
298.7157581393308 192.14846442491282
299.04993009811517 191.14594854855991
299.38410205689945 190.14343267220698
299.71827401568373 189.14091679585405
300.052445974468 188.13840091950112
300.3866179332523 187.13588504314822
300.7207898920367 186.1333691667953
301.054961850821 185.13085329044236
301.38913380960526 184.12833741408943
302.0574777271738 183.12582153773653
302.3916496859582 182.1233056613836
302.7258216447425 181.12078978503067
303.39416556231106 180.1182739086777
303.39416556231106 179.11575803232483
303.72833752109545 178.1132421559719
303.72833752109545 177.11072627961897
303.72833752109545 176.10821040326599
303.72833752109545 175.10569452691314
303.72833752109545 174.1031786505602
303.72833752109545 173.1006627742073
303.72833752109545 172.0981468978543
303.39416556231106 171.09563102150145
303.39416556231106 170.09311514514852
303.0599936035268 168.7564273100113
302.7258216447425 167.75391143365837
302.3916496859582 166.7513955573054
302.0574777271738 165.41470772216815
301.72330576838954 164.41219184581524
301.38913380960526 163.075504010678
300.7207898920367 161.73881617554076
300.3866179332523 160.73630029918792
299.71827401568373 159.73378442283496
299.38410205689945 158.731268546482
299.04993009811517 157.72875267012913
298.7157581393308 156.7262367937762
298.3815861805465 155.7237209174233
298.7157581393308 154.05286112350174
297.71324226297793 153.7186891647174
297.37907030419353 152.7161732883645
296.71072638662497 151.71365741201157
296.0423824690563 150.37696957687433
295.708210510272 149.37445370052137
295.37403855148773 148.3719378241685
295.37403855148773 147.3694219478156
295.37403855148773 145.6985621538941
294.70569463391917 144.69604627754117
294.0373507163505 143.69353040118818
293.7031787575662 142.69101452483523
293.3690067987819 141.0201547309137
slice_number: 15
nb_points_on_contour: 212
290.36145916972305 149.0402817417371
291.0298030872917 148.0377658653842
292.0323189636447 147.03524998903129
293.03483483999753 146.03273411267838
294.0373507163505 145.03021823632542
294.37152267513477 144.02770235997247
294.70569463391917 143.02518648361962
295.03986659270345 142.0226706072667
295.03986659270345 141.0201547309137
295.03986659270345 140.0176388545608
295.03986659270345 139.01512297820793
295.03986659270345 138.012607101855
295.03986659270345 137.01009122550204
294.70569463391917 136.00757534914908
294.37152267513477 135.00505947279623
294.0373507163505 134.0025435964433
294.0373507163505 133.00002772009037
293.7031787575662 131.9975118437374
293.3690067987819 130.9949959673845
293.3690067987819 129.99248009103155
292.70066288121325 128.98996421467865
292.36649092242897 127.98744833832573
291.6981470048603 126.98493246197282
290.69563112850744 126.31658854440421
290.36145916972305 125.31407266805128
289.6931152521545 124.31155679169837
289.0247713345859 123.30904091534543
288.02225545823296 122.30652503899252
287.01973958188 121.30400916263959
286.01722370552704 120.30149328628667
285.0147078291742 119.29897740993374
284.01219195282124 118.29646153358082
283.3438480352527 117.29394565722794
282.3413321588997 116.29142978087498
281.0046443237625 115.28891390452212
280.0021284474095 114.28639802816913
278.9996125710567 113.28388215181627
277.9970966947037 112.61553823424764
276.99458081835076 111.94719431667903
275.6578929832136 111.2788503991104
274.65537710686067 110.61050648154179
273.6528612305077 109.94216256397316
272.65034535415487 109.27381864640455
271.6478294778019 108.60547472883592
270.64531360144895 107.93713081126731
269.6427977250961 106.93461493491439
268.64028184874314 105.93209905856145
267.6377659723902 105.26375514099283
266.63525009603734 104.2612392646399
265.96690617846866 103.25872338828698
264.9643903021157 102.92455142950269
263.96187442576286 102.25620751193406
262.9593585494099 101.25369163558113
261.95684267305694 100.58534771801251
260.9543267967041 100.25117575922825
259.95181092035114 99.91700380044391
258.9492950439982 99.58283184165963
257.94677916764533 99.2486598828753
256.9442632912924 99.2486598828753
255.94174741493944 99.2486598828753
254.93923153858648 99.2486598828753
253.93671566223364 99.2486598828753
252.93419978588068 99.58283184165963
251.93168390952772 100.58534771801251
250.92916803317488 101.25369163558113
249.92665215682192 101.92203555314975
248.924136280469 102.59037947071837
248.25579236290045 103.5928953470713
247.58744844533177 104.59541122342421
246.91910452776315 105.59792709977714
246.25076061019453 106.60044297613005
245.5824166926259 107.60295885248301
244.579900816273 108.93964668762023
243.9115568987044 109.94216256397316
243.57738493992005 110.94467844032607
243.24321298113577 111.94719431667903
242.9090410223515 112.94971019303189
242.9090410223515 113.95222606938488
242.9090410223515 114.95474194573774
242.9090410223515 115.95725782209072
242.9090410223515 116.95977369844358
242.9090410223515 117.9622895747965
242.9090410223515 118.96480545114943
242.9090410223515 119.96732132750235
242.9090410223515 121.30400916263959
243.57738493992005 122.6406969977768
244.24572885748873 123.97738483291404
244.24572885748873 124.97990070926697
244.9140727750573 125.98241658561989
245.24824473384163 126.98493246197282
245.91658865141025 127.98744833832573
246.25076061019453 128.98996421467865
247.2532764865475 129.99248009103155
248.25579236290045 130.9949959673845
248.924136280469 131.9975118437374
249.92665215682192 132.66585576130606
250.92916803317488 133.33419967887465
251.93168390952772 134.33671555522756
252.93419978588068 134.6708875140119
253.93671566223364 135.6734033903648
254.93923153858648 136.34174730793347
255.94174741493944 136.67591926671776
256.9442632912924 137.34426318428632
257.61260720886094 138.34677906063928
258.6151230852139 139.01512297820793
259.61763896156685 139.68346689577652
260.6201548379197 140.35181081334514
261.62267071427266 140.35181081334514
262.6251865906256 140.68598277212948
263.6277024669786 141.0201547309137
264.6302183433314 141.68849864848238
265.6327342196844 142.0226706072667
266.63525009603734 142.35684256605094
267.6377659723902 143.02518648361962
268.64028184874314 143.3593584424039
269.6427977250961 143.69353040118818
270.64531360144895 144.36187431875686
271.6478294778019 144.69604627754114
272.65034535415487 145.3643901951097
273.6528612305077 145.69856215389407
274.65537710686067 146.03273411267838
275.6578929832136 146.70107803024695
276.3262369007822 147.70359390659985
277.32875277713515 148.37193782416853
277.9970966947037 149.37445370052137
278.9996125710567 150.04279761809005
278.9996125710567 151.045313494443
279.33378452984095 152.04782937079585
279.33378452984095 153.0503452471488
279.33378452984095 154.05286112350177
279.33378452984095 155.05537699985467
278.6654406122724 155.7237209174233
277.32875277713515 156.39206483499188
276.6604088595665 157.39458071134476
275.6578929832136 158.0629246289134
274.65537710686067 159.06544050526628
273.6528612305077 159.39961246405065
272.65034535415487 160.06795638161924
271.6478294778019 160.40212834040352
270.64531360144895 161.07047225797217
269.6427977250961 161.40464421675648
268.64028184874314 162.0729881343251
267.6377659723902 162.0729881343251
266.63525009603734 162.74133205189372
265.6327342196844 163.4096759694623
264.6302183433314 164.0780198870309
263.6277024669786 164.74636380459955
262.9593585494099 165.74887968095243
262.29101463184134 166.7513955573054
262.29101463184134 167.75391143365832
262.29101463184134 168.75642731001125
262.6251865906256 169.75894318636415
262.9593585494099 170.76145906271705
263.6277024669786 171.76397493907
263.96187442576286 172.76649081542294
264.9643903021157 173.76900669177587
264.29604638454714 174.77152256812874
264.29604638454714 175.77403844448173
264.29604638454714 176.77655432083466
264.6302183433314 177.7790701971876
265.2985622609001 179.1157580323248
265.96690617846866 180.1182739086777
266.9694220548216 181.12078978503064
267.9719379311746 182.12330566138357
268.9744538075274 182.79164957895216
269.9769696838804 183.4599934965208
270.97948556023334 184.1283374140894
271.9820014365862 184.46250937287374
272.98451731293915 184.79668133165802
273.9870331892921 184.79668133165802
275.32372102442923 185.13085329044233
276.3262369007822 185.13085329044233
277.66292473591943 185.13085329044233
278.6654406122724 185.13085329044233
279.66795648862524 185.13085329044233
280.6704723649782 185.13085329044233
282.00716020011544 185.46502524922658
282.00716020011544 184.12833741408934
282.3413321588997 183.12582153773644
283.0096760764683 182.1233056613835
283.67801999403696 181.12078978503058
284.3463639116055 180.11827390867765
285.3488797879585 179.78410194989337
286.35139566431144 179.44992999110906
287.6880834994487 179.11575803232475
288.35642741701724 178.11324215597188
289.0247713345859 177.11072627961894
289.3589432933702 175.77403844448173
289.6931152521545 174.4373506093445
290.36145916972305 173.10066277420728
290.36145916972305 172.0981468978543
290.36145916972305 171.09563102150142
290.69563112850744 169.75894318636415
291.0298030872917 168.75642731001128
291.0298030872917 167.75391143365835
291.0298030872917 166.08305163973682
291.0298030872917 165.0805357633839
291.0298030872917 164.0780198870309
291.0298030872917 162.74133205189372
291.0298030872917 161.73881617554076
291.0298030872917 160.40212834040352
291.0298030872917 159.06544050526628
291.0298030872917 158.06292462891344
291.0298030872917 156.3920648349919
291.0298030872917 155.38954895863898
291.0298030872917 154.38703308228605
291.0298030872917 153.3845172059331
291.0298030872917 152.38200132958022
291.0298030872917 151.3794854532273
291.0298030872917 150.37696957687433
291.0298030872917 149.37445370052137
291.0298030872917 148.0377658653842
