Study: 1.2.840.113704.1.111.9976.1108658729.1
Series: 1.2.840.113704.1.111.9976.1108658923.16
SpacingX: 0.8203125
SpacingY: 0.8203125
SpacingZ: 10.0

label: macronodules
localisation: diffuse
slice_number: 3
nb_points_on_contour: 36
166.9928135782783 196.12244050931213
166.046377561558 195.80696183707204
164.7844628725976 195.17600449259183
164.4689842003575 194.22956847587153
163.52254818363724 193.59861113139135
162.57611216691694 193.59861113139135
161.62967615019664 192.96765378691117
160.68324013347637 192.65217511467105
159.73680411675608 192.33669644243096
158.79036810003575 192.33669644243096
157.84393208331548 192.33669644243096
156.5820173943551 192.96765378691117
155.6355813776348 193.59861113139135
154.68914536091452 194.22956847587153
154.05818801643431 195.17600449259183
153.11175199971404 195.80696183707204
152.16531598299375 196.7533978537923
151.84983731075366 197.6998338705126
151.21887996627345 198.6462698872329
151.21887996627345 199.59270590395317
151.21887996627345 200.8546205929136
152.16531598299375 201.48557793739377
152.79627332747395 202.43201395411404
153.74270934419422 203.06297129859425
154.68914536091452 203.06297129859425
155.6355813776348 203.06297129859425
156.5820173943551 203.06297129859425
157.84393208331548 203.37844997083434
159.10584677227587 204.00940731531455
160.05228278899617 204.32488598755464
160.99871880571646 204.64036465979473
162.26063349467685 205.2713220042749
163.20706951139712 205.586800676515
164.4689842003575 206.2177580209952
165.4154202170778 206.5332366932353
166.36185623379808 206.5332366932353
slice_number: 4
nb_points_on_contour: 42
285.2973156683145 183.50329361970824
284.3508796515942 183.81877229194833
283.4044436348739 183.81877229194833
282.4580076181536 183.81877229194833
281.19609292919324 183.81877229194833
280.249656912473 183.81877229194833
279.30322089575264 183.81877229194833
278.0413062067923 183.81877229194833
277.094870190072 184.13425096418845
276.1484341733517 184.13425096418845
275.20199815663136 184.13425096418845
274.2555621399111 184.76520830866866
273.3091261231908 185.08068698090875
272.36269010647055 185.71164432538893
271.7317327619904 186.6580803421092
270.78529674527005 187.28903768658944
270.46981807302996 188.5509523755498
270.46981807302996 189.49738839227007
270.15433940078987 190.4438244089904
270.15433940078987 191.39026042571066
270.15433940078987 192.33669644243096
270.15433940078987 193.28313245915126
270.46981807302996 194.8605258203517
270.78529674527005 195.80696183707204
271.4162540897502 196.7533978537923
271.4162540897502 197.6998338705126
272.67816877871064 198.0153125427527
273.6246047954309 198.6462698872329
274.5710408121512 198.961748559473
275.5174768288715 198.961748559473
278.3567848790324 198.961748559473
279.30322089575264 198.961748559473
280.249656912473 198.961748559473
280.88061425695315 197.6998338705126
281.19609292919324 196.7533978537923
281.8270502736734 195.80696183707204
281.8270502736734 194.8605258203517
281.8270502736734 193.91408980363144
282.14252894591357 192.96765378691117
283.0889649626338 192.02121777019084
283.4044436348739 191.07478175347057
283.4044436348739 190.1283457367503
slice_number: 6
nb_points_on_contour: 84
153.58026846281356 197.92655481155384
154.21281321795644 197.92655481155384
154.8453579730993 197.92655481155384
155.47790272824219 197.92655481155384
156.11044748338506 197.92655481155384
156.74299223852793 197.92655481155384
157.3755369936708 197.92655481155384
158.00808174881368 197.92655481155384
158.21893000052796 197.29401005641097
158.42977825224227 196.6614653012681
158.64062650395655 195.60722404269666
158.64062650395655 194.76383103583947
158.85147475567084 193.9204380289823
158.85147475567084 193.28789327383942
158.85147475567084 192.65534851869654
159.06232300738515 192.02280376355367
159.4840195108137 191.3902590084108
159.4840195108137 190.75771425326792
159.9057160142423 190.12516949812505
160.74910902109946 189.91432124641076
161.38165377624233 189.28177649126792
161.5925020279566 188.64923173612502
161.5925020279566 188.01668698098217
161.5925020279566 187.3841422258393
161.5925020279566 186.75159747069642
161.38165377624233 186.11905271555355
160.95995727281377 185.48650796041068
160.95995727281377 184.8539632052678
160.53826076938518 184.22141845012493
160.1165642659566 183.37802544326775
159.4840195108137 182.53463243641056
159.06232300738515 181.90208768126772
158.42977825224227 181.05869467441053
157.79723349709937 180.00445341583907
157.16468874195652 179.37190866069622
156.53214398681365 179.1610604089819
155.89959923167078 178.95021215726763
155.0562062248136 178.95021215726763
154.42366146967072 178.95021215726763
153.79111671452787 179.1610604089819
152.9477237076707 179.5827569124105
152.31517895252782 179.79360516412478
151.68263419738494 180.00445341583907
151.05008944224207 180.42614991926766
150.4175446870992 180.63699817098197
149.57415168024204 181.05869467441053
148.73075867338486 181.90208768126772
147.67651741481342 183.16717719155346
147.4656691630991 184.01057019841062
147.04397265967054 184.6431149535535
146.83312440795623 185.27565970869637
146.62227615624195 185.90820446383924
145.98973140109908 186.3299009672678
145.5680348976705 186.96244572241068
145.14633839424192 187.59499047755355
144.72464189081333 188.22753523269643
144.30294538738474 188.8600799878393
143.67040063224186 189.70347299469648
143.2487041288133 190.33601774983936
142.82700762538474 190.96856250498223
142.40531112195612 191.6011072601251
141.77276636681324 192.02280376355367
141.14022161167037 192.44450026698226
140.92937335995612 193.07704502212516
140.92937335995612 193.9204380289823
140.92937335995612 194.76383103583947
141.35106986338468 195.60722404269666
141.77276636681324 196.2397687978395
142.61615937367043 196.6614653012681
143.45955238052758 197.29401005641097
144.30294538738474 197.71570655983953
144.9354901425276 197.92655481155384
145.7788831493848 198.3482513149824
146.62227615624195 198.55909956669672
147.25482091138485 198.55909956669672
147.8873656665277 198.55909956669672
148.51991042167057 198.55909956669672
149.36330342852773 198.55909956669672
149.9958481836706 198.55909956669672
150.62839293881348 198.55909956669672
151.26093769395638 198.55909956669672
151.89348244909922 198.55909956669672
152.5260272042421 198.55909956669672
153.15857195938497 198.55909956669672
nb_points_on_contour: 49
123.00727196424135 184.6431149535535
123.63981671938421 184.22141845012493
124.27236147452709 184.22141845012493
124.90490622966996 184.01057019841062
125.53745098481285 183.58887369498206
125.74829923652713 182.95632893983915
125.95914748824141 182.32378418469628
126.38084399166999 181.6912394295534
127.01338874681288 181.2695429261248
127.64593350195575 180.84784642269625
128.27847825709864 180.42614991926766
128.7001747605272 179.79360516412478
129.33271951567008 179.37190866069622
129.96526427081295 179.1610604089819
130.59780902595583 178.95021215726763
131.2303537810987 178.95021215726763
131.86289853624157 178.95021215726763
132.49544329138445 179.1610604089819
133.12798804652732 179.5827569124105
133.3388362982416 180.21530166755338
133.7605328016702 180.84784642269625
134.18222930509876 181.48039117783912
134.60392580852738 182.112935932982
134.60392580852738 182.95632893983915
134.60392580852738 183.7997219466963
134.60392580852738 184.6431149535535
134.60392580852738 185.27565970869637
134.60392580852738 185.90820446383924
134.60392580852738 186.5407492189821
134.18222930509876 187.173293974125
133.54968454995588 187.3841422258393
132.91713979481304 187.59499047755355
132.28459503967014 188.01668698098217
131.65205028452726 188.22753523269643
130.8086572776701 188.64923173612502
130.17611252252726 189.0709282395536
129.5435677673844 189.0709282395536
128.9110230122415 189.28177649126792
128.27847825709864 189.49262474298217
127.64593350195575 189.49262474298217
127.01338874681288 189.70347299469648
126.38084399166999 189.49262474298217
125.95914748824141 188.8600799878393
125.32660273309854 188.43838348441074
124.90490622966996 187.80583872926786
124.27236147452709 187.3841422258393
123.63981671938421 187.173293974125
123.21812021595564 186.5407492189821
123.21812021595564 185.90820446383924
slice_number: 9
nb_points_on_contour: 35
295.3926331799976 289.5041274923807
295.3926331799976 288.5576914756604
294.7616758355174 287.61125545894015
293.8152398187971 286.6648194422198
292.8688038020768 285.7183834254995
291.9223677853565 285.0874260810193
290.9759317686362 284.7719474087792
290.029495751916 284.7719474087792
289.08305973519566 284.7719474087792
288.1366237184754 285.40290475325946
287.82114504623524 286.34934076997973
287.50566637399515 287.2957767867
286.874709029515 288.24221280342033
286.24375168503474 289.1886488201406
285.9282730127947 290.13508483686087
285.2973156683145 291.0815208535812
284.9818369960744 292.02795687030147
284.9818369960744 292.97439288702174
285.2973156683145 293.92082890374206
285.9282730127947 294.8672649204624
286.874709029515 295.4982222649425
287.82114504623524 295.8137009371826
288.76758106295557 296.12917960942275
289.71401707967584 296.4446582816628
290.66045309639617 296.76013695390293
291.60688911311644 297.075615626143
292.5533251298367 297.3910942983831
293.8152398187971 297.3910942983831
294.7616758355174 297.70657297062326
295.70811185223766 298.0220516428633
296.9700265411981 298.3375303151034
297.91646255791835 298.3375303151034
299.1783772468787 298.65300898734347
300.12481326359904 298.9684876595836
301.07124928031936 298.9684876595836
nb_points_on_contour: 41
326.3095430595271 242.4978053286063
326.3095430595271 241.55136931188602
326.151803723407 239.8162366145655
325.9940643872869 238.08110391724495
325.9940643872869 237.13466790052468
325.36310704280675 235.24179586708408
324.4166710260864 233.97988117812372
324.1011923538464 232.7179664891633
323.78571368160624 231.77153047244303
322.83927766488597 231.77153047244303
321.8928416481657 231.77153047244303
320.94640563144543 231.77153047244303
319.9999696147251 231.77153047244303
319.05353359800483 231.77153047244303
318.1070975812845 231.77153047244303
317.16066156456424 232.7179664891633
316.21422554784397 233.03344516140342
315.2677895311237 233.97988117812372
314.95231085888355 234.926317194844
314.0058748421633 235.8727532115643
313.059438825443 236.81918922828459
312.7439601532029 237.76562524500486
312.4284814809628 238.71206126172515
312.1130028087227 239.65849727844545
312.1130028087227 240.92041196740584
312.1130028087227 241.86684798412614
312.1130028087227 242.8132840008464
312.7439601532029 243.7597200175667
313.3749174976831 244.706156034287
314.32135351440337 245.33711337876716
315.2677895311237 245.65259205100728
315.8987468756039 246.59902806772757
316.52970422008406 247.54546408444787
317.4761402368043 247.86094275668793
318.42257625352465 248.17642142892805
319.3690122702449 248.17642142892805
320.31544828696525 248.17642142892805
320.94640563144543 247.22998541220778
321.8928416481657 246.28354939548746
322.5237989926459 245.33711337876716
323.4702350093662 244.3906773620469
nb_points_on_contour: 44
142.38547714355076 273.73019388037585
139.86164776562998 272.15280051917534
138.91521174890968 271.20636450245513
138.2842544044295 270.2599284857348
137.3378183877092 269.6289711412546
136.39138237098894 269.3134924690145
135.44494635426864 268.99801379677444
133.86755299306813 268.6825351245343
132.60563830410774 267.736099107814
131.65920228738747 267.42062043557394
130.71276627066717 267.10514176333385
129.76633025394688 266.78966309109376
128.8198942372266 266.78966309109376
128.18893689274643 268.0515777800541
128.18893689274643 268.99801379677444
128.18893689274643 269.9444498134947
128.18893689274643 270.890885830215
128.18893689274643 271.8373218469353
128.18893689274643 272.7837578636556
127.87345822050631 273.73019388037585
127.87345822050631 274.9921085693362
127.87345822050631 275.93854458605654
128.18893689274643 276.88498060277686
128.18893689274643 277.83141661949713
128.50441556498652 278.7778526362174
128.8198942372266 279.72428865293773
129.76633025394688 280.03976732517776
130.71276627066717 280.670724669658
131.97468095962756 281.3016820141382
133.23659564858795 281.3016820141382
134.18303166530825 281.61716068637827
135.44494635426864 281.61716068637827
136.39138237098894 281.9326393586184
137.3378183877092 281.9326393586184
138.2842544044295 281.9326393586184
139.5461690933899 281.9326393586184
140.49260511011016 281.9326393586184
141.43904112683046 281.9326393586184
142.38547714355076 281.9326393586184
143.33191316027103 280.9862033418981
143.33191316027103 280.03976732517776
143.33191316027103 279.09333130845755
143.33191316027103 278.1468952917372
143.33191316027103 277.2004592750169
label: consolidation
localisation: diffuse
slice_number: 3
nb_points_on_contour: 52
304.2260360027203 253.22408018476958
302.9641213137599 252.90860151252951
301.3867279525594 252.90860151252951
300.4402919358391 252.90860151252951
299.49385591911886 252.90860151252951
298.23194123015844 252.90860151252951
296.9700265411981 253.22408018476958
295.70811185223766 253.85503752924978
294.7616758355174 254.48599487373
293.8152398187971 254.80147354597008
292.8688038020768 254.80147354597008
291.9223677853565 256.37886690717056
291.29141044087635 257.32530292389083
290.344974424156 257.956260268371
290.029495751916 258.90269628509134
290.029495751916 259.84913230181166
289.71401707967584 261.111046990772
289.71401707967584 262.0574830074923
289.71401707967584 263.00391902421256
289.71401707967584 263.9503550409329
289.71401707967584 264.89679105765316
290.66045309639617 266.1587057466136
291.60688911311644 267.10514176333385
292.2378464575966 268.0515777800541
293.18428247431694 268.6825351245343
294.4461971632773 269.3134924690145
295.3926331799976 269.9444498134947
296.3390691967179 270.2599284857348
297.28550521343817 270.57540715797495
298.23194123015844 270.57540715797495
299.1783772468787 270.890885830215
300.12481326359904 270.890885830215
301.07124928031936 270.890885830215
302.01768529703963 270.57540715797495
302.9641213137599 269.9444498134947
303.9105573304802 269.9444498134947
304.8569933472005 269.6289711412546
305.80342936392077 269.3134924690145
306.43438670840095 268.36705645229426
307.06534405288113 267.42062043557394
307.6963013973613 266.4741844188536
308.01178006960146 265.5277484021334
308.9582160863217 264.58131238541307
309.5891734308019 263.63487636869274
309.5891734308019 262.3729616797324
309.5891734308019 261.42652566301206
309.5891734308019 260.48008964629184
309.2736947585618 259.2181749573314
308.64273741408164 258.27173894061116
308.01178006960146 257.32530292389083
307.3808227251213 256.37886690717056
306.43438670840095 255.74790956269035
slice_number: 4
nb_points_on_contour: 107
161.94515482243673 265.5277484021334
161.31419747795655 264.58131238541307
160.36776146123626 263.9503550409329
159.42132544451596 263.3193976964527
158.15941075555557 262.3729616797324
157.21297473883527 261.7420043352522
155.9510600498749 261.111046990772
155.0046240331546 260.48008964629184
154.05818801643431 259.84913230181166
153.11175199971404 259.5336536295715
151.84983731075366 259.5336536295715
150.90340129403336 259.5336536295715
149.9569652773131 259.5336536295715
149.0105292605928 259.2181749573314
148.0640932438725 259.2181749573314
146.48669988267199 258.90269628509134
145.22478519371163 258.90269628509134
143.174173824151 258.5872176128512
141.12356245459037 258.27173894061116
139.2306904211498 258.27173894061116
138.2842544044295 258.27173894061116
137.3378183877092 258.27173894061116
136.07590369874885 258.27173894061116
135.12946768202852 258.5872176128512
133.86755299306813 259.2181749573314
132.92111697634783 259.2181749573314
131.97468095962756 259.84913230181166
131.0282449429073 260.1646109740517
130.08180892618697 261.111046990772
129.1353729094667 261.7420043352522
127.87345822050631 262.0574830074923
127.24250087602613 263.00391902421256
126.61154353154593 263.9503550409329
126.29606485930583 264.89679105765316
126.29606485930583 266.1587057466136
126.29606485930583 267.42062043557394
126.29606485930583 268.6825351245343
126.92702220378602 269.6289711412546
126.92702220378602 270.57540715797495
127.24250087602613 271.8373218469353
128.18893689274643 272.4682791914155
128.8198942372266 273.4147152081358
129.4508515817068 274.36115122485603
130.08180892618697 275.62306591381645
130.71276627066717 276.5695019305367
131.34372361514738 277.51593794725704
132.29015963186765 278.4623739639773
132.60563830410774 279.4088099806976
132.92111697634783 280.3552459974179
133.23659564858795 281.3016820141382
134.18303166530825 281.9326393586184
135.12946768202852 282.5635967030986
135.76042502650873 283.51003271981887
136.70686104322903 283.82551139205896
137.65329705994932 284.45646873653914
139.5461690933899 285.40290475325946
140.80808378235028 286.34934076997973
141.75451979907055 286.6648194422198
142.70095581579085 286.98029811445997
143.96287050475124 287.61125545894015
144.9093065214715 287.9267341311802
147.1176572271522 288.5576914756604
148.6950505883527 289.1886488201406
149.9569652773131 289.81960616462084
150.90340129403336 290.13508483686087
151.84983731075366 290.76604218134105
152.79627332747395 291.3969995258213
153.74270934419422 291.7124781980614
155.3201027053947 292.34343554254156
156.5820173943551 292.97439288702174
157.84393208331548 293.2898715592619
159.42132544451596 293.92082890374206
160.99871880571646 294.8672649204624
162.89159083915703 295.8137009371826
163.83802685587733 296.12917960942275
164.7844628725976 296.12917960942275
166.046377561558 296.12917960942275
167.30829225051838 296.12917960942275
168.25472826723868 295.8137009371826
169.20116428395895 295.8137009371826
170.14760030067924 295.8137009371826
170.77855764515942 294.8672649204624
171.72499366187972 293.92082890374206
172.35595100635993 292.97439288702174
172.35595100635993 292.02795687030147
172.04047233411984 290.450563509101
171.72499366187972 289.5041274923807
171.09403631739954 288.24221280342033
170.46307897291933 287.2957767867
169.83212162843915 286.34934076997973
168.88568561171886 285.40290475325946
167.93924959499856 283.82551139205896
166.9928135782783 282.5635967030986
166.6773349060382 281.61716068637827
165.7308988893179 280.670724669658
165.4154202170778 279.72428865293773
165.09994154483772 278.7778526362174
164.15350552811742 277.51593794725704
163.83802685587733 276.2540232582967
163.52254818363724 275.30758724157636
162.89159083915703 274.045672552616
162.57611216691694 273.09923653589567
162.26063349467685 272.15280051917534
162.26063349467685 270.890885830215
162.26063349467685 269.9444498134947
161.94515482243673 268.6825351245343
161.94515482243673 267.736099107814
slice_number: 9
nb_points_on_contour: 128
169.20116428395895 272.4682791914155
167.93924959499856 272.4682791914155
166.6773349060382 272.7837578636556
165.4154202170778 273.4147152081358
164.4689842003575 273.73019388037585
162.89159083915703 273.73019388037585
161.94515482243673 274.045672552616
160.99871880571646 274.045672552616
160.05228278899617 274.36115122485603
159.10584677227587 274.6766298970962
158.15941075555557 275.30758724157636
157.21297473883527 275.62306591381645
156.266538722115 276.88498060277686
155.3201027053947 277.2004592750169
154.68914536091452 278.1468952917372
153.74270934419422 278.7778526362174
152.48079465523384 279.72428865293773
151.53435863851357 280.03976732517776
150.27244394955318 280.670724669658
149.32600793283288 281.3016820141382
148.3795719161126 281.61716068637827
147.4331358993923 281.9326393586184
146.48669988267199 282.5635967030986
145.54026386595172 283.1945540475788
144.59382784923142 283.82551139205896
143.64739183251115 284.7719474087792
142.70095581579085 285.40290475325946
141.75451979907055 286.03386209773964
140.80808378235028 286.34934076997973
139.86164776562998 286.98029811445997
138.91521174890968 287.61125545894015
137.9687757321894 287.9267341311802
136.70686104322903 287.61125545894015
135.44494635426864 287.9267341311802
134.18303166530825 288.5576914756604
133.23659564858795 288.8731701479005
132.29015963186765 289.5041274923807
131.34372361514738 290.450563509101
130.39728759842708 291.0815208535812
129.4508515817068 292.34343554254156
128.50441556498652 292.97439288702174
127.87345822050631 293.92082890374206
127.87345822050631 294.8672649204624
127.55797954826622 295.8137009371826
127.24250087602613 296.76013695390293
126.92702220378602 297.70657297062326
126.92702220378602 298.65300898734347
126.61154353154593 299.5994450040638
126.61154353154593 300.86135969302416
126.61154353154593 301.8077957097445
126.61154353154593 302.75423172646475
126.61154353154593 303.700667743185
126.61154353154593 304.64710375990535
126.61154353154593 305.5935397766257
126.61154353154593 306.5399757933459
126.92702220378602 307.4864118100662
127.24250087602613 308.4328478267865
128.18893689274643 308.7483264990266
129.1353729094667 309.06380517126667
130.39728759842708 309.37928384350676
131.34372361514738 309.6947625157469
132.29015963186765 309.6947625157469
133.23659564858795 310.3257198602271
134.18303166530825 310.6411985324672
135.12946768202852 310.6411985324672
136.39138237098894 310.95667720470726
137.65329705994932 311.9031132214276
138.2842544044295 312.84954923814786
139.2306904211498 313.16502791038795
140.17712643787007 313.7959852548681
141.12356245459037 314.4269425993483
142.38547714355076 314.74242127158846
143.33191316027103 315.37337861606863
144.27834917699133 315.37337861606863
145.8557425381918 315.37337861606863
146.8021785549121 315.6888572883087
147.7486145716324 315.6888572883087
148.6950505883527 315.6888572883087
149.9569652773131 315.6888572883087
151.21887996627345 315.6888572883087
152.16531598299375 315.6888572883087
153.11175199971404 315.6888572883087
154.05818801643431 315.6888572883087
155.3201027053947 315.6888572883087
156.5820173943551 315.6888572883087
157.84393208331548 315.6888572883087
159.10584677227587 315.6888572883087
160.05228278899617 315.6888572883087
160.99871880571646 315.37337861606863
161.94515482243673 315.0578999438285
163.20706951139712 315.0578999438285
164.15350552811742 314.74242127158846
165.4154202170778 313.7959852548681
166.36185623379808 313.16502791038795
167.30829225051838 312.53407056590777
168.25472826723868 311.58763454918744
169.20116428395895 310.6411985324672
170.46307897291933 309.6947625157469
171.09403631739954 308.7483264990266
171.40951498963963 307.8018904823063
172.04047233411984 306.85545446558604
172.35595100635993 305.9090184488657
172.98690835084014 304.96258243214544
173.30238702308023 304.01614641542517
174.24882303980053 303.38518907094493
174.56430171204062 302.43875305422466
174.8797803842807 301.49231703750434
175.1952590565208 300.54588102078407
175.826216401001 299.5994450040638
176.1416950732411 298.65300898734347
176.77265241772128 297.70657297062326
177.40360976220148 296.76013695390293
178.03456710668166 295.8137009371826
178.03456710668166 294.8672649204624
178.35004577892175 293.6053502315019
178.98100312340196 292.65891421478165
179.29648179564205 291.7124781980614
179.29648179564205 290.76604218134105
179.29648179564205 288.8731701479005
179.61196046788214 287.9267341311802
179.61196046788214 286.34934076997973
179.61196046788214 285.0874260810193
179.61196046788214 284.1409900642991
179.61196046788214 283.1945540475788
179.61196046788214 282.24811803085845
179.61196046788214 280.670724669658
179.61196046788214 279.72428865293773
179.61196046788214 278.7778526362174
slice_number: 12
nb_points_on_contour: 116
142.70095581579085 294.8672649204624
142.06999847131067 293.92082890374206
140.49260511011016 292.02795687030147
139.5461690933899 291.3969995258213
138.5997330766696 290.76604218134105
137.9687757321894 289.81960616462084
137.02233971546912 289.1886488201406
136.07590369874885 288.5576914756604
135.44494635426864 287.2957767867
134.49851033754834 286.03386209773964
133.55207432082804 285.0874260810193
132.92111697634783 283.82551139205896
131.97468095962756 283.1945540475788
131.34372361514738 282.24811803085845
130.39728759842708 281.61716068637827
129.4508515817068 280.9862033418981
128.50441556498652 280.670724669658
127.55797954826622 280.670724669658
126.61154353154593 280.670724669658
125.34962884258555 280.670724669658
124.08771415362516 280.670724669658
123.14127813690487 280.670724669658
121.87936344794447 280.670724669658
120.61744875898408 280.670724669658
119.6710127422638 280.670724669658
118.72457672554351 280.670724669658
117.77814070882322 280.670724669658
116.83170469210293 280.670724669658
115.88526867538265 280.670724669658
114.93883265866235 280.670724669658
113.99239664194207 280.670724669658
112.41500328074157 280.9862033418981
111.46856726402129 280.9862033418981
110.522131247301 281.3016820141382
109.5756952305807 281.61716068637827
108.62925921386042 281.9326393586184
107.68282319714014 282.5635967030986
106.73638718041984 283.51003271981887
106.10542983593965 284.45646873653914
105.15899381921936 285.7183834254995
104.52803647473917 287.2957767867
104.21255780249906 288.5576914756604
103.89707913025897 289.5041274923807
103.89707913025897 291.3969995258213
103.89707913025897 292.65891421478165
104.21255780249906 293.6053502315019
104.52803647473917 294.55178624822224
104.84351514697926 295.8137009371826
104.84351514697926 297.075615626143
105.47447249145945 298.0220516428633
106.42090850817974 299.5994450040638
107.36734452490003 301.1768383652643
108.31378054162033 302.1232743819846
108.94473788610053 303.06971039870484
109.89117390282081 303.700667743185
111.1530885917812 304.96258243214544
112.09952460850148 305.9090184488657
113.04596062522177 306.5399757933459
113.99239664194207 307.4864118100662
114.93883265866235 307.8018904823063
116.20074734762274 308.7483264990266
117.14718336434302 309.06380517126667
118.09361938106332 309.6947625157469
119.0400553977836 310.01024118798694
119.98649141450389 310.6411985324672
121.56388477570437 310.95667720470726
122.51032079242466 311.27215587694735
123.77223548138507 311.58763454918744
125.03415017034546 312.2185918936676
125.98058618706574 312.53407056590777
127.24250087602613 313.16502791038795
128.18893689274643 313.7959852548681
129.1353729094667 314.1114639271082
130.39728759842708 314.74242127158846
131.65920228738747 315.0578999438285
132.60563830410774 315.37337861606863
133.55207432082804 315.37337861606863
134.49851033754834 315.6888572883087
135.76042502650873 316.31981463278896
137.02233971546912 316.9507719772691
137.9687757321894 317.2662506495092
139.2306904211498 317.5817293217493
141.12356245459037 318.2126866662295
142.38547714355076 318.5281653384696
143.33191316027103 318.5281653384696
144.9093065214715 318.8436440107097
145.8557425381918 318.8436440107097
147.1176572271522 318.8436440107097
148.3795719161126 319.15912268294977
149.64148660507297 319.15912268294977
150.58792262179327 319.15912268294977
151.53435863851357 319.15912268294977
152.48079465523384 319.15912268294977
153.42723067195413 318.8436440107097
154.37366668867443 318.8436440107097
155.3201027053947 318.8436440107097
156.5820173943551 318.8436440107097
157.84393208331548 318.8436440107097
158.79036810003575 318.8436440107097
160.05228278899617 318.8436440107097
161.31419747795655 318.5281653384696
162.26063349467685 318.2126866662295
163.20706951139712 317.5817293217493
164.15350552811742 317.2662506495092
165.09994154483772 316.9507719772691
166.046377561558 316.31981463278896
166.9928135782783 315.6888572883087
167.93924959499856 315.0578999438285
168.88568561171886 314.4269425993483
169.20116428395895 313.48050658262804
169.83212162843915 312.53407056590777
169.83212162843915 311.58763454918744
169.83212162843915 310.6411985324672
169.83212162843915 309.37928384350676
169.83212162843915 308.4328478267865
169.51664295619904 307.4864118100662
slice_number: 13
nb_points_on_contour: 159
136.07590369874885 273.73019388037585
135.44494635426864 272.7837578636556
134.49851033754834 272.15280051917534
133.55207432082804 271.20636450245513
131.65920228738747 269.6289711412546
131.0282449429073 268.6825351245343
129.76633025394688 268.36705645229426
128.50441556498652 267.42062043557394
127.24250087602613 266.4741844188536
126.29606485930583 265.5277484021334
125.34962884258555 264.89679105765316
124.40319282586526 264.58131238541307
123.14127813690487 264.265833713173
122.19484212018456 263.9503550409329
120.93292743122417 263.63487636869274
119.6710127422638 263.00391902421256
118.72457672554351 263.00391902421256
117.14718336434302 262.0574830074923
115.56979000314254 261.42652566301206
114.30787531418217 260.79556831853193
113.36143929746187 260.48008964629184
112.41500328074157 260.1646109740517
111.46856726402129 259.5336536295715
109.89117390282081 259.2181749573314
108.62925921386042 259.2181749573314
107.36734452490003 258.90269628509134
106.42090850817974 258.90269628509134
105.47447249145945 258.90269628509134
104.52803647473917 258.90269628509134
103.58160045801888 258.90269628509134
102.63516444129858 259.2181749573314
100.742292407858 260.79556831853193
100.11133506337781 261.7420043352522
99.48037771889761 262.68844035197253
98.84942037441742 263.9503550409329
98.53394170217733 264.89679105765316
97.90298435769714 266.78966309109376
97.90298435769714 267.736099107814
97.58750568545705 268.6825351245343
97.58750568545705 269.6289711412546
97.58750568545705 270.890885830215
97.58750568545705 271.8373218469353
97.58750568545705 273.09923653589567
97.58750568545705 274.6766298970962
97.90298435769714 275.93854458605654
98.21846302993724 277.2004592750169
98.53394170217733 278.1468952917372
98.53394170217733 279.09333130845755
98.84942037441742 280.03976732517776
98.84942037441742 281.3016820141382
98.84942037441742 282.5635967030986
99.16489904665752 283.51003271981887
99.16489904665752 284.45646873653914
99.16489904665752 285.40290475325946
99.48037771889761 286.34934076997973
100.11133506337781 287.61125545894015
100.42681373561791 288.5576914756604
100.742292407858 289.5041274923807
101.05777108009809 290.450563509101
101.6887284245783 291.3969995258213
102.0042070968184 292.34343554254156
102.3196857690585 293.2898715592619
102.95064311353869 294.23630757598215
103.58160045801888 295.1827435927024
104.21255780249906 296.4446582816628
105.15899381921936 297.3910942983831
106.42090850817974 299.2839663318237
107.36734452490003 300.230402348544
108.62925921386042 301.1768383652643
108.94473788610053 302.1232743819846
109.89117390282081 302.75423172646475
110.8376099195411 303.38518907094493
111.46856726402129 304.64710375990535
112.41500328074157 305.9090184488657
113.36143929746187 307.17093313782607
114.30787531418217 308.4328478267865
114.93883265866235 309.37928384350676
115.56979000314254 310.3257198602271
116.51622601986284 311.27215587694735
117.46266203658313 312.2185918936676
118.40909805330341 312.53407056590777
119.6710127422638 313.48050658262804
120.61744875898408 314.4269425993483
121.87936344794447 315.0578999438285
122.82579946466475 315.6888572883087
124.40319282586526 316.79303264114907
125.98058618706574 317.89720799398935
126.92702220378602 318.5281653384696
127.87345822050631 319.15912268294977
128.8198942372266 319.79008002742995
129.76633025394688 320.10555869967004
130.71276627066717 320.7365160441502
131.65920228738747 321.05199471639037
132.92111697634783 321.68295206087055
134.18303166530825 321.99843073311064
135.12946768202852 322.3139094053507
136.39138237098894 322.9448667498309
137.3378183877092 323.57582409431114
138.5997330766696 324.2067814387913
139.5461690933899 324.5222601110314
141.12356245459037 324.8377387832715
142.06999847131067 325.1532174555116
143.64739183251115 325.1532174555116
144.9093065214715 325.1532174555116
145.8557425381918 325.1532174555116
147.1176572271522 325.1532174555116
148.0640932438725 324.8377387832715
149.32600793283288 324.8377387832715
150.58792262179327 324.2067814387913
151.84983731075366 323.89130276655123
153.11175199971404 323.89130276655123
154.68914536091452 323.57582409431114
155.9510600498749 323.57582409431114
157.21297473883527 323.26034542207105
158.47488942779566 322.9448667498309
160.36776146123626 322.6293880775909
161.62967615019664 321.99843073311064
162.57611216691694 321.99843073311064
163.52254818363724 321.68295206087055
164.4689842003575 321.36747338863046
166.046377561558 320.4210373719102
166.9928135782783 319.15912268294977
168.57020693947877 318.5281653384696
169.51664295619904 317.5817293217493
170.77855764515942 316.9507719772691
171.09403631739954 316.0043359605488
171.72499366187972 315.0578999438285
172.67142967860002 314.4269425993483
173.30238702308023 313.48050658262804
173.61786569532032 312.2185918936676
174.24882303980053 311.27215587694735
174.24882303980053 310.3257198602271
174.24882303980053 309.37928384350676
174.24882303980053 308.1173691545464
173.9333443675604 307.17093313782607
173.9333443675604 306.2244971211058
173.30238702308023 305.27806110438553
172.35595100635993 304.3316250876652
171.09403631739954 303.38518907094493
170.46307897291933 302.43875305422466
169.83212162843915 301.1768383652643
168.88568561171886 300.230402348544
167.93924959499856 299.9149236763039
166.6773349060382 298.9684876595836
165.7308988893179 298.3375303151034
164.7844628725976 297.70657297062326
163.83802685587733 297.075615626143
162.26063349467685 296.12917960942275
161.31419747795655 295.8137009371826
159.73680411675608 294.8672649204624
158.47488942779566 294.23630757598215
157.5284534110754 293.6053502315019
156.5820173943551 292.97439288702174
155.6355813776348 292.34343554254156
154.68914536091452 292.02795687030147
153.42723067195413 291.0815208535812
152.48079465523384 290.76604218134105
151.53435863851357 290.450563509101
150.58792262179327 289.5041274923807
nb_points_on_contour: 145
283.719922307114 263.00391902421256
284.6663583238343 263.00391902421256
285.61279434055456 263.00391902421256
286.874709029515 262.68844035197253
287.82114504623524 262.68844035197253
288.76758106295557 262.68844035197253
290.029495751916 262.68844035197253
290.9759317686362 262.68844035197253
292.2378464575966 262.68844035197253
293.499761146557 262.68844035197253
294.4461971632773 262.3729616797324
295.3926331799976 261.7420043352522
296.02359052447775 260.79556831853193
296.65454786895793 259.84913230181166
296.9700265411981 258.5872176128512
296.9700265411981 257.640781596131
297.28550521343817 256.69434557941065
297.28550521343817 255.74790956269035
297.28550521343817 254.80147354597008
297.28550521343817 253.85503752924978
297.28550521343817 252.90860151252951
297.28550521343817 251.96216549580922
297.28550521343817 251.01572947908892
297.28550521343817 249.75381479012853
297.28550521343817 248.17642142892805
297.28550521343817 247.22998541220778
298.23194123015844 246.59902806772757
299.1783772468787 246.59902806772757
300.12481326359904 246.91450673996766
301.70220662479954 249.12285744564835
302.6486426415198 250.38477213460874
303.279599986 251.331208151329
303.59507865824014 252.2776441680493
303.9105573304802 253.22408018476958
303.9105573304802 254.48599487373
303.9105573304802 255.4324308904503
303.279599986 256.69434557941065
302.6486426415198 257.640781596131
302.01768529703963 258.5872176128512
301.07124928031936 259.5336536295715
300.12481326359904 260.48008964629184
299.49385591911886 261.42652566301206
298.54741990239853 261.7420043352522
297.60098388567826 262.68844035197253
296.65454786895793 263.63487636869274
296.65454786895793 264.58131238541307
296.65454786895793 265.5277484021334
296.65454786895793 266.78966309109376
297.28550521343817 268.0515777800541
297.60098388567826 268.99801379677444
298.23194123015844 269.9444498134947
299.1783772468787 270.2599284857348
300.7557706080792 270.890885830215
301.70220662479954 271.52184317469516
302.6486426415198 271.52184317469516
303.59507865824014 271.8373218469353
304.54151467496035 272.15280051917534
305.4879506916807 273.09923653589567
306.43438670840095 274.045672552616
307.3808227251213 274.9921085693362
308.64273741408164 275.93854458605654
309.5891734308019 276.2540232582967
310.53560944752223 276.88498060277686
311.1665667920024 277.83141661949713
311.7975241364826 279.09333130845755
312.4284814809628 280.3552459974179
312.4284814809628 281.3016820141382
313.059438825443 282.24811803085845
313.059438825443 283.1945540475788
313.059438825443 284.45646873653914
313.059438825443 286.34934076997973
312.7439601532029 287.2957767867
312.7439601532029 288.24221280342033
311.4820454642425 288.5576914756604
310.53560944752223 289.1886488201406
309.2736947585618 290.13508483686087
308.32725874184155 290.450563509101
307.06534405288113 291.0815208535812
306.11890803616086 291.7124781980614
305.1724720194406 291.7124781980614
303.9105573304802 291.7124781980614
302.6486426415198 291.0815208535812
300.7557706080792 289.1886488201406
299.8093345913589 288.5576914756604
299.1783772468787 287.61125545894015
298.23194123015844 286.34934076997973
297.28550521343817 286.03386209773964
296.9700265411981 285.0874260810193
296.65454786895793 284.1409900642991
295.70811185223766 283.1945540475788
295.70811185223766 282.24811803085845
295.3926331799976 281.3016820141382
294.7616758355174 280.03976732517776
294.1307184910372 279.09333130845755
293.18428247431694 278.4623739639773
292.2378464575966 278.4623739639773
290.9759317686362 278.4623739639773
290.029495751916 278.4623739639773
289.08305973519566 278.4623739639773
288.1366237184754 278.4623739639773
287.19018770175506 278.4623739639773
286.24375168503474 278.7778526362174
284.9818369960744 279.09333130845755
284.0354009793541 279.09333130845755
282.77348629039375 280.03976732517776
281.8270502736734 280.9862033418981
280.56513558471306 281.9326393586184
279.30322089575264 282.87907537533863
278.3567848790324 283.51003271981887
276.77939151783187 284.45646873653914
274.88651948439133 285.7183834254995
272.99364745095073 286.98029811445997
272.0472114342304 287.61125545894015
271.10077541751014 287.9267341311802
270.15433940078987 287.9267341311802
269.52338205630963 286.6648194422198
268.5769460395894 286.03386209773964
267.6305100228691 284.7719474087792
266.6840740061488 283.82551139205896
266.6840740061488 282.87907537533863
266.6840740061488 281.3016820141382
266.6840740061488 280.3552459974179
266.6840740061488 279.4088099806976
266.6840740061488 278.4623739639773
266.6840740061488 277.51593794725704
266.9995526783889 276.5695019305367
268.5769460395894 276.2540232582967
269.8388607285498 276.2540232582967
270.78529674527005 276.2540232582967
271.7317327619904 276.2540232582967
272.67816877871064 276.2540232582967
273.940083467671 276.2540232582967
275.5174768288715 275.62306591381645
276.46391284559184 275.62306591381645
277.7258275345522 274.9921085693362
278.67226355127247 274.6766298970962
279.6186995679928 274.36115122485603
280.56513558471306 273.4147152081358
280.88061425695315 272.4682791914155
281.19609292919324 271.52184317469516
281.19609292919324 269.9444498134947
281.19609292919324 268.99801379677444
281.19609292919324 268.0515777800541
281.19609292919324 267.10514176333385
281.19609292919324 266.1587057466136
slice_number: 14
nb_points_on_contour: 179
116.83170469210293 258.5872176128512
115.88526867538265 257.640781596131
114.93883265866235 257.640781596131
112.73048195298169 257.640781596131
111.46856726402127 257.640781596131
110.52213124730102 257.640781596131
109.5756952305807 257.640781596131
108.62925921386042 257.640781596131
107.68282319714014 257.9562602683711
106.73638718041984 258.27173894061116
105.15899381921936 258.90269628509145
103.89707913025897 259.2181749573315
102.95064311353869 259.53365362957163
101.6887284245783 259.84913230181166
100.42681373561791 260.48008964629184
97.90298435769714 262.05748300749235
96.95654834097685 262.68844035197253
95.69463365201646 263.63487636869274
94.43271896305608 264.5813123854132
93.48628294633578 265.5277484021334
92.53984692961549 266.1587057466136
91.9088895851353 267.1051417633339
91.27793224065512 268.36705645229426
90.64697489617492 269.3134924690145
90.33149622393482 270.2599284857349
90.01601755169473 271.20636450245513
89.70053887945463 272.4682791914156
89.38506020721454 273.73019388037596
89.38506020721454 275.30758724157647
89.38506020721454 276.56950193053683
89.38506020721454 277.51593794725716
89.38506020721454 279.4088099806976
89.38506020721454 280.355245997418
89.38506020721454 281.30168201413824
89.38506020721454 282.24811803085845
89.38506020721454 283.82551139205907
89.38506020721454 284.77194740877934
89.38506020721454 285.7183834254995
90.01601755169473 287.2957767867001
90.33149622393482 288.5576914756605
90.96245356841501 289.5041274923808
91.59341091289521 290.45056350910113
92.8553256018556 292.0279568703015
93.48628294633578 293.289871559262
95.06367630753627 295.18274359270254
95.69463365201646 296.4446582816628
96.32559099649666 297.7065729706235
97.27202701321694 298.96848765958373
98.53394170217733 300.2304023485441
100.11133506337781 301.1768383652644
101.6887284245783 302.12327438198463
102.63516444129858 302.7542317264648
103.58160045801888 302.7542317264648
104.52803647473917 302.7542317264648
105.47447249145945 302.7542317264648
106.42090850817974 302.7542317264648
107.36734452490003 302.7542317264648
108.31378054162033 302.7542317264648
109.89117390282081 302.4387530542248
111.1530885917812 302.4387530542248
112.0995246085015 302.12327438198463
113.36143929746187 301.1768383652644
114.30787531418217 300.86135969302416
115.25431133090245 299.91492367630394
116.20074734762274 299.28396633182376
117.14718336434302 298.65300898734347
118.09361938106332 298.3375303151035
119.0400553977836 298.3375303151035
121.24840610346428 298.3375303151035
122.51032079242466 298.65300898734347
123.45675680914498 298.65300898734347
124.71867149810535 298.96848765958373
125.66510751482564 299.28396633182376
127.24250087602613 299.5994450040639
128.8198942372266 299.91492367630394
131.0282449429073 301.1768383652644
131.97468095962756 301.49231703750434
133.23659564858795 301.8077957097446
134.49851033754834 302.12327438198463
135.44494635426864 302.7542317264648
136.39138237098894 303.38518907094505
137.65329705994932 303.700667743185
138.5997330766696 304.3316250876652
139.5461690933899 304.64710375990546
140.49260511011016 305.27806110438564
141.43904112683046 305.5935397766259
142.38547714355076 305.9090184488657
143.33191316027103 305.9090184488657
144.27834917699133 305.9090184488657
144.9093065214715 304.9625824321455
144.9093065214715 304.0161464154253
144.9093065214715 303.06971039870496
144.9093065214715 302.12327438198463
144.27834917699133 301.1768383652644
143.64739183251115 300.2304023485441
143.01643448803094 299.28396633182376
142.38547714355076 298.3375303151035
141.43904112683046 297.3910942983832
140.80808378235028 295.8137009371826
139.86164776562998 294.2363075759822
139.5461690933899 292.97439288702174
139.5461690933899 292.0279568703015
138.91521174890968 291.0815208535813
138.91521174890968 290.13508483686087
138.5997330766696 288.8731701479006
138.5997330766696 287.9267341311802
137.9687757321894 286.98029811445997
137.9687757321894 285.7183834254995
137.65329705994932 283.1945540475789
139.86164776562998 280.67072466965806
140.80808378235028 280.35524599741797
142.38547714355076 279.4088099806976
143.64739183251115 278.77785263621746
144.9093065214715 278.46237396397737
145.8557425381918 277.8314166194972
146.8021785549121 277.2004592750169
148.3795719161126 276.8849806027769
149.32600793283288 276.2540232582967
151.21887996627345 275.3075872415764
153.42723067195413 274.36115122485603
154.37366668867443 273.7301938803759
155.3201027053947 273.4147152081358
156.266538722115 273.0992365358957
157.21297473883527 273.0992365358957
158.79036810003575 272.15280051917534
160.05228278899617 271.20636450245513
160.68324013347637 270.25992848573486
160.99871880571646 269.3134924690145
161.62967615019664 268.0515777800542
162.26063349467685 266.4741844188536
162.26063349467685 265.2122697298933
162.26063349467685 264.26583371317304
162.26063349467685 263.3193976964527
162.26063349467685 262.37296167973244
160.68324013347637 260.795568318532
160.05228278899617 259.84913230181166
159.42132544451596 258.9026962850914
158.79036810003575 257.95626026837107
157.84393208331548 257.3253029238909
156.89749606659518 257.0098242516508
155.9510600498749 256.6943455794107
155.0046240331546 256.0633882349305
154.05818801643431 255.74790956269035
152.79627332747395 255.1169522182102
151.84983731075366 254.80147354597014
150.58792262179327 254.48599487373002
149.64148660507297 254.48599487373002
148.6950505883527 254.48599487373002
147.7486145716324 254.48599487373002
146.8021785549121 253.85503752924978
145.22478519371163 253.53955885700972
143.96287050475124 252.90860151252957
142.38547714355076 252.59312284028945
141.12356245459037 252.27764416804933
139.86164776562998 251.96216549580922
138.91521174890968 251.96216549580922
137.9687757321894 251.96216549580922
137.02233971546912 251.96216549580922
136.07590369874885 251.96216549580922
135.12946768202852 255.4324308904503
135.12946768202852 256.37886690717056
135.12946768202852 257.32530292389083
134.81398900978843 258.27173894061116
133.86755299306813 258.5872176128512
132.92111697634783 258.90269628509134
131.97468095962756 258.90269628509134
131.0282449429073 258.90269628509134
130.08180892618697 259.2181749573314
128.18893689274643 259.2181749573314
127.24250087602613 259.2181749573314
126.29606485930583 259.2181749573314
125.03415017034546 259.2181749573314
123.77223548138507 259.2181749573314
122.51032079242466 259.2181749573314
120.61744875898408 259.2181749573314
119.6710127422638 259.2181749573314
118.72457672554351 259.5336536295715
117.46266203658313 259.84913230181166
116.51622601986284 260.16461097405175
slice_number: 15
nb_points_on_contour: 133
142.70095581579085 261.42652566301206
141.75451979907055 261.42652566301206
140.80808378235028 261.111046990772
139.2306904211498 260.48008964629184
137.9687757321894 260.1646109740517
137.02233971546912 260.1646109740517
136.07590369874885 260.1646109740517
135.12946768202852 260.1646109740517
134.18303166530825 260.79556831853193
134.18303166530825 261.7420043352522
133.55207432082804 262.68844035197253
133.23659564858795 263.9503550409329
133.23659564858795 265.21226972989325
133.23659564858795 266.1587057466136
133.23659564858795 267.10514176333385
133.23659564858795 268.0515777800541
133.23659564858795 268.99801379677444
132.29015963186765 269.3134924690145
131.34372361514738 269.9444498134947
130.39728759842708 270.57540715797495
129.4508515817068 270.890885830215
128.18893689274643 270.890885830215
127.24250087602613 270.890885830215
125.34962884258555 270.57540715797495
123.45675680914498 269.9444498134947
122.51032079242466 269.9444498134947
121.56388477570437 269.9444498134947
120.61744875898408 269.9444498134947
119.6710127422638 269.9444498134947
118.72457672554351 269.6289711412546
117.46266203658313 269.3134924690145
116.51622601986284 269.3134924690145
115.25431133090245 268.99801379677444
113.67691796970196 268.36705645229426
112.73048195298168 268.0515777800541
111.78404593626138 268.0515777800541
110.522131247301 268.0515777800541
109.5756952305807 268.0515777800541
108.62925921386042 268.0515777800541
107.36734452490003 267.736099107814
106.42090850817974 267.736099107814
105.47447249145945 267.736099107814
104.52803647473917 267.736099107814
103.58160045801888 267.736099107814
102.63516444129858 267.736099107814
102.3196857690585 268.99801379677444
101.3732497523382 270.2599284857348
100.42681373561791 271.52184317469516
99.79585639113772 272.7837578636556
99.79585639113772 273.73019388037585
99.48037771889761 274.6766298970962
99.79585639113772 275.62306591381645
100.11133506337781 276.88498060277686
100.42681373561791 278.1468952917372
100.742292407858 279.09333130845755
100.742292407858 280.3552459974179
100.742292407858 281.3016820141382
101.05777108009809 282.5635967030986
101.3732497523382 284.1409900642991
101.6887284245783 285.7183834254995
102.0042070968184 287.2957767867
102.0042070968184 288.24221280342033
102.3196857690585 289.1886488201406
102.3196857690585 290.13508483686087
102.3196857690585 291.0815208535812
102.63516444129858 292.02795687030147
103.89707913025897 292.65891421478165
105.15899381921936 293.2898715592619
106.10542983593965 293.92082890374206
107.05186585265993 294.8672649204624
107.99830186938023 295.8137009371826
108.94473788610053 296.4446582816628
110.522131247301 296.4446582816628
111.46856726402129 296.4446582816628
112.41500328074157 296.76013695390293
113.36143929746187 297.3910942983831
114.62335398642226 297.70657297062326
115.88526867538265 298.0220516428633
117.46266203658313 298.3375303151034
118.40909805330341 298.3375303151034
119.3555340700237 298.9684876595836
120.61744875898408 299.2839663318237
121.56388477570437 299.2839663318237
122.82579946466475 299.2839663318237
124.08771415362516 299.2839663318237
125.03415017034546 299.5994450040638
125.98058618706574 299.5994450040638
126.92702220378602 299.2839663318237
127.87345822050631 298.65300898734347
128.50441556498652 297.70657297062326
128.50441556498652 296.76013695390293
128.50441556498652 295.8137009371826
127.55797954826622 294.8672649204624
126.61154353154593 294.23630757598215
125.66510751482564 293.6053502315019
124.71867149810535 292.97439288702174
123.77223548138507 292.65891421478165
122.82579946466475 292.02795687030147
122.19484212018456 291.0815208535812
121.24840610346428 290.13508483686087
120.93292743122417 289.1886488201406
120.30197008674399 288.24221280342033
119.6710127422638 287.2957767867
119.0400553977836 285.7183834254995
118.72457672554351 284.7719474087792
118.40909805330341 283.82551139205896
118.40909805330341 282.87907537533863
118.40909805330341 281.9326393586184
118.40909805330341 280.670724669658
118.40909805330341 279.4088099806976
118.40909805330341 278.1468952917372
118.72457672554351 277.2004592750169
119.6710127422638 277.2004592750169
120.93292743122417 276.5695019305367
122.19484212018456 275.93854458605654
123.45675680914498 275.62306591381645
124.71867149810535 275.62306591381645
125.98058618706574 275.62306591381645
127.24250087602613 275.62306591381645
128.18893689274643 275.93854458605654
129.1353729094667 275.93854458605654
130.08180892618697 275.93854458605654
131.34372361514738 275.93854458605654
132.29015963186765 275.93854458605654
133.23659564858795 275.62306591381645
134.18303166530825 275.30758724157636
134.81398900978843 274.36115122485603
135.76042502650873 274.045672552616
137.02233971546912 273.4147152081358
138.2842544044295 273.09923653589567
139.2306904211498 272.7837578636556
140.17712643787007 272.7837578636556
141.12356245459037 272.7837578636556
slice_number: 18
nb_points_on_contour: 62
282.4580076181536 290.76604218134105
281.51157160143333 290.4505635091011
280.56513558471306 290.4505635091011
279.61869956799285 290.4505635091011
278.6722635512725 290.4505635091011
277.7258275345522 290.4505635091011
275.9906948372316 290.4505635091011
274.2555621399111 290.4505635091011
273.3091261231909 290.4505635091011
272.3626901064706 290.4505635091011
271.10077541751014 290.4505635091011
269.83886072854983 290.4505635091011
268.89242471182945 290.4505635091011
267.9459886951092 290.4505635091011
266.9995526783889 290.4505635091011
266.0531166616687 290.4505635091011
265.10668064494837 290.4505635091011
264.16024462822804 291.08152085358125
264.16024462822804 292.0279568703015
263.84476595598795 292.97439288702174
263.5292872837478 293.9208289037421
263.5292872837478 295.1827435927025
263.5292872837478 296.1291796094228
263.2138086115077 297.0756156261431
263.2138086115077 298.33753031510344
263.84476595598795 300.230402348544
264.16024462822804 301.1768383652643
264.7912019727082 302.43875305422466
265.7376379894285 303.38518907094493
265.7376379894285 304.3316250876652
266.05311666166864 305.27806110438553
266.9995526783889 306.2244971211058
267.9459886951092 306.85545446558604
268.5769460395894 307.8018904823063
269.52338205630963 308.7483264990266
270.46981807302996 309.37928384350676
271.4162540897502 310.3257198602271
272.36269010647055 310.95667720470726
273.3091261231908 311.9031132214276
274.2555621399111 312.84954923814786
275.20199815663136 313.48050658262804
276.1484341733517 314.4269425993483
277.094870190072 315.37337861606863
278.0413062067923 315.37337861606863
278.98774222351256 315.6888572883087
279.9341782402328 316.0043359605488
281.19609292919324 316.635293305029
282.14252894591357 316.9507719772691
283.0889649626338 317.2662506495092
284.0354009793541 317.2662506495092
284.9818369960744 317.2662506495092
285.9282730127947 317.2662506495092
287.19018770175506 317.2662506495092
288.1366237184754 316.9507719772691
289.39853840743575 316.31981463278896
289.71401707967584 315.0578999438285
289.71401707967584 314.1114639271082
289.71401707967584 312.84954923814786
289.71401707967584 311.90311322142765
290.029495751916 310.9566772047073
290.029495751916 310.01024118798694
290.029495751916 308.43284782678654
slice_number: 19
nb_points_on_contour: 79
143.64739183251115 294.8672649204624
143.64739183251115 296.1291796094228
143.64739183251115 297.70657297062337
144.27834917699133 298.65300898734347
144.27834917699133 299.59944500406385
144.9093065214715 300.86135969302416
146.48669988267199 301.17683836526436
147.4331358993923 301.49231703750434
149.0105292605928 302.12327438198463
149.9569652773131 302.12327438198463
152.48079465523384 302.7542317264648
153.42723067195413 303.0697103987049
154.37366668867443 303.0697103987049
155.3201027053947 303.0697103987049
156.266538722115 302.7542317264648
157.21297473883527 302.7542317264648
158.15941075555557 302.4387530542247
159.42132544451596 302.4387530542247
160.99871880571646 302.4387530542247
162.26063349467685 302.4387530542247
163.20706951139712 302.4387530542247
164.4689842003575 302.4387530542247
165.7308988893179 302.4387530542247
166.6773349060382 302.4387530542247
166.9928135782783 301.49231703750434
167.62377092275847 300.23040234854403
168.57020693947877 299.28396633182376
169.20116428395895 298.33753031510344
169.83212162843915 297.39109429838317
169.83212162843915 296.4446582816628
169.83212162843915 295.49822226494257
169.83212162843915 294.2363075759822
169.83212162843915 293.28987155926194
169.51664295619904 291.71247819806143
169.20116428395895 290.4505635091011
169.20116428395895 289.50412749238075
169.20116428395895 287.2957767867
169.20116428395895 288.24221280342033
169.20116428395895 289.5041274923807
169.20116428395895 290.450563509101
169.20116428395895 291.3969995258213
168.57020693947877 292.65891421478165
167.62377092275847 292.97439288702174
166.6773349060382 293.92082890374206
165.7308988893179 294.23630757598215
164.7844628725976 294.55178624822224
163.52254818363724 294.55178624822224
162.26063349467685 293.92082890374206
160.99871880571646 293.2898715592619
160.05228278899617 292.34343554254156
159.73680411675608 291.3969995258213
159.42132544451596 290.450563509101
158.79036810003575 289.5041274923807
158.47488942779566 288.5576914756604
159.10584677227587 286.98029811445997
160.05228278899617 286.34934076997973
160.68324013347637 285.40290475325946
159.73680411675608 285.0874260810193
158.79036810003575 285.0874260810193
156.89749606659518 285.0874260810193
155.6355813776348 285.0874260810193
154.68914536091452 285.0874260810193
154.68914536091452 286.03386209773964
154.68914536091452 286.98029811445997
154.68914536091452 287.9267341311802
155.3201027053947 288.8731701479005
155.6355813776348 290.13508483686087
155.6355813776348 291.0815208535812
155.6355813776348 292.02795687030147
155.6355813776348 292.97439288702174
155.0046240331546 293.92082890374206
153.74270934419422 294.23630757598215
152.48079465523384 294.55178624822224
151.21887996627345 294.55178624822224
149.9569652773131 294.55178624822224
149.0105292605928 294.55178624822224
147.7486145716324 294.55178624822224
146.48669988267199 294.23630757598215
145.54026386595172 294.23630757598215
nb_points_on_contour: 54
288.1366237184754 301.49231703750434
286.874709029515 301.8077957097445
285.61279434055456 302.43875305422466
284.0354009793541 302.75423172646475
282.77348629039375 302.75423172646475
281.8270502736734 303.38518907094493
280.249656912473 303.38518907094493
279.30322089575264 303.38518907094493
278.3567848790324 303.38518907094493
277.4103488623121 303.38518907094493
276.77939151783187 302.43875305422466
275.8329555011116 302.43875305422466
274.5710408121512 302.43875305422466
273.3091261231908 302.43875305422466
272.36269010647055 302.43875305422466
271.4162540897502 302.43875305422466
270.46981807302996 302.75423172646475
269.52338205630963 303.38518907094493
268.89242471182945 304.3316250876652
268.5769460395894 305.9090184488657
268.26146736734927 307.17093313782607
268.26146736734927 308.1173691545464
268.26146736734927 309.37928384350676
268.26146736734927 311.27215587694735
268.5769460395894 312.2185918936676
268.5769460395894 313.16502791038795
269.8388607285498 313.48050658262804
271.7317327619904 314.1114639271082
273.6246047954309 314.4269425993483
274.88651948439133 314.74242127158846
275.8329555011116 315.0578999438285
276.77939151783187 315.37337861606863
277.7258275345522 315.6888572883087
278.67226355127247 316.0043359605488
279.6186995679928 316.31981463278896
280.56513558471306 316.635293305029
282.14252894591357 317.89720799398935
283.719922307114 318.8436440107097
285.2973156683145 319.15912268294977
286.24375168503474 319.15912268294977
287.50566637399515 319.15912268294977
288.4521023907155 319.15912268294977
289.39853840743575 318.8436440107097
290.344974424156 318.5281653384696
290.66045309639617 317.5817293217493
291.29141044087635 316.635293305029
291.60688911311644 315.6888572883087
291.9223677853565 314.1114639271082
291.9223677853565 313.16502791038795
291.9223677853565 311.9031132214276
291.9223677853565 310.6411985324672
291.9223677853565 309.06380517126667
291.9223677853565 308.1173691545464
291.9223677853565 307.17093313782607
label: ground_glass
localisation: diffuse
slice_number: 5
nb_points_on_contour: 206
328.5178937652077 215.05116084371792
328.20241509296767 214.10472482699765
327.2559790762474 213.47376748251745
326.30954305952713 212.52733146579715
325.36310704280675 212.21185279355706
324.4166710260864 212.21185279355706
323.78571368160624 213.15828881027736
323.15475633712606 214.10472482699765
322.2083203204058 214.73568217147783
322.2083203204058 215.6821181881981
322.2083203204058 216.62855420491843
322.2083203204058 217.5749902216387
322.2083203204058 218.8369049105991
322.2083203204058 219.7833409273194
322.2083203204058 220.72977694403966
321.8928416481657 221.67621296075995
321.8928416481657 222.62264897748025
321.57736297592567 223.56908499420055
320.9464056314455 224.51552101092082
319.99996961472516 225.14647835540103
318.73805492576474 225.7774356998812
317.79161890904453 225.7774356998812
316.52970422008406 225.7774356998812
315.5832682033638 225.7774356998812
314.6368321866435 225.7774356998812
313.69039616992325 225.7774356998812
312.743960153203 225.7774356998812
311.7975241364826 225.46195702764112
310.85108811976227 224.83099968316088
309.90465210304205 224.20004233868073
308.9582160863218 223.25360632196043
308.0117800696015 222.62264897748025
307.06534405288113 222.62264897748025
306.7498653806411 221.67621296075995
305.8034293639208 221.04525561627977
304.85699334720056 220.72977694403966
303.9105573304802 220.72977694403966
302.9641213137599 220.72977694403966
302.01768529703963 220.72977694403966
301.0712492803194 221.67621296075995
300.1248132635991 222.30717030524016
299.4938559191189 223.25360632196043
298.8628985746387 224.20004233868073
298.5474199023986 225.14647835540103
298.5474199023986 226.0929143721213
298.5474199023986 227.35482906108166
298.5474199023986 228.301265077802
298.23194123015844 229.24770109452228
297.28550521343817 229.87865843900246
296.33906919671796 229.87865843900246
295.0771545077575 230.19413711124253
294.1307184910372 230.50961578348267
293.18428247431694 230.82509445572276
292.2378464575967 230.82509445572276
291.2914104408764 231.45605180020297
290.344974424156 232.08700914468315
289.0830597351957 232.71796648916333
288.4521023907155 233.66440250588363
287.5056663739952 234.6108385226039
286.55923035727494 235.24179586708408
285.2973156683145 236.18823188380438
284.35087965159425 237.13466790052473
283.719922307114 238.08110391724495
282.7734862903938 239.65849727844548
282.7734862903938 240.60493329516575
282.7734862903938 241.55136931188605
282.7734862903938 242.49780532860632
283.0889649626338 243.75972001756674
284.0354009793541 244.39067736204692
284.6663583238343 245.33711337876719
285.61279434055456 246.5990280677276
285.92827301279476 247.5454640844479
286.55923035727494 248.49190010116817
287.19018770175506 249.43833611788847
287.82114504623524 250.38477213460877
289.0830597351957 251.96216549580922
290.029495751916 253.53955885700972
290.6604530963962 254.48599487373002
290.9759317686362 255.43243089045032
291.2914104408764 256.3788669071706
292.5533251298367 257.3253029238909
293.499761146557 257.3253029238909
295.70811185223766 257.95626026837107
296.65454786895793 258.5872176128512
297.60098388567826 258.5872176128512
298.5474199023986 258.5872176128512
299.8093345913589 258.5872176128512
300.7557706080792 258.27173894061116
301.7022066247996 257.95626026837107
302.64864264151987 257.3253029238909
303.59507865824014 257.0098242516508
304.54151467496035 257.0098242516508
305.8034293639208 256.6943455794107
306.7498653806411 256.0633882349305
306.7498653806411 255.1169522182102
306.7498653806411 254.1705162014899
307.06534405288113 253.2240801847696
307.06534405288113 252.27764416804933
306.43438670840095 251.33120815132904
305.4879506916807 250.7002508068488
304.85699334720056 249.7538147901286
304.2260360027204 248.49190010116817
303.27959998600005 247.86094275668793
302.3331639692797 247.22998541220784
301.7022066247996 246.28354939548748
301.0712492803194 245.02163470652715
301.0712492803194 244.0751986898068
300.7557706080792 243.1287626730865
300.4402919358391 242.18232665636629
300.1248132635991 241.23589063964593
299.4938559191189 240.28945462292563
298.8628985746387 239.34301860620542
298.5474199023986 238.39658258948506
297.60098388567826 237.13466790052473
297.60098388567826 236.18823188380438
297.60098388567826 235.24179586708408
297.60098388567826 234.29535985036387
298.23194123015844 233.6644025058836
299.49385591911886 233.03344516140342
300.4402919358391 232.4024878169232
301.3867279525594 232.08700914468312
302.3331639692797 231.45605180020294
303.279599986 231.14057312796285
304.2260360027203 231.14057312796285
305.1724720194406 230.82509445572276
305.4879506916807 231.77153047244306
306.11890803616086 232.71796648916333
306.7498653806411 233.66440250588363
306.7498653806411 234.6108385226039
306.7498653806411 235.5572745393242
306.7498653806411 236.5037105560445
307.6963013973613 237.45014657276477
308.9582160863218 237.76562524500488
310.2201307752821 238.08110391724495
311.1665667920024 238.08110391724495
312.11300280872274 238.39658258948506
313.05943882544307 238.71206126172518
313.69039616992325 239.65849727844548
314.6368321866435 240.92041196740587
315.5832682033638 241.23589063964593
317.4761402368043 242.18232665636629
318.4225762535247 242.81328400084644
319.684490942485 243.44424134532662
320.6309269592053 244.0751986898068
321.57736297592567 244.39067736204692
322.52379899264594 244.70615603428703
323.4702350093662 244.70615603428703
324.4166710260864 244.70615603428703
325.36310704280675 244.70615603428703
326.30954305952713 244.70615603428703
327.2559790762474 244.70615603428703
328.5178937652077 244.70615603428703
329.7798084541682 244.70615603428703
331.0417231431285 244.70615603428703
332.30363783208884 244.70615603428703
333.25007384880917 244.0751986898068
333.5655525210493 243.1287626730865
333.5655525210493 242.18232665636629
333.5655525210493 241.23589063964593
333.5655525210493 240.28945462292563
333.5655525210493 239.34301860620542
333.5655525210493 238.39658258948506
333.5655525210493 237.45014657276477
333.25007384880917 236.18823188380438
333.25007384880917 235.24179586708408
333.25007384880917 234.29535985036387
333.25007384880917 233.03344516140345
333.25007384880917 231.45605180020297
333.25007384880917 229.87865843900246
333.25007384880917 228.61674375004208
333.25007384880917 227.6703077333218
332.93459517656913 226.7238717166015
332.619116504329 224.51552101092082
332.30363783208884 223.56908499420055
331.67268048760866 222.62264897748025
331.0417231431285 221.67621296075995
330.41076579864836 220.72977694403966
329.4643297819281 219.7833409273194
328.8333724374479 218.8369049105991
328.20241509296767 217.8904688938788
327.57145774848743 216.94403287715852
326.94050040400725 215.99759686043822
326.30954305952713 214.73568217147783
326.30954305952713 213.78924615475756
325.36310704280675 212.52733146579715
324.4166710260864 212.52733146579715
323.4702350093662 213.47376748251745
323.15475633712606 214.42020349923774
322.83927766488597 215.366639515958
322.52379899264594 216.94403287715852
322.52379899264594 218.20594756611888
322.52379899264594 219.1523835828392
322.52379899264594 220.72977694403966
322.52379899264594 221.67621296075995
322.52379899264594 222.62264897748025
322.2083203204058 223.88456366644064
322.2083203204058 224.83099968316088
321.8928416481657 225.7774356998812
320.9464056314455 227.0393503888416
320.31544828696525 228.301265077802
319.369012270245 228.9322224222822
318.4225762535247 229.24770109452228
317.16066156456424 230.19413711124253
316.214225547844 230.50961578348267
315.26778953112375 230.82509445572276
314.32135351440337 231.14057312796285
slice_number: 10
nb_points_on_contour: 97
328.83337243744785 256.69434557941065
327.8869364207275 256.37886690717056
326.94050040400725 256.37886690717056
325.9940643872869 256.37886690717056
325.0476283705667 256.37886690717056
323.78571368160624 256.37886690717056
322.83927766488597 256.37886690717056
321.8928416481657 256.37886690717056
320.6309269592053 256.37886690717056
319.684490942485 256.06338823493047
318.42257625352465 256.06338823493047
317.4761402368043 256.06338823493047
315.8987468756039 256.06338823493047
314.6368321866435 256.06338823493047
313.3749174976831 256.06338823493047
311.1665667920024 256.2211275710505
308.9582160863217 256.37886690717056
307.06534405288113 256.37886690717056
305.80342936392077 256.37886690717056
304.54151467496035 256.37886690717056
303.279599986 256.37886690717056
301.3867279525594 256.37886690717056
300.12481326359904 256.37886690717056
299.1783772468787 256.37886690717056
298.23194123015844 256.37886690717056
297.28550521343817 257.32530292389083
296.3390691967179 258.5872176128512
295.70811185223766 260.1646109740517
295.3926331799976 261.111046990772
295.0771545077575 262.3729616797324
294.7616758355174 263.3193976964527
294.7616758355174 264.265833713173
294.7616758355174 265.21226972989325
294.7616758355174 266.1587057466136
295.70811185223766 267.736099107814
296.02359052447775 268.6825351245343
296.9700265411981 269.3134924690145
297.28550521343817 270.2599284857348
297.91646255791835 271.52184317469516
298.54741990239853 272.7837578636556
299.1783772468787 273.73019388037585
299.1783772468787 274.6766298970962
299.49385591911886 275.62306591381645
300.12481326359904 276.88498060277686
300.4402919358391 277.83141661949713
300.4402919358391 278.7778526362174
300.4402919358391 279.72428865293773
300.4402919358391 280.670724669658
300.4402919358391 281.61716068637827
300.4402919358391 282.5635967030986
300.12481326359904 283.51003271981887
300.12481326359904 284.45646873653914
300.12481326359904 285.7183834254995
300.12481326359904 286.98029811445997
300.12481326359904 287.9267341311802
300.12481326359904 288.8731701479005
301.07124928031936 289.1886488201406
302.01768529703963 289.5041274923807
302.9641213137599 289.5041274923807
303.9105573304802 289.81960616462084
304.8569933472005 289.81960616462084
305.80342936392077 289.81960616462084
306.7498653806411 289.81960616462084
307.6963013973613 289.5041274923807
307.6963013973613 288.5576914756604
307.6963013973613 287.61125545894015
308.01178006960146 286.6648194422198
308.01178006960146 285.7183834254995
308.32725874184155 284.7719474087792
308.32725874184155 283.82551139205896
308.32725874184155 282.87907537533863
308.32725874184155 281.9326393586184
308.64273741408164 280.3552459974179
308.64273741408164 279.4088099806976
309.2736947585618 278.4623739639773
310.2201307752821 278.1468952917372
310.85108811976227 277.2004592750169
311.7975241364826 276.88498060277686
312.7439601532029 276.5695019305367
314.0058748421633 276.2540232582967
314.95231085888355 276.2540232582967
315.8987468756039 275.93854458605654
317.16066156456424 275.93854458605654
318.1070975812845 275.93854458605654
319.05353359800483 275.93854458605654
319.9999696147251 275.93854458605654
320.94640563144543 275.62306591381645
321.8928416481657 275.30758724157636
323.15475633712606 275.30758724157636
324.1011923538464 275.30758724157636
325.0476283705667 274.6766298970962
325.36310704280675 273.73019388037585
325.36310704280675 272.7837578636556
325.36310704280675 271.8373218469353
325.36310704280675 270.890885830215
325.36310704280675 269.9444498134947
325.36310704280675 268.99801379677444
nb_points_on_contour: 73
124.08771415362516 210.31898076011646
124.08771415362516 209.3725447433962
124.08771415362516 208.4261087266759
124.08771415362516 207.4796727099556
124.08771415362516 206.5332366932353
124.08771415362516 205.586800676515
123.77223548138507 204.64036465979473
123.77223548138507 203.37844997083434
123.77223548138507 202.43201395411404
123.45675680914498 201.48557793739377
123.45675680914498 200.53914192067347
122.82579946466475 199.27722723171308
121.87936344794447 198.3307912149928
121.24840610346428 197.3843551982725
120.61744875898408 196.43791918155222
119.6710127422638 195.80696183707204
118.40909805330341 195.80696183707204
117.14718336434302 195.80696183707204
116.20074734762274 196.12244050931213
115.25431133090245 196.43791918155222
114.30787531418217 196.7533978537923
113.36143929746187 197.3843551982725
111.78404593626138 198.6462698872329
111.1530885917812 199.59270590395317
110.2066525750609 200.53914192067347
109.89117390282081 201.48557793739377
108.94473788610053 202.43201395411404
108.31378054162033 203.37844997083434
108.31378054162033 204.32488598755464
108.31378054162033 205.2713220042749
108.31378054162033 206.2177580209952
108.31378054162033 207.1641940377155
108.31378054162033 208.11063005443577
108.31378054162033 209.05706607115607
108.94473788610053 210.00350208787637
109.89117390282081 210.94993810459664
110.2066525750609 211.89637412131694
110.8376099195411 212.84281013803724
111.1530885917812 213.78924615475754
111.46856726402129 214.73568217147783
111.78404593626138 215.6821181881981
112.09952460850148 216.6285542049184
112.73048195298168 217.5749902216387
113.36143929746187 218.52142623835897
113.99239664194207 219.46786225507924
114.30787531418217 220.41429827179957
114.93883265866235 221.36073428851984
115.56979000314254 222.30717030524013
116.20074734762274 223.25360632196043
117.14718336434302 224.5155210109208
117.46266203658313 225.46195702764112
118.09361938106332 226.4083930443614
118.40909805330341 227.35482906108166
119.0400553977836 228.301265077802
119.6710127422638 229.24770109452226
120.30197008674399 230.50961578348264
120.61744875898408 231.45605180020294
121.24840610346428 232.7179664891633
121.56388477570437 233.6644025058836
121.87936344794447 234.926317194844
122.51032079242466 235.8727532115643
122.82579946466475 236.81918922828459
123.14127813690487 237.76562524500486
124.08771415362516 238.08110391724495
125.03415017034546 238.39658258948506
126.29606485930583 239.02753993396524
127.24250087602613 239.02753993396524
128.18893689274643 239.02753993396524
128.8198942372266 238.08110391724495
128.8198942372266 237.13466790052468
128.50441556498652 235.8727532115643
128.18893689274643 234.926317194844
128.18893689274643 233.97988117812372
slice_number: 15
nb_points_on_contour: 67
152.48079465523384 183.81877229194833
151.84983731075366 182.87233627522807
151.53435863851357 181.9259002585078
150.90340129403336 180.97946424178747
149.64148660507297 179.7175495528271
148.6950505883527 178.7711135361068
147.7486145716324 178.7711135361068
146.8021785549121 178.45563486386672
145.22478519371163 178.1401561916266
144.27834917699133 177.8246775193865
143.01643448803094 177.50919884714642
142.06999847131067 177.50919884714642
141.12356245459037 177.50919884714642
140.17712643787007 177.19372017490633
138.2842544044295 176.87824150266624
137.3378183877092 176.87824150266624
136.39138237098894 176.87824150266624
135.44494635426864 177.19372017490633
134.49851033754834 177.19372017490633
133.23659564858795 177.19372017490633
131.97468095962756 177.8246775193865
131.0282449429073 178.1401561916266
130.08180892618697 178.45563486386672
129.1353729094667 179.40207088058702
128.18893689274643 179.7175495528271
126.92702220378602 180.66398556954738
125.98058618706574 180.97946424178747
125.03415017034546 181.29494291402756
123.77223548138507 182.24137893074789
121.87936344794447 183.50329361970824
120.93292743122417 184.44972963642854
119.98649141450389 185.08068698090875
119.3555340700237 186.02712299762902
117.77814070882322 187.60451635882953
116.83170469210293 188.5509523755498
116.51622601986284 189.49738839227007
115.56979000314254 190.1283457367503
115.25431133090245 191.07478175347057
114.62335398642226 192.02121777019084
114.30787531418217 192.96765378691117
114.30787531418217 193.91408980363144
114.30787531418217 194.8605258203517
113.99239664194207 195.80696183707204
113.99239664194207 197.6998338705126
113.99239664194207 199.27722723171308
113.99239664194207 200.53914192067347
113.99239664194207 201.80105660963386
114.93883265866235 203.37844997083434
115.56979000314254 204.64036465979473
116.20074734762274 205.586800676515
117.14718336434302 206.5332366932353
118.40909805330341 207.4796727099556
119.3555340700237 207.79515138219568
120.61744875898408 208.4261087266759
121.87936344794447 208.74158739891598
123.14127813690487 209.05706607115607
124.71867149810535 209.68802341563628
125.98058618706574 210.00350208787637
126.92702220378602 210.94993810459664
127.87345822050631 211.26541677683676
128.8198942372266 211.58089544907685
130.08180892618697 211.89637412131694
131.97468095962756 212.21185279355706
132.92111697634783 212.52733146579715
133.86755299306813 212.52733146579715
134.81398900978843 212.84281013803724
135.76042502650873 212.84281013803724
nb_points_on_contour: 34
159.73680411675608 187.91999503106962
158.47488942779566 187.91999503106962
156.89749606659518 187.91999503106962
155.9510600498749 187.91999503106962
155.0046240331546 188.2354737033097
154.05818801643431 189.18190972002998
153.11175199971404 189.8128670645102
152.16531598299375 190.4438244089904
151.21887996627345 190.75930308123048
150.27244394955318 191.39026042571066
149.32600793283288 192.33669644243096
148.3795719161126 192.96765378691117
148.0640932438725 194.22956847587153
147.7486145716324 195.17600449259183
147.1176572271522 196.43791918155222
146.48669988267199 198.3307912149928
146.1712212104319 199.59270590395317
146.1712212104319 200.8546205929136
146.1712212104319 201.80105660963386
146.1712212104319 203.06297129859425
147.4331358993923 204.95584333203482
147.7486145716324 205.90227934875512
148.6950505883527 206.8487153654754
149.64148660507297 207.4796727099556
150.58792262179327 207.4796727099556
151.53435863851357 207.79515138219568
152.79627332747395 208.11063005443577
153.74270934419422 208.11063005443577
154.68914536091452 208.11063005443577
155.6355813776348 208.11063005443577
156.5820173943551 208.11063005443577
157.5284534110754 208.11063005443577
158.47488942779566 208.11063005443577
159.42132544451596 208.11063005443577
slice_number: 4
nb_points_on_contour: 89
309.15390601049216 231.2260171476701
308.838427338252 230.2795811309498
307.8919913215318 229.33314511422952
306.9455553048115 228.70218776974932
305.99911928809115 227.75575175302902
305.05268327137094 227.12479440854884
304.1062472546506 226.49383706406866
303.1598112379303 226.17835839182857
302.2133752212101 226.17835839182857
300.9514605322497 226.17835839182857
300.0050245155294 226.17835839182857
299.05858849880906 226.17835839182857
298.11215248208873 226.17835839182857
297.1657164653685 226.17835839182857
296.2192804486482 226.49383706406866
295.27284443192787 226.49383706406866
294.32640841520765 226.80931573630875
293.3799723984873 227.44027308078893
292.433536381767 228.07123042526914
291.4871003650468 229.01766644198943
290.54066434832646 229.9641024587097
289.9097070038463 230.91053847543
288.6477923148859 231.8569744921503
288.01683497040574 232.80341050887057
287.7013562981656 233.74984652559087
287.0703989536854 234.69628254231117
286.75492028144527 235.95819723127153
286.1239629369651 236.90463324799185
285.80848426472505 238.1665479369522
285.4930055924849 239.42846262591263
284.8620482480047 240.3748986426329
284.5465695757647 241.6368133315933
284.23109090352455 242.89872802055368
283.60013355904437 244.16064270951406
283.2846548868042 245.42255739847445
282.9691762145642 246.36899341519472
282.9691762145642 247.6309081041551
282.9691762145642 248.5773441208754
282.65369754232404 249.8392588098358
282.3382188700839 250.7856948265561
282.02274019784386 252.04760951551646
281.7072615256037 252.99404553223675
281.7072615256037 254.25596022119714
281.3917828533637 255.51787491015756
281.3917828533637 256.46431092687783
281.3917828533637 258.04170428807834
281.7072615256037 258.9881403047986
282.3382188700839 260.250054993759
283.2846548868042 261.5119696827194
283.9156122312844 262.45840569943965
285.17752692024476 263.72032038840007
286.1239629369651 264.03579906064016
287.0703989536854 264.35127773288025
288.3323136426458 265.2977137496006
289.2787496593661 265.2977137496006
290.2251856760864 265.2977137496006
292.11805770952697 265.2977137496006
293.6954510707275 264.98223507736043
294.6418870874477 264.66675640512034
295.588323104168 264.35127773288025
296.53475912088834 264.03579906064016
297.48119513760867 263.72032038840007
298.4276311543289 263.4048417161599
299.68954584328924 262.77388437167974
300.9514605322497 262.14292702719956
301.8978965489699 261.5119696827194
303.1598112379303 260.56553366599906
304.42172592689076 258.9881403047986
305.99911928809115 257.7262256158382
307.2610339770516 257.095268271358
308.20746999377184 255.51787491015756
309.4693846827323 254.25596022119714
310.1003420272125 253.30952420447687
310.73129937169267 251.73213084327637
311.36225671617285 250.7856948265561
311.6777353884129 249.8392588098358
311.99321406065303 248.5773441208754
312.3086927328932 247.31542943191502
312.3086927328932 246.36899341519472
312.3086927328932 245.42255739847445
312.3086927328932 244.16064270951406
312.3086927328932 243.21420669279377
312.3086927328932 241.95229200383338
312.3086927328932 240.690377314873
312.3086927328932 239.11298395367254
312.3086927328932 238.1665479369522
312.3086927328932 236.58915457575173
312.3086927328932 235.64271855903144
312.3086927328932 234.69628254231117
slice_number: 8
nb_points_on_contour: 58
330.256269741625 211.35788095995207
329.55000096931354 209.23907464301794
327.4311946523795 207.8265370983952
325.3123883354453 207.12026832608382
323.1935820185112 207.12026832608382
321.07477570157715 207.12026832608382
318.24970061233154 207.12026832608382
316.13089429539747 207.12026832608382
314.0120879784634 207.12026832608382
311.8932816615292 207.8265370983952
309.77447534459503 208.53280587070657
307.65566902766096 209.94534341532932
306.2431314830381 212.06414973226347
304.12432516610403 214.88922482150895
302.00551884916985 217.71429991075448
301.2992500768585 219.8331062276886
300.5929813045472 221.95191254462273
299.8867125322358 224.07071886155686
299.18044375992434 226.89579395080239
298.474174987613 229.7208690400479
297.0616374429903 231.839675356982
296.35536867067884 233.95848167391614
296.35536867067884 236.78355676316164
296.35536867067884 238.9023630800958
296.35536867067884 241.02116939702992
297.0616374429903 243.13997571396405
297.7679062153017 245.25878203089817
299.8867125322358 247.3775883478323
302.00551884916985 249.49639466476643
304.12432516610403 250.2026634370778
306.2431314830381 251.61520098170058
308.3619377999723 251.61520098170058
310.48074411690646 251.61520098170058
312.59955043384053 251.61520098170058
315.42462552308604 251.61520098170058
318.95596938464297 251.61520098170058
321.78104447388847 251.61520098170058
323.89985079082265 251.61520098170058
326.0186571077567 251.61520098170058
328.1374634246909 251.61520098170058
330.256269741625 249.49639466476643
332.37507605855905 248.79012589245505
335.20015114780466 245.96505080320955
336.6126886924274 243.84624448627542
337.31895746473884 241.7274381693413
338.02522623705016 238.9023630800958
338.02522623705016 236.07728799085027
338.02522623705016 233.95848167391614
337.31895746473884 231.839675356982
337.31895746473884 229.7208690400479
336.6126886924274 227.60206272311376
335.906419920116 225.4832564061796
335.20015114780466 223.36445008924548
334.49388237549323 221.24564377231135
334.49388237549323 219.12683745537723
332.37507605855905 217.71429991075448
330.9625385139364 215.59549359382032
328.8437321970022 214.18295604919757
