Study: 1.2.840.113619.2.30.1.1762288805.1856.1081348282.329
Series: 1.2.840.113619.2.30.1.1762288805.1856.1081348282.333
SpacingX: 0.703125
SpacingY: 0.703125
SpacingZ: 10.0

label: macronodules
localisation: non-relevant
slice_number: 6
nb_points_on_contour: 117
267.5144679045041 202.56404484501883
266.95212657931376 201.4393621946381
265.82744392893306 200.3146795442574
264.9839319411475 199.47116755647187
263.8592492907668 199.1899968938767
263.01573730298134 198.34648490609118
261.6098839900054 197.50297291830566
259.9228600144344 196.9406315931153
258.7981773640537 196.65946093052014
257.11115338848265 196.37829026792497
255.70530007550676 195.81594894273462
254.01827609993572 195.81594894273462
252.05008146176948 195.53477828013945
250.08188682360327 195.25360761754428
247.83252152284186 195.25360761754428
246.14549754727082 195.25360761754428
243.89613224650944 195.25360761754428
241.64676694574803 195.25360761754428
240.24091363277213 195.39419294884186
238.83506031979627 195.53477828013945
236.3045243564397 195.81594894273462
234.89867104346382 196.0971196053298
233.49281773048796 196.37829026792497
230.9622817671314 196.9406315931153
229.5564284541555 197.2218022557105
228.15057514117964 197.50297291830566
226.74472182820378 197.78414358090083
225.33886851522792 198.065314243496
223.0895032144665 198.34648490609118
221.1213085763003 198.62765556868635
219.15311393813406 198.90882623128152
218.0284312877534 198.90882623128152
216.9037486373727 198.90882623128152
216.06023664958715 199.47116755647187
215.2167246618016 199.75233821906707
214.09204201142094 200.03350888166224
213.24853002363542 200.59585020685256
212.40501803584988 201.4393621946381
211.5615060480644 202.00170351982845
210.71799406027884 203.40755683280432
210.43682339768367 204.53223948318504
209.8744820724933 205.9380927961609
209.59331140989815 207.34394610913677
209.31214074730298 209.31214074730298
209.31214074730298 211.5615060480644
209.31214074730298 213.24853002363542
209.0309700847078 215.21672466180166
208.74979942211263 216.62257797477753
208.74979942211263 218.30960195034856
208.74979942211263 219.99662592591963
208.74979942211263 221.12130857630035
208.74979942211263 222.52716188927621
209.31214074730298 223.6518445396569
209.8744820724933 225.33886851522794
210.999164722874 226.46355116560864
211.5615060480644 227.30706315339415
212.40501803584988 228.43174580377485
213.81087134882574 229.83759911675074
215.77906598699198 231.5246230923218
217.18491929996785 232.36813508010732
218.30960195034856 232.93047640529767
219.71545526332443 233.6334030617856
221.1213085763003 234.33632971827353
222.52716188927616 234.6175003808687
223.65184453965688 234.89867104346388
225.33886851522792 234.89867104346388
226.74472182820378 234.89867104346388
228.43174580377482 234.89867104346388
230.11876977934588 234.89867104346388
232.0869644175121 234.89867104346388
234.3363297182735 234.33632971827353
236.58569501903492 234.33632971827353
237.99154833201078 234.33632971827353
239.39740164498664 234.33632971827353
241.08442562055768 234.33632971827353
243.05262025872392 234.33632971827353
243.89613224650944 234.33632971827353
244.73964423429496 234.33632971827353
245.58315622208045 234.33632971827353
246.70783887246117 234.33632971827353
247.5513508602467 234.33632971827353
248.39486284803223 233.7739883930832
249.23837483581775 233.21164706789284
250.08188682360327 232.93047640529767
250.92539881138882 232.36813508010732
252.05008146176948 232.08696441751212
252.89359344955503 231.80579375491695
254.01827609993572 231.5246230923218
254.8617880877212 231.24345242972663
255.98647073810193 230.96228176713146
257.39232405107776 230.68111110453626
258.23583603886334 230.39994044194108
259.07934802664886 229.83759911675074
259.9228600144344 229.83759911675074
260.7663720022199 229.55642845415554
261.6098839900054 228.9940871289652
262.45339597779093 228.43174580377485
263.29690796557645 228.15057514117967
264.140419953362 227.8694044785845
264.9839319411475 227.58823381598933
265.82744392893306 226.7447218282038
266.10861459152824 225.9012098404183
266.95212657931376 225.05769785263277
267.7956385670993 224.49535652744242
268.92032121747997 223.6518445396569
269.4826625426703 222.8083325518714
269.4826625426703 221.96482056408584
269.4826625426703 221.12130857630035
269.4826625426703 220.2777965885148
270.04500386786066 219.43428460072926
270.607345193051 218.59077261294377
270.607345193051 217.46608996256305
271.16968651824135 216.34140731218235
271.4508571808365 215.49789532439684
271.4508571808365 214.65438333661132
271.4508571808365 213.8108713488258
271.4508571808365 212.96735936104028
slice_number: 7
nb_points_on_contour: 38
112.58943281456297 145.2052296756032
111.46475016418225 144.36171768781767
110.62123817639673 143.79937636262733
109.49655552601604 143.23703503743698
108.37187287563535 142.67469371224664
107.24719022525463 142.39352304965144
106.12250757487394 142.11235238705626
104.99782492449324 142.11235238705626
103.59197161151738 142.11235238705626
102.46728896113669 142.95586437484178
101.34260631075597 143.79937636262733
100.49909432297045 144.92405901300802
99.65558233518493 145.76757100079354
99.65558233518493 146.61108298857908
99.09324100999461 147.4545949763646
98.81207034739938 148.86044828934047
98.53089968480421 149.98513093972116
98.24972902220907 150.82864292750668
98.24972902220907 151.95332557788743
98.24972902220907 152.79683756567292
98.53089968480421 154.20269087864878
99.9367529977801 155.32737352902947
100.78026498556562 155.88971485421985
102.18611829854149 156.73322684200537
103.3108009489222 157.2955681671957
105.27899558708842 158.13908015498126
107.24719022525463 158.42025081757643
109.49655552601604 158.7014214801716
111.64217019634964 159.5004463384876
112.43649843107394 158.30895398640115
113.23082666579822 157.11746163431474
114.0251549005225 155.92596928222832
114.0251549005225 154.73447693014188
114.8194831352468 153.54298457805547
114.8194831352468 152.35149222596905
114.8194831352468 151.1599998738826
114.8194831352468 149.9685075217962
114.8194831352468 148.77701516970978
slice_number: 8
nb_points_on_contour: 119
104.15431293670771 143.79937636262733
103.31080094892219 143.79937636262733
102.46728896113667 143.79937636262733
101.62377697335116 144.36171768781767
100.49909432297045 145.48640033819837
99.65558233518493 146.3299123259839
98.8120703473994 147.17342431376943
98.24972902220907 148.01693630155495
97.40621703442352 149.14161895193564
96.562705046638 149.703960277126
95.71919305885248 150.82864292750668
94.87568107106695 151.39098425269702
94.03216908328143 152.23449624048254
92.3451451077104 153.35917889086326
91.50163311992486 154.20269087864878
90.37695046954417 155.0462028664343
89.53343848175865 155.60854419162465
88.68992649397312 156.4520561794102
87.56524384359243 157.01439750460054
86.44056119321172 158.13908015498123
85.5970492054262 158.70142148017158
84.75353721764068 159.82610413055227
83.91002522985517 160.3884454557426
82.78534257947446 161.5131281061233
81.94183059168894 162.35664009390885
81.09831860390341 163.20015208169437
80.25480661611789 163.48132274428954
79.13012396573718 164.32483473207506
78.00544131535649 165.1683467198606
77.16192932757097 165.73068804505095
76.31841733978546 166.2930293702413
75.47490535199992 167.13654135802682
74.35022270161923 167.69888268321716
73.22554005123853 168.54239467100268
72.382028063453 169.3859066587882
71.81968673826266 170.22941864657372
70.97617475047713 171.07293063435924
70.13266276269161 171.91644262214476
69.57032143750126 172.7599546099303
69.0079801123109 173.60346659771582
68.16446812452538 174.44697858550137
67.32095613673985 175.2904905732869
67.03978547414468 176.1340025610724
66.47744414895435 176.97751454885793
66.47744414895435 177.82102653664344
66.19627348635916 178.94570918702414
65.91510282376399 179.78922117480965
65.91510282376399 180.63273316259517
65.91510282376399 181.47624515038072
65.91510282376399 182.31975713816624
65.91510282376399 183.16326912595176
65.91510282376399 184.28795177633245
66.19627348635916 185.41263442671317
66.47744414895435 186.2561464144987
66.47744414895435 187.0996584022842
67.03978547414468 187.94317039006972
67.60212679933504 188.78668237785524
67.88329746193021 189.63019436564076
68.72680944971573 190.75487701602145
69.28915077490608 191.598389003807
70.41383342528678 192.7230716541877
71.2573454130723 193.56658364197324
72.382028063453 194.41009562975876
73.78788137642887 195.25360761754428
75.19373468940475 195.81594894273462
76.03724667719027 196.0971196053298
77.72427065276132 196.65946093052014
79.41129462833237 196.9406315931153
81.09831860390341 197.2218022557105
83.06651324206963 197.78414358090083
85.03470788023586 197.78414358090083
87.00290251840208 197.78414358090083
88.40875583137795 197.78414358090083
89.95519447565141 197.36238758700807
91.50163311992486 196.9406315931153
93.18865709549591 196.37829026792497
94.87568107106695 195.53477828013945
96.28153438404284 194.6912662923539
97.12504637182836 193.8477543045684
98.39031435350664 193.00424231678286
99.65558233518493 192.16073032899732
101.34260631075597 191.03604767861665
103.02963028632702 189.91136502823593
104.4354835993029 189.06785304045042
105.27899558708842 188.50551171526007
106.40367823746911 187.94317039006972
107.24719022525463 187.0996584022842
108.09070221304015 186.53731707709386
110.34006751380156 185.41263442671317
111.74592082677742 184.85029310152282
112.58943281456294 184.56912243892762
113.43294480234849 184.28795177633245
114.276456790134 183.72561045114213
115.40113944051471 182.88209846335658
115.40113944051471 182.03858647557104
115.40113944051471 180.91390382519035
115.68231010310987 179.78922117480965
115.68231010310987 178.94570918702414
115.68231010310987 177.53985587404827
115.68231010310987 176.69634388626275
115.68231010310987 175.85283189847723
115.68231010310987 173.884637260311
115.68231010310987 172.7599546099303
115.68231010310987 171.3541012969544
115.68231010310987 169.94824798397855
115.68231010310987 169.10473599619303
115.68231010310987 168.2612240084075
115.68231010310987 167.417712020622
115.68231010310987 166.2930293702413
115.68231010310987 165.44951738245575
115.68231010310987 164.60600539467023
115.68231010310987 163.20015208169437
115.68231010310987 162.35664009390885
115.68231010310987 160.95078678093296
115.68231010310987 160.10727479314744
115.68231010310987 159.26376280536192
115.68231010310987 157.85790949238606
115.68231010310987 157.01439750460054
115.68231010310987 156.170885516815
nb_points_on_contour: 92
145.48640033819837 209.0309700847078
144.64288835041285 208.18745809692228
143.79937636262733 207.62511677173194
142.95586437484178 207.0627754465416
142.11235238705626 206.78160478394642
140.42532841148522 206.21926345875607
139.01947509850933 205.65692213356573
137.89479244812867 205.09458080837538
136.2077684725576 204.53223948318504
134.52074449698657 203.9698981579947
133.39606184660587 203.68872749539952
131.99020853363 203.40755683280432
130.8655258832493 203.12638617020914
129.7408432328686 203.12638617020914
128.6161605824879 203.12638617020914
127.77264859470237 203.12638617020914
126.64796594432168 203.12638617020914
125.24211263134579 203.12638617020914
124.39860064356027 203.12638617020914
123.55508865577475 203.40755683280432
122.71157666798923 203.40755683280432
121.58689401760854 203.68872749539952
120.74338202982302 203.9698981579947
119.61869937944232 203.9698981579947
117.6505047412761 203.9698981579947
116.80699275349058 204.25106882058986
115.68231010310987 204.25106882058986
114.55762745272916 204.25106882058986
113.71411546494365 204.25106882058986
112.87060347715813 204.25106882058986
111.74592082677742 204.53223948318504
110.90240883899192 204.8134101457802
109.77772618861121 205.09458080837538
108.6530435382305 205.65692213356573
107.52836088784981 206.21926345875607
106.68484890006428 206.50043412135125
105.27899558708842 207.0627754465416
104.15431293670771 207.34394610913677
103.31080094892219 207.62511677173194
102.18611829854149 207.62511677173194
101.0614356481608 208.18745809692228
100.21792366037526 208.74979942211263
99.65558233518493 209.59331140989815
98.8120703473994 210.71799406027884
98.53089968480423 211.84267671065956
98.53089968480423 212.6861886984451
98.53089968480423 213.52970068623063
98.53089968480423 214.37321267401614
98.53089968480423 215.49789532439684
98.53089968480423 216.34140731218235
98.8120703473994 217.74726062515822
99.37441167258974 219.15311393813408
99.9367529977801 220.55896725110998
100.49909432297045 221.68364990149067
101.0614356481608 222.8083325518714
101.90494763594631 223.6518445396569
102.46728896113667 224.7765271900376
103.31080094892219 225.9012098404183
104.4354835993029 227.02589249079898
105.27899558708842 227.8694044785845
106.40367823746911 228.71291646637005
107.24719022525463 229.55642845415554
108.37187287563533 230.39994044194108
109.21538486342085 230.68111110453626
110.34006751380156 231.24345242972663
111.18357950158708 231.5246230923218
112.0270914893726 231.5246230923218
113.1517741397533 231.5246230923218
114.276456790134 231.5246230923218
115.40113944051471 231.5246230923218
116.24465142830023 231.5246230923218
117.36933407868092 231.24345242972663
118.49401672906161 230.68111110453626
119.33752871684713 230.68111110453626
120.74338202982302 230.39994044194108
121.58689401760854 230.39994044194108
122.43040600539406 230.39994044194108
123.27391799317957 230.39994044194108
124.39860064356027 230.1187697793459
125.24211263134579 229.83759911675074
127.21030726951201 229.27525779156036
128.33498991989273 229.27525779156036
129.7408432328686 228.9940871289652
130.8655258832493 228.71291646637005
131.99020853363 228.43174580377485
133.39606184660587 228.15057514117967
134.52074449698657 228.15057514117967
135.64542714736726 227.8694044785845
136.48893913515278 227.30706315339415
137.33245112293832 226.7447218282038
138.7383044359142 226.18238050301346
139.5818164236997 225.62003917782312
slice_number: 10
nb_points_on_contour: 68
228.43174580377482 239.11623098239144
227.58823381598935 239.11623098239144
226.74472182820378 238.5538896572011
225.90120984041832 238.272718994606
225.05769785263274 238.272718994606
224.21418586484722 238.272718994606
223.3706738770617 238.272718994606
222.5271618892762 238.272718994606
221.68364990149067 238.272718994606
220.55896725110992 237.71037766941558
219.71545526332446 237.71037766941558
218.59077261294377 237.14803634422523
217.74726062515825 237.14803634422523
216.62257797477756 236.86686568163006
215.49789532439686 236.86686568163006
214.6543833366113 236.58569501903494
213.81087134882577 236.30452435643977
212.9673593610403 236.30452435643977
211.84267671065956 236.0233536938446
210.99916472287404 235.74218303124943
210.15565273508858 235.74218303124943
209.312140747303 235.74218303124943
208.46862875951743 235.74218303124943
207.6251167717319 236.58569501903494
207.6251167717319 237.71037766941558
206.78160478394645 237.71037766941558
205.93809279616087 237.71037766941558
205.09458080837535 237.71037766941558
204.2510688205899 238.27271899460592
203.96989815799466 239.11623098239144
203.96989815799466 239.95974297017705
203.96989815799466 240.80325495796248
203.96989815799466 241.64676694574808
204.2510688205899 242.4902789335336
204.53223948318495 243.33379092131912
205.37575147097053 243.89613224650947
206.2192634587561 244.17730290910464
206.78160478394645 245.02081489689016
207.6251167717319 245.5831562220805
208.46862875951743 245.86432688467568
209.03097008470783 246.7078388724612
210.15565273508852 247.5513508602467
210.99916472287404 248.11369218543706
211.5615060480644 248.95720417322258
212.40501803584985 249.51954549841292
213.24853002363542 250.08188682360336
214.09204201142094 250.6442281487937
214.93555399920646 250.92539881138887
215.77906598699198 251.20656947398405
216.6225779747775 251.20656947398405
217.46608996256302 251.20656947398405
218.30960195034854 251.20656947398405
219.15311393813406 251.20656947398405
219.99662592591963 251.20656947398405
220.84013791370515 250.6442281487937
221.12130857630027 249.80071616100818
221.68364990149067 248.95720417322258
221.96482056408584 248.11369218543706
222.5271618892762 248.11369218543706
223.65184453965688 248.11369218543706
224.8339436445598 248.46520862760713
226.02543599664628 247.27371627552068
227.21692834873264 246.4793880407964
227.61409246609477 245.28789568871
228.4084207008191 244.09640333662358
228.8055848181812 242.90491098453714
228.8055848181812 241.71341863245073
228.8055848181812 240.52192628036428
slice_number: 12
nb_points_on_contour: 83
90.095779806949 188.2243410526649
88.6899264939731 187.94317039006972
87.0029025184021 187.38082906487938
86.15939053061655 187.38082906487938
85.31587854283103 187.0996584022842
84.19119589245034 187.0996584022842
83.34768390466479 186.81848773968903
82.50417191687924 186.81848773968903
81.66065992909378 186.81848773968903
80.81714794130824 186.53731707709386
79.97363595352269 186.53731707709386
79.13012396573717 186.53731707709386
77.7242706527613 186.53731707709386
76.59958800238061 186.53731707709386
75.19373468940475 186.53731707709386
74.35022270161923 186.53731707709386
72.94436938864337 186.53731707709386
72.10085740085782 186.53731707709386
71.2573454130723 186.53731707709386
70.41383342528678 186.53731707709386
69.57032143750126 186.81848773968903
68.72680944971574 187.0996584022842
67.8832974619302 187.0996584022842
66.7586148115495 187.38082906487938
65.63393216116881 187.66199972747455
64.7904201733833 187.66199972747455
63.94690818559778 187.94317039006972
63.10339619781226 188.2243410526649
62.54105487262194 189.06785304045042
61.97871354743157 189.91136502823593
61.41637222224119 190.75487701602145
61.13520155964602 191.59838900380697
61.13520155964602 192.4419009915925
61.13520155964602 193.28541297937804
61.13520155964602 194.1289249671636
61.13520155964602 194.97243695494913
61.13520155964602 195.81594894273465
61.13520155964602 196.65946093052017
61.13520155964602 197.78414358090086
61.13520155964602 198.62765556868638
61.41637222224119 199.47116755647184
61.697542884836366 200.31467954425736
62.25988421002671 201.15819153204296
62.25988421002671 202.28287418242365
62.82222553521706 203.12638617020917
63.10339619781226 203.9698981579947
63.665737523002576 204.8134101457802
64.22807884819295 205.65692213356573
64.7904201733833 206.78160478394642
65.63393216116881 207.62511677173194
66.7586148115495 208.46862875951746
67.8832974619302 209.31214074730298
69.93993787332485 209.54312512611733
70.73426610804913 208.3516327740309
71.92575846013557 207.55730453930664
73.11725081222195 207.16014042194442
74.3087431643084 206.3658121872202
75.10307139903273 205.17431983513373
76.29456375111911 204.37999160040948
77.88322022056767 203.98282748304734
79.07471257265411 203.58566336568524
79.86904080737838 202.3941710135988
81.0605331594648 201.5998427788745
81.45769727682696 199.6140221920638
82.6491896289134 198.42252983997741
83.84068198099979 198.42252983997741
85.03217433308623 198.42252983997741
86.22366668517267 198.02536572261525
87.41515903725906 198.02536572261525
88.6066513893455 198.02536572261525
89.79814374143191 198.02536572261525
90.98963609351833 198.02536572261525
92.18112844560474 197.6282016052531
91.78280378252003 195.81594894273465
90.93929179473452 194.41009562975879
90.65812113213934 193.56658364197327
90.3769504695442 192.72307165418766
90.095779806949 191.87955966640214
89.81460914435382 191.03604767861663
88.97109715656828 190.1925356908311
88.40875583137796 189.3490237030456
87.84641450618764 188.50551171526007
87.84641450618764 187.66199972747455
slice_number: 13
nb_points_on_contour: 126
76.31841733978546 201.72053285723325
75.75607601459511 202.56404484501883
75.47490535199992 203.9698981579947
75.19373468940475 204.8134101457802
74.91256402680958 205.9380927961609
74.63139336421439 207.0627754465416
74.63139336421439 207.9062874343271
74.35022270161923 209.0309700847078
74.35022270161923 209.87448207249332
74.35022270161923 210.999164722874
74.06905203902406 212.68618869844508
74.06905203902406 213.52970068623063
74.06905203902406 214.65438333661132
74.06905203902406 215.49789532439684
74.06905203902406 216.62257797477753
74.06905203902406 217.7472606251582
74.06905203902406 218.59077261294377
74.35022270161923 219.99662592591963
74.63139336421439 220.84013791370518
75.19373468940475 221.68364990149064
75.47490535199992 223.08950321446656
76.03724667719027 224.49535652744242
76.03724667719027 225.6200391778231
76.59958800238061 226.7447218282038
76.88075866497579 227.58823381598933
76.88075866497579 228.71291646637002
77.16192932757097 229.55642845415554
77.72427065276132 230.39994044194106
78.28661197795167 231.5246230923218
78.84895330314201 232.93047640529764
79.41129462833237 233.7739883930832
79.69246529092754 234.6175003808687
79.97363595352272 235.46101236865422
80.53597727871306 236.58569501903492
81.0983186039034 237.42920700682043
81.37948926649858 238.27271899460592
81.94183059168893 239.11623098239147
82.50417191687929 239.95974297017702
83.06651324206963 241.08442562055774
83.91002522985517 241.92793760834326
84.19119589245032 242.77144959612878
85.31587854283103 242.77144959612878
87.00290251840208 243.33379092131912
88.12758516878277 243.33379092131912
89.25226781916348 243.33379092131912
90.095779806949 242.4902789335336
90.65812113213934 241.64676694574808
91.22046245732969 240.8032549579625
91.78280378252005 239.95974297017702
91.78280378252005 238.55388965720113
92.3451451077104 237.71037766941558
92.3451451077104 236.58569501903492
92.62631577030555 235.46101236865422
92.62631577030555 234.6175003808687
92.90748643290073 233.7739883930832
93.18865709549591 232.64930574270247
93.75099842068627 231.5246230923218
93.75099842068627 230.68111110453623
94.03216908328142 229.27525779156036
94.03216908328142 228.15057514117967
94.03216908328142 227.30706315339415
94.31333974587662 226.46355116560864
94.59451040847179 225.6200391778231
94.87568107106695 224.49535652744242
94.87568107106695 223.08950321446656
94.87568107106695 222.24599122668104
94.87568107106695 221.40247923889547
94.87568107106695 220.27779658851483
94.87568107106695 219.15311393813408
94.87568107106695 218.02843128775336
94.87568107106695 216.9037486373727
94.31333974587662 214.9355539992065
94.03216908328142 213.8108713488258
94.03216908328142 212.68618869844508
94.03216908328142 211.5615060480644
94.03216908328142 210.7179940602788
94.03216908328142 209.87448207249332
94.03216908328142 209.0309700847078
94.03216908328142 208.18745809692228
94.03216908328142 207.34394610913677
93.46982775809109 206.21926345875607
93.18865709549591 205.37575147097053
92.62631577030555 204.25106882058986
92.0639744451152 202.84521550761394
91.78280378252005 201.72053285723325
91.50163311992486 200.87702086944773
90.93929179473452 199.75233821906707
89.81460914435381 198.62765556868632
88.97109715656829 197.50297291830566
88.40875583137795 196.65946093052014
88.12758516878277 195.81594894273462
87.24134412155296 195.21049314635343
87.24134412155296 194.833710181627
87.24134412155296 194.45692721690057
86.86456115682651 194.3313328953251
86.4877781921001 194.2057385737496
86.11099522737365 194.08014425217414
85.7342122626472 194.08014425217414
85.35742929792077 194.08014425217414
84.98064633319433 194.08014425217414
84.60386336846788 194.08014425217414
84.22708040374147 194.08014425217414
83.85029743901502 194.08014425217414
83.47351447428859 194.08014425217414
83.09673150956215 194.08014425217414
82.7199485448357 194.08014425217414
82.34316558010929 194.2057385737496
81.96638261538284 194.2057385737496
81.71519397223189 194.58252153847604
81.33841100750544 194.833710181627
81.08722236435447 195.21049314635343
80.71043939962804 195.46168178950438
80.33365643490161 195.83846475423084
79.95687347017518 196.0896533973818
79.58009050544874 196.34084204053275
79.20330754072229 196.5920306836837
78.82652457599586 196.84321932683469
78.44974161126943 197.22000229156112
78.07295864654299 197.59678525628755
77.94736432496751 197.97356822101398
77.94736432496751 198.47594550731588
77.94736432496751 198.85272847204234
77.69617568181656 199.22951143676877
77.44498703866559 199.73188872307068
77.06820407393916 200.23426600937262
76.94260975236367 200.61104897409905
nb_points_on_contour: 179
69.28915077490609 144.0805470252225
68.44563878712057 144.0805470252225
67.32095613673985 144.92405901300796
66.47744414895433 145.20522967560314
65.63393216116881 146.04874166338868
64.7904201733833 147.1734243137694
63.946908185597785 147.73576563895978
63.3845668604074 148.5792776267453
63.10339619781226 149.42278961453079
62.259884210026705 150.26630160231628
61.697542884836366 151.10981359010185
61.13520155964602 151.9533255778874
60.57286023445567 152.79683756567286
59.729348246670156 153.6403495534584
59.44817758407498 154.48386154124395
58.88583625888463 155.32737352902942
58.323494933694285 156.4520561794102
58.0423242710991 157.29556816719568
57.76115360850392 158.13908015498126
57.47998294590877 159.54493346795712
56.91764162071839 160.38844545574258
56.63647095812322 161.51312810612328
56.35530029552806 162.3566400939088
56.07412963293288 163.4813227442895
56.07412963293288 164.32483473207506
55.79295897033771 165.1683467198606
55.79295897033771 166.01185870764613
55.511788307742535 166.85537069543165
55.511788307742535 167.6988826832172
55.23061764514739 168.54239467100265
54.94944698255219 169.38590665878817
54.668276319957 170.22941864657372
54.38710565736184 171.07293063435924
53.8247643321715 171.91644262214476
54.450537296201375 173.79835456352464
54.450537296201375 174.98984691561105
54.450537296201375 176.18133926769747
54.450537296201375 177.37283161978388
54.450537296201375 178.5643239718703
54.450537296201375 179.7558163239567
54.450537296201375 180.94730867604312
54.450537296201375 182.1388010281296
54.450537296201375 183.330293380216
54.05337317883921 184.52178573230245
54.05337317883921 185.71327808438886
54.05337317883921 186.90477043647527
54.05337317883921 188.09626278856172
54.104914758739376 188.71714285836387
54.104914758739376 188.86714285836385
54.004914758739375 189.01714285836385
53.90491475873938 189.1671428583639
53.754914758739375 189.26714285836388
53.70491475873938 189.41714285836386
53.60491475873938 189.56714285836387
53.55491475873938 189.71714285836387
53.55491475873938 189.86714285836385
53.55491475873938 190.01714285836388
53.504914758739375 190.1671428583639
53.504914758739375 190.31714285836384
53.504914758739375 190.46714285836387
53.504914758739375 190.61714285836388
53.55491475873938 190.76714285836385
53.60491475873938 190.91714285836386
53.65491475873938 191.06714285836387
53.70491475873938 191.21714285836384
53.754914758739375 191.36714285836385
53.85491475873938 191.51714285836388
53.95491475873938 191.6671428583639
54.004914758739375 191.81714285836384
54.05491475873938 191.96714285836387
54.05491475873938 192.11714285836388
54.05491475873938 192.26714285836385
54.05491475873938 192.4171428583639
54.05491475873938 192.56714285836387
54.05491475873938 192.71714285836384
54.05491475873938 192.86714285836388
54.05491475873938 193.01714285836388
54.05491475873938 193.16714285836386
54.05491475873938 193.31714285836387
54.05491475873938 193.46714285836387
54.05491475873938 193.61714285836385
54.450537296201375 195.24521690108025
55.244865530925665 196.43670925316667
56.454914758739385 197.4171428583639
56.65491475873938 197.4171428583639
56.854914758739376 197.4171428583639
57.00491475873938 197.4171428583639
57.204914758739385 197.4171428583639
57.354914758739376 197.4171428583639
57.60491475873938 197.4171428583639
57.85491475873938 197.4171428583639
58.20491475873938 197.36714285836388
58.60491475873938 197.26714285836388
58.95491475873938 197.26714285836388
59.35491475873938 197.1671428583639
59.75491475873938 197.06714285836387
60.204914758739385 197.01714285836388
60.65491475873939 196.9171428583639
60.954914758739385 196.86714285836388
61.35491475873939 196.81714285836387
61.704914758739385 196.71714285836387
61.90491475873939 196.6671428583639
62.204914758739385 196.61714285836388
62.40491475873939 196.56714285836387
62.65491475873939 196.46714285836387
62.804914758739386 196.36714285836388
63.00491475873939 196.31714285836387
63.15491475873938 196.26714285836388
63.35491475873938 196.11714285836388
63.554914758739386 195.96714285836387
63.70491475873939 195.86714285836388
63.85491475873938 195.76714285836388
64.00491475873939 195.6671428583639
64.25491475873939 195.56714285836387
64.40491475873938 195.46714285836387
64.55491475873939 195.4171428583639
64.75491475873939 195.31714285836387
64.95491475873939 195.1671428583639
65.15491475873938 195.06714285836387
65.3549147587394 194.96714285836387
65.50491475873939 194.9171428583639
65.65491475873938 194.76714285836388
65.80491475873939 194.71714285836387
66.00491475873937 194.61714285836388
66.20491475873939 194.46714285836387
66.3549147587394 194.4171428583639
66.50491475873937 194.31714285836387
66.65491475873938 194.21714285836387
66.80491475873939 194.11714285836388
67.00491475873939 194.06714285836387
67.15491475873938 193.96714285836387
67.30491475873939 193.86714285836388
67.45491475873939 193.76714285836388
67.6049147587394 193.61714285836388
67.75491475873939 193.51714285836388
67.90491475873938 193.36714285836388
68.1049147587394 193.31714285836387
68.25491475873939 193.21714285836387
68.35491475873938 193.06714285836387
68.4049147587394 192.9171428583639
69.00798011231089 192.16073032899732
69.28915077490609 191.3172183412118
69.57032143750126 190.47370635342625
69.85149210009644 189.6301943656407
70.41383342528678 187.94317039006972
70.97617475047713 187.0996584022842
71.53851607566747 185.97497575190351
72.10085740085782 184.5691224389276
72.94436938864337 183.4444397885469
73.50671071383368 182.31975713816627
74.35022270161923 181.19507448778558
74.9125640268096 180.35156249999991
75.7560760145951 178.94570918702414
76.31841733978544 177.82102653664342
77.7242706527613 175.571661235882
78.0054413153565 174.72814924809654
78.56778264054685 173.32229593512065
78.56778264054685 172.19761328473996
79.13012396573717 170.5105893091689
79.13012396573717 169.104735996193
79.13012396573717 167.98005334581237
79.13012396573717 165.73068804505095
79.13012396573717 164.32483473207506
79.13012396573717 162.07546943131362
79.13012396573717 161.23195744352807
79.13012396573717 159.8261041305523
78.848953303142 157.85790949238609
78.56778264054685 157.01439750460048
78.28661197795168 156.17088551681496
77.44309999016616 154.20269087864875
76.88075866497576 153.35917889086323
76.31841733978544 151.9533255778874
76.03724667719027 151.10981359010185
74.9125640268096 149.14161895193558
74.63139336421438 148.01693630155495
73.50671071383368 146.61108298857906
72.38202806345302 145.7675710007935
70.97617475047713 144.92405901300796
70.13266276269158 144.6428883504128
slice_number: 15
nb_points_on_contour: 200
98.81207034739938 217.46608996256305
97.96855835961387 216.62257797477753
96.84387570923316 216.06023664958718
95.43802239625731 215.49789532439686
94.59451040847178 214.93555399920652
93.46982775809107 214.65438333661135
92.62631577030555 214.65438333661135
91.50163311992485 214.37321267401614
90.65812113213934 214.37321267401614
89.53343848175864 214.37321267401614
88.6899264939731 214.09204201142097
87.56524384359241 213.8108713488258
86.7217318558069 213.8108713488258
85.59704920542619 213.8108713488258
84.47236655504548 213.8108713488258
83.62885456725996 213.8108713488258
82.50417191687927 213.8108713488258
81.66065992909375 213.8108713488258
80.53597727871306 213.8108713488258
79.69246529092753 213.52970068623063
78.848953303142 213.52970068623063
78.00544131535648 213.52970068623063
76.88075866497579 213.52970068623063
76.03724667719025 213.52970068623063
75.19373468940475 213.52970068623063
73.78788137642887 213.8108713488258
72.94436938864334 214.37321267401614
72.10085740085782 214.65438333661135
70.97617475047713 215.49789532439686
70.1326627626916 216.34140731218235
69.28915077490606 217.18491929996787
68.44563878712054 218.30960195034856
67.60212679933504 219.15311393813408
67.03978547414468 219.99662592591963
66.7586148115495 220.84013791370515
66.19627348635916 222.24599122668104
65.63393216116881 223.37067387706176
65.35276149857364 224.49535652744242
65.07159083597844 225.9012098404183
65.07159083597844 227.02589249079898
65.07159083597844 227.8694044785845
64.79042017338328 229.2752577915604
64.79042017338328 230.3999404419411
64.79042017338328 231.24345242972666
64.79042017338328 232.36813508010732
64.79042017338328 233.21164706789284
65.07159083597844 234.33632971827353
65.35276149857364 235.46101236865422
65.65926424857567 236.5089282929201
65.70926424857566 236.6589282929201
65.85926424857567 236.7589282929201
66.00926424857568 236.9089282929201
66.15926424857567 237.05892829292011
66.30926424857567 237.1589282929201
66.40926424857567 237.30892829292011
66.55926424857567 237.4089282929201
66.70926424857566 237.5089282929201
66.80926424857567 237.6589282929201
66.85926424857567 237.80892829292011
67.00926424857568 238.0089282929201
67.10926424857567 238.1589282929201
67.20926424857566 238.30892829292011
67.30926424857567 238.45892829292012
67.40926424857568 238.6089282929201
67.50926424857568 238.7589282929201
67.60926424857567 238.9089282929201
67.70926424857566 239.05892829292011
67.85926424857567 239.1589282929201
67.95926424857566 239.30892829292011
68.05926424857567 239.45892829292012
68.20926424857566 239.6089282929201
68.35926424857567 239.7589282929201
68.40926424857567 239.9089282929201
68.45926424857566 240.05892829292011
68.50926424857568 240.20892829292012
68.55926424857567 240.45892829292012
68.70926424857568 240.55892829292011
68.90926424857567 240.6589282929201
69.05926424857567 240.70892829292012
69.20926424857566 240.80892829292011
69.45926424857566 240.9089282929201
69.65926424857568 241.0089282929201
69.80926424857567 241.1089282929201
69.95926424857568 241.20892829292012
70.15926424857567 241.3589282929201
70.35926424857567 241.5089282929201
70.45926424857566 241.6589282929201
70.60926424857567 241.7589282929201
70.75926424857568 241.8589282929201
70.85926424857567 242.0089282929201
70.95926424857566 242.1589282929201
71.05926424857567 242.30892829292011
71.10926424857567 242.45892829292012
71.25926424857568 242.6089282929201
71.30926424857567 242.7589282929201
71.45926424857566 242.9089282929201
71.60926424857567 243.05892829292011
71.75926424857568 243.20892829292012
71.85926424857567 243.3589282929201
72.00926424857568 243.5089282929201
72.05926424857569 243.6589282929201
72.15926424857568 243.80892829292011
72.30926424857569 243.95892829292012
72.45926424857566 244.1089282929201
72.55926424857569 244.2589282929201
72.65926424857568 244.4089282929201
72.75926424857568 244.55892829292011
72.90926424857568 244.70892829292012
73.00926424857568 244.8589282929201
73.10926424857567 245.0089282929201
73.25926424857568 245.1589282929201
73.35926424857567 245.30892829292011
73.45926424857568 245.45892829292012
73.60926424857567 245.6089282929201
73.75926424857568 245.7589282929201
73.85926424857567 245.9089282929201
74.00926424857568 246.05892829292011
74.10926424857567 246.20892829292012
74.25926424857568 246.30892829292011
74.30926424857567 246.45892829292012
74.45926424857568 246.55892829292011
74.60926424857567 246.6089282929201
74.70926424857568 246.7589282929201
74.85926424857567 246.8589282929201
75.00926424857568 246.9089282929201
75.15926424857568 247.1089282929201
75.30926424857567 247.20892829292012
75.45926424857568 247.3589282929201
75.55926424857569 247.5089282929201
75.75926424857568 247.6589282929201
75.90926424857568 247.80892829292011
76.05926424857569 247.95892829292012
76.20926424857566 248.1089282929201
76.35926424857567 248.20892829292012
76.50926424857568 248.2589282929201
76.60926424857567 248.4089282929201
76.75926424857568 248.45892829292012
76.90926424857568 248.55892829292011
77.05926424857569 248.6589282929201
77.20926424857568 248.80892829292011
77.35926424857567 248.9089282929201
77.45926424857568 249.05892829292011
77.55926424857569 249.20892829292012
77.70926424857568 249.2589282929201
77.85926424857567 249.3589282929201
78.00926424857568 249.45892829292012
78.15926424857568 249.55892829292011
78.30926424857569 249.6589282929201
78.50926424857568 249.70892829292012
78.65926424857568 249.80892829292011
78.80926424857567 249.95892829292012
78.95926424857568 250.05892829292011
79.10926424857568 250.1589282929201
79.25926424857568 250.30892829292011
79.35926424857568 250.45892829292012
79.50926424857568 250.5089282929201
80.53597727871306 250.92539881138885
81.37948926649857 251.20656947398405
82.50417191687927 251.20656947398405
83.62885456725996 251.20656947398405
84.75353721764068 251.20656947398405
86.15939053061655 251.20656947398405
87.00290251840207 251.20656947398405
88.12758516878276 250.64422814879367
89.25226781916346 250.3630574861985
90.095779806949 249.80071616100815
91.22046245732967 249.23837483581778
92.0639744451152 248.67603351062746
93.75099842068627 246.7078388724612
94.59451040847178 245.5831562220805
95.43802239625731 244.739644234295
96.28153438404283 243.61496158391432
96.84387570923316 242.4902789335336
97.40621703442352 241.3655962831529
97.96855835961387 240.5220842953674
98.53089968480421 239.11623098239147
99.09324100999457 237.99154833201078
99.65558233518493 237.1480363442253
99.65558233518493 236.30452435643977
100.49909432297044 234.89867104346388
100.78026498556561 234.05515905567836
101.34260631075597 232.93047640529767
101.62377697335114 231.24345242972666
101.62377697335114 230.3999404419411
101.62377697335114 229.55642845415554
101.62377697335114 228.1505751411797
101.62377697335114 227.02589249079898
101.62377697335114 226.18238050301346
101.62377697335114 225.33886851522794
101.62377697335114 224.21418586484725
101.62377697335114 223.37067387706176
101.62377697335114 221.96482056408587
101.62377697335114 221.12130857630035
101.34260631075597 219.99662592591963
101.34260631075597 219.15311393813408
101.34260631075597 218.30960195034856
101.06143564816078 217.46608996256305
100.78026498556561 216.62257797477753
100.21792366037525 215.779065986992
99.37441167258973 215.779065986992
