Study: 2.16.840.1.113669.632.20.1211.10000194303
Series: 1.2.840.113704.1.111.3376.1141391309.6
SpacingX: 0.796875
SpacingY: 0.796875
SpacingZ: 10.0

label: fibrosis
localisation: perihilar
slice_number: 11
nb_points_on_contour: 86
295.9059427278148 146.41247636512745
294.71445037572835 146.0153122477653
293.52295802364193 146.0153122477653
292.3314656715555 146.0153122477653
290.34564508474483 146.0153122477653
289.1541527326584 146.0153122477653
287.96266038057195 146.0153122477653
285.5796756763991 146.41247636512745
284.3881833243127 146.80964048248958
282.402362737502 147.60396871721386
281.21087038541555 148.001132834576
280.01937803332913 148.39829695193816
278.03355744651844 149.19262518666244
276.4449009770699 149.98695342138672
275.2534086249835 150.781281656111
274.45908039025915 151.9727740081974
273.2675880381728 153.56143047764598
272.0760956860863 155.54725106445667
271.28176745136204 156.73874341654312
269.6931109819135 158.32739988599167
269.29594686455135 159.51889223807808
268.501618629827 160.7103845901645
267.70729039510275 161.90187694225094
267.31012627774066 163.4905334116995
266.9129621603785 165.4763539985102
266.5157980430164 166.66784635059662
266.5157980430164 168.2565028200452
266.5157980430164 169.4479951721316
266.5157980430164 171.43381575894233
266.5157980430164 173.41963634575302
267.31012627774066 175.00829281520157
268.10445451246494 176.59694928465015
269.29594686455135 177.39127751937443
270.0902750992756 178.58276987146087
270.8846033339999 179.77426222354728
272.4732598034485 180.9657545756337
273.66475215553487 181.36291869299583
275.2534086249835 182.1572469277201
276.4449009770699 182.95157516244439
278.03355744651844 184.14306751453083
279.622213915967 184.93739574925513
280.81370626805347 185.33455986661727
282.0051986201398 185.7317239839794
283.1966909722263 186.12888810134154
284.3881833243127 186.92321633606582
285.5796756763991 187.32038045342796
286.77116802848553 188.11470868815223
287.96266038057195 188.51187280551437
289.1541527326584 189.30620104023865
289.9484809673827 190.49769339232506
291.9343015541934 192.08634986177367
293.52295802364193 192.88067809649795
294.71445037572835 193.67500633122222
295.9059427278148 194.07217044858436
297.0974350799012 194.4693345659465
299.0832556667119 194.86649868330863
300.6719121361605 195.26366280067077
301.8634044882469 195.26366280067077
303.4520609576955 195.26366280067077
305.04071742714405 195.26366280067077
306.2322097792304 195.26366280067077
307.82086624867895 194.4693345659465
309.4095227181276 193.67500633122222
310.601015070214 192.88067809649795
312.1896715396625 191.6891857444115
313.381163891749 190.89485750968723
314.96982036119755 190.10052927496292
316.161312713284 189.70336515760079
317.3528050653704 189.70336515760079
318.14713330009465 188.51187280551437
318.54429741745685 186.92321633606582
319.7357897695432 185.7317239839794
319.7357897695432 184.54023163189296
319.7357897695432 182.95157516244439
320.1329538869054 180.9657545756337
320.5301180042675 179.77426222354728
320.5301180042675 178.58276987146087
320.5301180042675 177.39127751937443
320.5301180042675 176.199785167288
320.5301180042675 175.00829281520157
320.5301180042675 173.41963634575302
320.5301180042675 172.2281439936666
320.5301180042675 171.0366516415802
320.5301180042675 169.4479951721316
320.5301180042675 168.2565028200452
320.5301180042675 167.06501046795876
slice_number: 12
nb_points_on_contour: 272
125.91970049681846 153.16426636028385
124.3310440273699 153.95859459500812
122.3452234405592 155.54725106445667
121.15373108847278 155.94441518181884
119.16791050166208 157.13590753390525
117.97641814957565 157.93023576862953
116.38776168012708 158.7245640033538
115.19626932804067 159.12172812071594
114.00477697595424 160.7103845901645
112.81328462386782 161.5047128248888
112.01895638914354 162.6962051769752
111.22462815441925 164.2848616464238
110.43029991969497 165.4763539985102
109.6359716849707 166.66784635059662
109.23880756760855 167.85933870268306
108.84164345024641 169.05083105476947
108.84164345024641 170.24232340685592
108.84164345024641 171.43381575894233
108.04731521552213 172.62530811102874
107.65015109815998 173.81680046311516
106.85582286343572 175.00829281520157
106.45865874607357 176.199785167288
106.06149462871142 177.39127751937443
105.26716639398714 178.58276987146087
104.870002276625 179.77426222354728
104.07567404190073 180.9657545756337
103.67850992453859 182.1572469277201
103.28134580717644 183.34873927980652
102.8841816898143 184.54023163189296
102.48701757245215 185.7317239839794
102.08985345509001 186.92321633606582
101.69268933772787 188.51187280551437
101.69268933772787 189.70336515760079
101.29552522036573 191.29202162704937
100.8983611030036 192.4835139791358
100.50119698564146 193.67500633122222
99.30970463355501 194.86649868330863
98.91254051619288 196.05799103539505
98.51537639883075 197.24948338748146
98.1182122814686 198.4409757395679
97.72104816410646 199.63246809165432
97.32388404674433 201.2211245611029
96.92671992938219 202.4126169131893
96.52955581202004 203.60410926527572
96.1323916946579 204.79560161736217
96.1323916946579 205.98709396944855
95.73522757729575 207.17858632153502
96.92671992938219 207.57575043889716
98.1182122814686 208.76724279098357
98.1182122814686 209.95873514307
98.51537639883075 211.1502274951564
98.51537639883075 212.3417198472428
98.51537639883075 213.53321219932926
98.51537639883075 214.7247045514157
98.51537639883075 215.9161969035021
98.51537639883075 217.50485337295066
98.91254051619288 218.69634572503708
99.30970463355501 220.28500219448566
99.30970463355501 221.4764945465721
99.30970463355501 222.66798689865848
99.30970463355501 223.85947925074493
99.30970463355501 225.05097160283134
99.30970463355501 226.24246395491775
99.30970463355501 228.22828454172844
99.70686875091717 229.4197768938149
99.70686875091717 230.61126924590133
99.70686875091717 231.80276159798774
100.10403286827932 232.99425395007415
100.50119698564146 234.18574630216057
100.8983611030036 235.77440277160915
101.29552522036573 236.9658951236956
102.08985345509001 238.157387475782
103.28134580717644 239.74604394523055
103.67850992453859 240.93753629731697
104.47283815926286 242.12902864940338
105.26716639398714 243.32052100148982
106.06149462871142 244.51201335357626
106.85582286343572 245.70350570566268
107.65015109815998 246.8949980577491
108.04731521552213 248.0864904098355
108.44447933288427 249.27798276192192
109.23880756760855 250.46947511400833
109.6359716849707 252.05813158345694
110.03313580233282 253.6467880529055
110.82746403705711 254.8382804049919
111.22462815441925 256.42693687444046
112.01895638914354 257.6184292265269
112.81328462386782 259.6042498133376
113.6076128585921 260.79574216542403
114.00477697595424 261.98723451751044
114.40194109331638 263.17872686959686
115.19626932804067 264.37021922168327
116.78492579748922 265.9588756911319
118.37358226693779 267.54753216058043
119.56507461902422 268.73902451266684
120.75656697111064 269.5333527473911
121.94805932319706 270.72484509947753
123.13955167528349 271.5191733342018
124.72820814473205 272.31350156892614
127.11119284890489 273.1078298036504
128.30268520099133 273.5049939210125
130.28850578780202 274.29932215573683
131.47999813988844 274.69648627309897
132.67149049197485 274.69648627309897
133.8629828440613 275.0936503904611
135.0544751961477 275.49081450782325
136.24596754823415 276.2851427425475
137.43745990032056 276.68230685990966
138.62895225240698 277.0794709772718
139.8204446044934 277.47663509463393
141.01193695657983 277.8737992119961
142.60059342602838 278.2709633293582
143.79208577811482 278.66812744672035
144.98357813020124 279.0652915640825
146.17507048228765 279.0652915640825
147.36656283437407 279.0652915640825
148.5580551864605 279.4624556814446
149.74954753854692 279.4624556814446
150.94103989063336 279.4624556814446
152.13253224271978 279.4624556814446
153.72118871216833 279.4624556814446
154.91268106425474 279.0652915640825
156.89850165106546 277.8737992119961
158.08999400315187 276.68230685990966
158.48715812051404 275.49081450782325
159.67865047260045 274.69648627309897
160.47297870732473 273.1078298036504
161.267306942049 271.91633745156395
162.0616351767733 270.72484509947753
162.85596341149756 268.73902451266684
164.047455763584 268.3418603953047
165.23894811567044 267.54753216058043
166.827604585119 265.9588756911319
168.0190969372054 265.16454745640755
169.21058928929182 263.97305510432113
170.40208164137826 262.7815627522347
171.9907381108268 261.5900704001483
172.78506634555112 260.00141393069975
173.97655869763753 259.2070856959755
175.16805104972394 258.015593343889
175.96237928444825 256.8241009918026
176.35954340181036 255.23544452235404
177.55103575389677 253.6467880529055
177.94819987125894 252.05813158345694
177.94819987125894 250.86663923137053
177.94819987125894 249.67514687928406
177.94819987125894 248.0864904098355
176.7567075191725 246.10066982302482
175.96237928444825 244.51201335357626
174.7708869323618 242.92335688412766
174.37372281499967 241.73186453204127
172.78506634555112 240.1432080625927
171.3949919347836 238.55455159314414
170.0049175240161 236.9658951236956
169.21058928929182 235.377238654247
168.0190969372054 234.5829104195227
166.03327635039471 232.59708983271202
164.8417839983083 231.00843336326346
163.25312752885972 229.81694101117705
162.0616351767733 228.6254486590906
160.87014282468687 228.22828454172844
159.28148635523831 227.43395630700417
157.2956657684276 225.84529983755561
155.70700929897905 225.05097160283134
153.3240245948062 225.05097160283134
152.13253224271978 225.05097160283134
150.94103989063336 225.44813572019348
149.74954753854692 225.84529983755561
148.5580551864605 226.24246395491775
147.36656283437407 227.03679218964206
146.96939871701193 228.22828454172844
146.17507048228765 230.2141051285392
145.38074224756338 231.80276159798774
144.98357813020124 233.3914180674363
144.98357813020124 234.98007453688484
144.98357813020124 236.56873100633342
144.98357813020124 238.157387475782
144.98357813020124 239.34887982786842
144.98357813020124 240.93753629731697
144.98357813020124 242.12902864940338
144.98357813020124 243.717685118852
144.5864140128391 244.9091774709384
143.79208577811482 246.10066982302482
142.60059342602838 246.8949980577491
141.8062651913041 248.0864904098355
140.21760872185553 248.48365452719764
139.0261163697691 248.88081864455978
137.8346240176827 249.27798276192192
136.24596754823415 249.27798276192192
134.65731107878557 249.27798276192192
133.46581872669915 249.27798276192192
132.2743263746127 247.68932629247337
131.47999813988844 246.10066982302482
131.0828340225263 244.51201335357626
131.0828340225263 243.32052100148982
131.0828340225263 242.12902864940338
131.47999813988844 240.93753629731697
131.47999813988844 239.74604394523055
132.2743263746127 238.157387475782
133.46581872669915 236.9658951236956
134.2601469614234 235.77440277160915
135.45163931350987 234.18574630216057
137.43745990032056 232.59708983271202
139.0261163697691 230.61126924590133
140.21760872185553 229.02261277645275
141.01193695657983 227.43395630700417
141.01193695657983 225.84529983755561
141.01193695657983 224.6538074854692
141.01193695657983 223.4623151333828
141.01193695657983 221.8736586639342
141.01193695657983 220.68216631184777
141.01193695657983 219.49067395976138
141.01193695657983 218.29918160767494
141.01193695657983 217.10768925558853
141.01193695657983 215.9161969035021
141.01193695657983 214.7247045514157
141.40910107394194 213.13604808196712
142.60059342602838 212.3417198472428
144.18924989547696 212.3417198472428
146.17507048228765 212.3417198472428
147.36656283437407 212.3417198472428
148.5580551864605 212.3417198472428
149.35238342118478 211.1502274951564
149.35238342118478 209.95873514307
149.35238342118478 208.37007867362144
149.35238342118478 207.17858632153502
149.35238342118478 205.58992985208644
149.35238342118478 204.3984375
148.95521930382262 203.2069451479136
148.5580551864605 202.01545279582717
147.36656283437407 198.4409757395679
145.7779063649255 194.86649868330863
144.18924989547696 191.6891857444115
142.99775754339055 189.70336515760079
141.8062651913041 187.7175445707901
140.21760872185553 184.93739574925513
139.0261163697691 183.7459033971687
138.23178813504484 182.1572469277201
137.04029578295842 180.56859045827156
136.6431316655963 178.979933988823
136.24596754823415 177.39127751937443
136.24596754823415 176.199785167288
136.24596754823415 174.2139645804773
136.6431316655963 172.62530811102874
137.43745990032056 171.0366516415802
138.62895225240698 168.65366693740734
138.62895225240698 167.46217458532092
138.62895225240698 166.27068223323448
138.62895225240698 165.07918988114807
138.62895225240698 163.88769752906165
140.61477283921766 163.09336929433735
143.79208577811482 163.4905334116995
145.7779063649255 163.4905334116995
147.36656283437407 163.4905334116995
148.95521930382262 163.4905334116995
150.54387577327122 163.09336929433735
151.3382040079955 161.5047128248888
151.3382040079955 159.91605635544022
150.94103989063336 158.7245640033538
150.94103989063336 157.13590753390525
150.1467116559091 155.94441518181884
149.74954753854692 154.7529228297324
147.7637269517362 154.35575871237026
144.5864140128391 154.35575871237026
142.99775754339055 154.35575871237026
141.8062651913041 154.35575871237026
140.61477283921766 154.35575871237026
138.62895225240698 154.35575871237026
137.04029578295842 154.35575871237026
135.45163931350987 154.35575871237026
133.8629828440613 154.35575871237026
131.47999813988844 154.35575871237026
slice_number: 13
nb_points_on_contour: 87
97.72104816410646 186.92321633606582
97.72104816410646 188.11470868815223
97.32388404674433 189.30620104023865
96.92671992938219 190.49769339232506
96.1323916946579 191.6891857444115
95.73522757729575 192.88067809649795
95.33806345993362 194.07217044858436
95.33806345993362 195.26366280067077
94.94089934257147 196.4551551527572
94.94089934257147 197.64664750484363
94.94089934257147 198.83813985693004
94.54373522520933 200.02963220901646
94.54373522520933 201.2211245611029
94.1465711078472 202.4126169131893
94.1465711078472 203.60410926527572
93.74940699048506 204.79560161736217
93.74940699048506 205.98709396944855
93.74940699048506 207.17858632153502
93.74940699048506 208.37007867362144
93.74940699048506 209.56157102570785
93.74940699048506 210.75306337779426
93.74940699048506 211.94455572988068
93.74940699048506 213.13604808196712
93.74940699048506 214.32754043405353
93.74940699048506 215.51903278613997
93.74940699048506 216.7105251382264
93.74940699048506 217.9020174903128
93.74940699048506 219.09350984239921
94.1465711078472 220.28500219448566
94.94089934257147 221.4764945465721
96.1323916946579 222.66798689865848
96.92671992938219 223.85947925074493
98.1182122814686 225.05097160283134
99.30970463355501 225.84529983755561
100.50119698564146 226.24246395491775
102.08985345509001 226.6396280722799
103.28134580717644 227.03679218964206
104.47283815926286 227.03679218964206
105.66433051134928 227.03679218964206
107.25298698079784 227.03679218964206
108.44447933288427 227.03679218964206
109.6359716849707 227.03679218964206
110.82746403705711 227.03679218964206
112.01895638914354 227.03679218964206
113.21044874122995 227.03679218964206
114.40194109331638 227.03679218964206
115.5934334454028 227.03679218964206
116.78492579748922 226.24246395491775
117.57925403221351 225.05097160283134
118.77074638429993 224.25664336810706
119.16791050166208 223.06515101602065
119.16791050166208 221.8736586639342
119.16791050166208 220.68216631184777
119.16791050166208 219.49067395976138
119.16791050166208 218.29918160767494
119.16791050166208 217.10768925558853
119.16791050166208 215.9161969035021
119.16791050166208 214.7247045514157
119.16791050166208 213.53321219932926
119.16791050166208 212.3417198472428
119.16791050166208 210.75306337779426
118.77074638429993 209.56157102570785
118.77074638429993 208.37007867362144
117.97641814957565 206.78142220417286
117.57925403221351 205.58992985208644
116.38776168012708 204.3984375
115.5934334454028 203.2069451479136
114.40194109331638 202.4126169131893
113.6076128585921 201.2211245611029
112.81328462386782 200.02963220901646
111.6217922717814 199.63246809165432
111.22462815441925 198.4409757395679
110.43029991969497 197.24948338748146
109.6359716849707 196.05799103539505
109.23880756760855 194.86649868330863
109.23880756760855 193.67500633122222
109.23880756760855 192.4835139791358
109.6359716849707 191.29202162704937
110.43029991969497 190.10052927496292
110.82746403705711 188.9090369228765
111.22462815441925 187.32038045342796
112.01895638914354 186.12888810134154
112.41612050650568 184.93739574925513
112.81328462386782 183.7459033971687
112.81328462386782 182.55441104508225
112.81328462386782 181.36291869299583
112.81328462386782 180.17142634090942
slice_number: 15
nb_points_on_contour: 62
114.40194109331638 231.00843336326346
115.19626932804067 232.19992571534988
115.99059756276495 233.78858218479843
117.18208991485137 234.5829104195227
117.97641814957565 236.56873100633342
119.16791050166208 237.76022335841986
120.35940285374849 239.34887982786842
121.55089520583492 241.3347004146791
123.13955167528349 242.52619276676555
124.72820814473205 243.717685118852
125.91970049681846 244.9091774709384
126.71402873154275 246.10066982302482
127.50835696626703 247.29216217511123
128.30268520099133 248.48365452719764
129.49417755307775 249.27798276192192
131.0828340225263 251.2638033487326
132.2743263746127 252.05813158345694
133.46581872669915 253.24962393554335
134.65731107878557 253.6467880529055
136.24596754823415 253.6467880529055
137.43745990032056 254.8382804049919
139.0261163697691 255.23544452235404
140.21760872185553 255.63260863971618
141.40910107394194 255.63260863971618
142.60059342602838 254.8382804049919
143.79208577811482 253.6467880529055
145.7779063649255 252.85245981818122
147.36656283437407 252.05813158345694
148.95521930382262 251.2638033487326
150.1467116559091 250.86663923137053
150.54387577327122 249.67514687928406
150.54387577327122 248.48365452719764
150.94103989063336 247.29216217511123
151.3382040079955 246.10066982302482
151.3382040079955 244.9091774709384
152.5296963600819 244.11484923621413
153.72118871216833 242.92335688412766
154.5155169468926 241.73186453204127
154.5155169468926 240.54037217995483
154.5155169468926 239.34887982786842
154.5155169468926 238.157387475782
154.5155169468926 236.9658951236956
154.11835282953047 235.77440277160915
153.3240245948062 234.5829104195227
152.5296963600819 233.3914180674363
151.73536812535764 232.19992571534988
150.54387577327122 231.00843336326346
149.74954753854692 229.81694101117705
148.95521930382262 228.6254486590906
147.7637269517362 227.43395630700417
146.96939871701193 226.24246395491775
145.7779063649255 225.44813572019348
144.5864140128391 224.6538074854692
143.39492166075266 223.4623151333828
141.40910107394194 222.66798689865848
140.21760872185553 222.27082278129637
139.0261163697691 221.8736586639342
137.8346240176827 221.8736586639342
136.6431316655963 221.8736586639342
135.45163931350987 221.8736586639342
134.2601469614234 221.8736586639342
133.068654609337 221.8736586639342
slice_number: 21
nb_points_on_contour: 99
87.3947811126908 147.60396871721386
86.20328876060438 147.60396871721386
85.01179640851797 148.001132834576
83.82030405643152 148.7954610693003
82.62881170434511 149.58978930402458
81.83448346962084 151.17844577347313
80.64299111753441 152.76710224292168
79.84866288281012 153.95859459500812
79.05433464808584 155.15008694709454
78.6571705307237 156.34157929918098
77.86284229599943 157.5330716512674
76.67134994391299 158.32739988599167
75.87702170918871 159.51889223807808
75.08269347446443 160.7103845901645
73.891201122378 161.5047128248888
73.49403700501587 162.6962051769752
73.49403700501587 163.88769752906165
73.09687288765373 165.07918988114807
73.09687288765373 166.27068223323448
72.69970877029158 167.46217458532092
72.69970877029158 168.65366693740734
72.69970877029158 169.84515928949375
72.69970877029158 171.0366516415802
72.69970877029158 172.2281439936666
72.69970877029158 173.41963634575302
72.69970877029158 174.61112869783943
72.30254465292944 175.80262104992588
72.30254465292944 176.9941134020123
71.9053805355673 178.18560575409873
71.50821641820517 179.37709810618514
71.50821641820517 180.56859045827156
71.11105230084303 181.76008281035797
71.11105230084303 182.95157516244439
71.9053805355673 184.14306751453083
72.69970877029158 185.33455986661727
73.891201122378 186.12888810134154
74.6855293571023 187.32038045342796
75.87702170918871 188.11470868815223
77.06851406127514 188.9090369228765
78.26000641336157 189.30620104023865
79.45149876544798 189.30620104023865
80.64299111753441 189.30620104023865
81.83448346962084 189.30620104023865
83.02597582170725 188.9090369228765
84.21746817379366 188.9090369228765
85.4089605258801 188.9090369228765
86.60045287796652 188.9090369228765
87.79194523005293 188.9090369228765
88.98343758213937 188.9090369228765
90.17492993422579 188.9090369228765
91.3664222863122 188.9090369228765
92.55791463839864 188.9090369228765
93.74940699048506 188.9090369228765
94.94089934257147 188.9090369228765
96.1323916946579 188.9090369228765
97.32388404674433 188.9090369228765
98.91254051619288 188.9090369228765
100.50119698564146 188.9090369228765
101.69268933772787 188.9090369228765
102.8841816898143 188.9090369228765
104.07567404190073 188.9090369228765
105.26716639398714 188.9090369228765
106.45865874607357 188.9090369228765
107.65015109815998 188.51187280551437
108.84164345024641 188.11470868815223
108.84164345024641 186.92321633606582
108.84164345024641 185.7317239839794
108.84164345024641 184.54023163189296
108.84164345024641 183.34873927980652
108.84164345024641 182.1572469277201
108.84164345024641 180.56859045827156
108.84164345024641 179.37709810618514
108.84164345024641 178.18560575409873
108.84164345024641 176.9941134020123
108.84164345024641 175.80262104992588
108.84164345024641 174.2139645804773
108.84164345024641 173.02247222839088
108.84164345024641 171.83097987630447
108.84164345024641 170.63948752421805
108.84164345024641 169.4479951721316
108.84164345024641 168.2565028200452
108.84164345024641 167.06501046795876
108.84164345024641 165.87351811587234
108.84164345024641 164.68202576378593
108.84164345024641 163.4905334116995
108.84164345024641 162.29904105961307
108.84164345024641 161.10754870752666
108.84164345024641 159.91605635544022
108.84164345024641 158.7245640033538
108.84164345024641 157.5330716512674
109.23880756760855 156.34157929918098
109.23880756760855 155.15008694709454
109.23880756760855 153.95859459500812
109.23880756760855 152.76710224292168
109.23880756760855 151.57560989083527
108.04731521552213 151.17844577347313
106.85582286343572 150.781281656111
105.66433051134928 149.98695342138672
104.07567404190073 149.58978930402458
