Study: 2.16.840.1.113669.632.20.1211.10000050280
Series: 1.2.840.113704.1.111.4056.1121430081.6
SpacingX: 0.685546875
SpacingY: 0.685546875
SpacingZ: 10.0

label: micronodules
localisation: peripheral/sub_pleural
slice_number: 4
nb_points_on_contour: 129
150.0713125810528 206.32430806496603
149.0093939044766 206.32430806496603
147.9474752279004 206.32430806496603
146.88555655132419 206.67828095715808
145.823637874748 207.3862267415423
144.7617191981718 207.74019963373433
143.6998005215956 207.74019963373433
142.63788184501936 208.44814541811846
141.5759631684432 208.44814541811846
140.514044491867 208.44814541811846
139.4521258152908 208.44814541811846
138.39020713871457 208.44814541811846
137.32828846213837 208.44814541811846
136.26636978556218 208.44814541811846
135.20445110898595 208.44814541811846
134.14253243240975 208.44814541811846
133.08061375583353 208.44814541811846
132.01869507925733 208.44814541811846
130.9567764026811 208.44814541811846
129.8948577261049 208.44814541811846
128.83293904952868 207.74019963373433
127.77102037295248 207.0322538493502
126.70910169637625 205.97033517277396
125.64718301980005 205.26238938838986
124.58526434322386 204.5544436040057
123.52334566664763 203.49252492742946
122.46142699007143 202.78457914304536
121.39950831349523 202.07663335866124
120.69156252911111 201.01471468208499
119.62964385253488 200.30676889770083
118.56772517595869 199.59882311331674
117.50580649938246 199.2448502211247
116.44388782280626 198.53690443674054
115.38196914623006 198.1829315445485
114.32005046965384 197.4749857601643
113.61210468526974 196.41306708358812
112.55018600869354 195.705121299204
112.19621311650144 194.64320262262774
111.13429443992521 194.28922973043566
110.42634865554109 193.2273110538595
109.36442997896489 192.51936526947537
108.65648419458074 191.45744659289912
107.94853841019662 190.39552791632295
106.88661973362039 189.68758213193883
105.8247010570442 188.2716905631705
104.762782380468 187.20977188659432
103.70086370389177 186.14785321001807
102.63894502731557 185.0859345334419
101.57702635073937 184.73196164124985
100.51510767416318 183.67004296467366
99.45318899758695 183.31607007248152
98.39127032101075 182.96209718028948
97.32935164443455 182.96209718028948
96.26743296785835 182.6081242880974
95.20551429128213 182.6081242880974
94.14359561470593 182.6081242880974
93.08167693812973 182.96209718028948
92.37373115374558 184.02401585686573
92.0197582615535 185.0859345334419
91.66578536936143 186.14785321001807
91.66578536936143 187.20977188659432
91.66578536936143 188.2716905631705
91.66578536936143 189.3336092397467
91.66578536936143 190.39552791632295
91.66578536936143 191.45744659289912
91.66578536936143 192.51936526947537
92.0197582615535 193.58128394605157
92.0197582615535 194.64320262262774
92.0197582615535 195.705121299204
92.72770404593763 196.7670399757802
93.08167693812973 197.82895865235636
94.14359561470593 198.89087732893262
95.20551429128213 199.59882311331674
96.26743296785835 200.30676889770083
97.32935164443455 200.30676889770083
98.39127032101075 201.01471468208499
99.0992161053949 202.07663335866124
99.80716188977902 203.1385520352374
100.1611347819711 204.20047071181367
100.86908056635522 205.26238938838986
101.93099924293142 206.32430806496603
102.63894502731557 207.3862267415423
103.34689081169975 208.44814541811846
104.40880948827592 209.15609120250258
105.47072816485215 209.86403698688676
106.53264684142835 209.86403698688676
107.59456551800454 209.86403698688676
108.65648419458074 209.86403698688676
109.71840287115697 209.86403698688676
110.78032154773317 210.21800987907883
111.84224022430936 210.57198277127088
112.90415890088559 210.92595566346296
113.96607757746179 211.63390144784708
115.02799625403799 212.3418472322312
116.08991493061419 213.40376590880746
117.15183360719041 214.46568458538363
117.85977939157459 215.52760326195988
118.21375228376661 216.58952193853605
119.62964385253488 218.0054135073043
120.69156252911111 218.35938639949637
121.75348120568731 218.71335929168845
122.8153998822635 219.4213050760726
123.87731855883973 219.77527796826465
124.93923723541593 220.12925086045672
126.00115591199213 220.4832237526488
127.06307458856836 220.83719664484084
128.12499326514455 221.19116953703292
129.18691194172075 221.54514242922502
130.60280351048903 221.54514242922502
131.66472218706522 221.54514242922502
132.72664086364142 221.54514242922502
133.78855954021765 221.54514242922502
134.85047821679385 221.54514242922502
135.91239689337004 221.54514242922502
138.03623424652247 221.54514242922502
139.09815292309867 221.54514242922502
140.1600715996749 221.54514242922502
141.22199027625112 221.54514242922502
142.28390895282732 221.19116953703292
143.34582762940352 220.4832237526488
143.34582762940352 219.4213050760726
142.99185473721144 217.2974677229202
144.05377341378764 216.94349483072813
145.11569209036384 216.235549046344
145.823637874748 215.17363036976775
146.53158365913217 214.11171169319158
147.23952944351626 213.04979301661538
148.30144812009246 212.3418472322312
148.6554210122846 211.27992855565503
slice_number: 5
nb_points_on_contour: 81
124.58526434322386 221.19116953703292
123.52334566664763 220.4832237526488
122.46142699007143 219.77527796826467
121.04553542130316 218.35938639949637
119.98361674472699 218.0054135073043
118.56772517595869 216.94349483072813
117.50580649938246 215.52760326195988
115.73594203842217 214.81965747757567
114.67402336184597 213.7577388009995
113.61210468526974 213.40376590880746
112.19621311650144 212.3418472322312
110.78032154773317 211.63390144784708
109.71840287115697 210.92595566346296
108.65648419458074 209.86403698688676
107.94853841019662 208.8021183103105
107.24059262581247 207.74019963373433
106.17867394923624 206.67828095715808
105.47072816485215 205.6163622805819
104.40880948827592 204.5544436040057
103.70086370389177 203.49252492742946
102.63894502731557 202.78457914304536
101.57702635073937 201.72266046646916
100.86908056635522 200.6607417898929
99.80716188977902 199.9527960055088
99.0992161053949 198.89087732893262
98.03729742881868 198.1829315445485
96.97537875224245 197.12101286797224
95.91346007566625 196.41306708358812
94.85154139909005 195.35114840701186
93.78962272251385 194.28922973043566
92.72770404593763 193.2273110538595
91.66578536936143 192.51936526947537
90.60386669278523 192.16539237728327
89.541948016209 191.8114194850912
88.48002933963281 191.8114194850912
88.12605644744076 192.87333816166745
87.77208355524868 193.93525683824365
87.77208355524868 194.99717551481982
87.77208355524868 196.05909419139607
87.77208355524868 197.12101286797224
87.77208355524868 198.1829315445485
87.77208355524868 199.2448502211247
87.77208355524868 200.30676889770083
88.12605644744076 201.72266046646916
88.83400223182488 202.78457914304536
89.89592090840111 203.49252492742946
91.31181247716938 204.5544436040057
92.37373115374558 205.6163622805819
93.43564983032178 205.97033517277396
94.14359561470593 207.0322538493502
94.85154139909005 208.0941725259264
95.5594871834742 209.15609120250258
96.6214058600504 209.51006409469463
96.97537875224245 210.57198277127085
97.6833245366266 211.63390144784705
98.39127032101075 212.69582012442325
98.7452432132028 213.75773880099948
99.45318899758695 214.81965747757567
100.51510767416318 215.52760326195985
101.57702635073937 216.23554904634398
102.63894502731557 216.58952193853602
103.70086370389177 216.9434948307281
104.762782380468 217.29746772292017
105.8247010570442 217.65144061511222
106.88661973362039 218.35938639949637
107.94853841019662 219.06733218388052
109.01045708677282 220.12925086045672
110.07237576334902 220.83719664484084
110.42634865554109 221.89911532141707
111.48826733211732 222.60706110580122
112.55018600869352 223.31500689018534
113.96607757746179 223.31500689018537
115.02799625403799 223.31500689018537
116.08991493061419 223.31500689018537
117.50580649938246 223.31500689018537
118.56772517595869 223.31500689018537
119.62964385253488 223.31500689018537
120.69156252911111 223.31500689018537
121.75348120568731 223.31500689018537
122.81539988226353 223.31500689018537
123.87731855883976 223.31500689018537
slice_number: 7
nb_points_on_contour: 87
96.97537875224245 210.21800987907883
96.97537875224245 209.15609120250258
96.97537875224245 208.0941725259264
96.97537875224245 207.0322538493502
96.6214058600504 205.97033517277396
96.6214058600504 204.9084164961978
96.6214058600504 203.84649781962153
96.26743296785835 202.78457914304536
96.26743296785835 201.3686875742771
96.26743296785835 200.30676889770083
95.91346007566625 199.2448502211247
95.91346007566625 198.1829315445485
95.91346007566625 196.7670399757802
95.20551429128213 195.705121299204
95.20551429128213 194.64320262262774
94.85154139909005 193.58128394605157
94.49756850689798 192.16539237728327
94.14359561470593 190.74950080851502
94.14359561470593 189.3336092397467
93.78962272251385 188.2716905631705
93.43564983032178 187.20977188659432
93.08167693812973 186.14785321001807
93.08167693812973 185.0859345334419
92.72770404593763 184.02401585686573
92.72770404593763 182.96209718028948
92.37373115374558 181.9001785037133
92.0197582615535 180.8382598271371
91.66578536936143 179.77634115056085
90.95783958497731 178.71442247398468
90.24989380059316 177.65250379740843
89.541948016209 176.59058512083223
88.48002933963281 175.8826393364481
87.41811066305661 175.17469355206399
86.35619198648041 174.82072065987188
85.29427330990418 174.11277487548776
84.23235463332799 174.11277487548776
83.17043595675179 174.11277487548776
82.10851728017556 174.11277487548776
81.04659860359936 174.11277487548776
79.98467992702317 174.11277487548776
78.92276125044697 174.11277487548776
77.86084257387074 174.11277487548776
76.79892389729454 174.11277487548776
75.73700522071833 174.11277487548776
75.0290594363342 175.17469355206399
74.67508654414212 176.23661222864018
74.67508654414212 177.29853090521635
74.32111365195006 178.71442247398468
74.32111365195006 179.77634115056085
74.32111365195006 180.8382598271371
74.32111365195006 181.9001785037133
74.67508654414212 182.96209718028948
73.967140759758 184.37798874905775
74.32111365195006 185.43990742563395
74.67508654414212 186.50182610221015
75.38303232852626 187.56374477878637
76.09097811291039 188.97963634755465
76.44495100510248 190.04155502413087
76.79892389729454 191.10347370070707
76.79892389729454 192.16539237728327
77.15289678948659 193.22731105385947
77.15289678948659 194.28922973043566
77.50686968167868 195.35114840701186
77.86084257387074 196.4130670835881
78.21481546606282 197.4749857601643
78.56878835825489 198.5369044367405
78.92276125044697 199.5988231133167
79.27673414263901 200.6607417898929
79.63070703483109 201.72266046646914
79.98467992702317 202.78457914304533
80.69262571140732 203.84649781962153
81.04659860359936 204.90841649619776
81.75454438798351 205.97033517277396
82.46249017236764 207.03225384935018
82.81646306455971 208.09417252592638
83.87838174113594 208.8021183103105
84.58632752552003 209.86403698688673
85.64824620209626 210.57198277127085
86.35619198648041 211.63390144784705
87.41811066305661 212.69582012442325
88.48002933963281 213.40376590880743
89.89592090840111 214.46568458538363
90.95783958497731 214.81965747757567
92.0197582615535 214.81965747757567
93.43564983032178 214.81965747757567
94.49756850689798 214.81965747757567
95.5594871834742 214.81965747757567
slice_number: 8
nb_points_on_contour: 137
115.02799625403799 227.56268159649022
113.96607757746179 227.20870870429815
112.90415890088559 226.50076291991397
111.84224022430936 225.79281713552984
110.78032154773317 225.08487135114572
109.71840287115697 224.3769255667616
108.65648419458074 224.02295267456947
107.59456551800454 224.02295267456947
106.53264684142835 224.02295267456947
105.47072816485215 224.02295267456947
104.40880948827592 224.02295267456947
102.99291791950765 224.02295267456947
101.93099924293142 224.02295267456947
100.86908056635522 224.02295267456947
99.80716188977902 223.66897978237742
99.45318899758695 222.60706110580125
98.7452432132028 221.54514242922505
98.03729742881868 220.12925086045675
97.6833245366266 219.06733218388055
97.32935164443455 218.0054135073043
96.6214058600504 216.94349483072813
96.26743296785835 215.88157615415193
95.91346007566625 214.81965747757567
94.85154139909005 214.11171169319158
94.14359561470593 213.04979301661538
93.08167693812973 212.3418472322312
92.0197582615535 211.63390144784708
91.31181247716938 210.57198277127088
90.60386669278523 209.51006409469463
89.89592090840111 208.0941725259264
89.18797512401696 207.0322538493502
88.83400223182488 205.97033517277396
88.48002933963281 204.9084164961978
88.12605644744076 203.84649781962153
88.12605644744076 202.78457914304536
88.12605644744076 201.72266046646916
87.77208355524868 200.6607417898929
87.77208355524868 199.59882311331674
87.77208355524868 198.53690443674054
87.77208355524868 197.4749857601643
87.41811066305661 196.41306708358812
87.41811066305661 195.35114840701186
87.06413777086453 193.93525683824365
86.71016487867246 192.51936526947537
86.00221909428834 191.45744659289912
85.29427330990418 190.39552791632295
84.94030041771214 188.97963634755465
84.23235463332799 187.91771767097848
83.52440884894384 186.85579899440228
83.17043595675179 185.79388031782602
82.46249017236764 184.73196164124985
82.10851728017556 183.67004296467366
81.40057149579144 182.6081242880974
80.69262571140732 181.54620561152123
79.98467992702317 180.48428693494498
79.27673414263901 179.42236825836878
78.56878835825489 178.3604495817926
77.50686968167868 178.00647668960053
76.44495100510248 178.00647668960053
75.38303232852626 178.00647668960053
74.32111365195006 178.3604495817926
73.6131678675659 179.42236825836878
72.90522208318177 180.48428693494498
72.90522208318177 181.54620561152123
72.90522208318177 182.6081242880974
72.90522208318177 183.67004296467366
72.90522208318177 184.73196164124985
72.90522208318177 185.79388031782602
72.90522208318177 186.85579899440228
72.90522208318177 187.91771767097848
72.90522208318177 188.97963634755465
72.90522208318177 190.0415550241309
73.25919497537386 191.10347370070707
73.967140759758 192.16539237728327
75.38303232852626 192.87333816166745
75.73700522071833 193.93525683824365
76.44495100510248 194.99717551481982
77.50686968167868 196.41306708358812
77.86084257387074 197.4749857601643
78.21481546606282 198.53690443674054
78.92276125044697 199.59882311331674
78.92276125044697 200.6607417898929
78.92276125044697 201.72266046646916
79.27673414263901 202.78457914304536
79.63070703483109 203.84649781962153
80.69262571140732 204.5544436040057
81.04659860359936 205.6163622805819
81.04659860359936 206.67828095715808
81.40057149579144 207.74019963373433
81.40057149579144 208.8021183103105
81.40057149579144 209.86403698688676
82.46249017236764 210.92595566346296
83.52440884894384 211.63390144784708
84.58632752552003 212.3418472322312
84.94030041771214 213.75773880099948
85.64824620209626 214.81965747757567
86.00221909428834 215.8815761541519
86.71016487867246 216.9434948307281
87.41811066305661 218.0054135073043
87.77208355524868 219.06733218388052
88.12605644744076 220.12925086045672
88.48002933963281 221.19116953703292
89.18797512401696 222.25308821360915
89.541948016209 223.31500689018534
89.89592090840111 224.37692556676157
90.24989380059316 225.43884424333777
90.95783958497731 226.50076291991397
91.66578536936143 227.5626815964902
92.72770404593763 228.27062738087432
93.43564983032178 229.33254605745051
94.49756850689798 230.04049184183464
95.20551429128213 231.10241051841086
96.26743296785835 231.81035630279501
97.32935164443455 232.51830208717914
98.39127032101075 232.87227497937118
99.45318899758695 233.9341936559474
100.51510767416318 234.64213944033156
101.57702635073937 235.35008522471568
102.63894502731557 236.4120039012919
103.70086370389177 237.11994968567603
104.762782380468 237.82789547006018
105.8247010570442 238.5358412544443
106.88661973362039 238.8898141466364
107.94853841019662 239.59775993102053
109.01045708677282 239.9517328232126
110.07237576334902 240.30570571540466
111.13429443992521 240.65967860759673
112.19621311650144 240.65967860759673
113.25813179307764 240.30570571540466
114.32005046965384 239.9517328232126
115.02799625403799 238.8898141466364
115.38196914623006 237.82789547006018
115.38196914623006 236.765976793484
115.38196914623006 235.70405811690776
115.38196914623006 234.64213944033156
115.73594203842214 233.58022076375536
115.73594203842214 232.51830208717914
slice_number: 9
nb_points_on_contour: 200
153.49374686448124 199.04730118493433
152.96286242025016 197.98553229647254
152.1665357539037 196.65832118589492
151.1047668654418 195.06566785320197
150.30844019909523 194.26934118685546
149.2466713106333 192.94213007627798
148.45034464428676 192.4112456320471
146.59224908947832 191.08403452146965
144.99959575678537 190.28770785512307
144.20326909043885 189.75682341089222
143.4069424240924 188.96049674454565
142.3451735356305 188.1641700781991
141.54884686928392 187.63328563396823
140.487077980822 186.83695896762163
139.69075131447548 186.57151674550622
138.6289824260135 186.30607452339078
137.5672135375515 185.77519007915964
136.77088687120502 185.77519007915964
135.17823353851207 185.24430563492876
134.1164646500501 184.9788634128133
132.65653242841486 184.58070007964005
131.19660020677972 184.18253674646675
130.24883061829695 183.67004296467363
129.18691194172075 183.67004296467363
128.12499326514455 184.37798874905775
127.06307458856836 185.08593453344187
126.70910169637625 186.14785321001807
125.64718301980005 186.85579899440225
124.58526434322386 187.2097718865943
123.52334566664763 187.2097718865943
122.46142699007143 187.2097718865943
121.39950831349523 187.2097718865943
120.337589636919 186.14785321001807
119.62964385253488 185.08593453344187
119.27567096034281 184.0240158568657
118.72081576735144 183.3862100801202
117.92448910100504 183.3862100801202
117.12816243465846 183.3862100801202
116.06639354619654 183.3862100801202
114.73918243561903 183.3862100801202
112.88108688081056 183.12076785800474
111.5538757702331 183.12076785800474
110.4921068817711 182.85532563588933
109.43033799330914 182.85532563588933
108.63401132696265 182.85532563588933
107.04135799426967 182.58988341377386
105.44870466157673 182.58988341377386
103.85605132888375 182.58988341377386
103.05972466253726 182.58988341377386
102.2633979961908 182.58988341377386
101.20162910772882 182.58988341377386
100.40530244138233 182.58988341377386
99.60897577503587 182.58988341377386
98.81264910868936 182.85532563588933
97.48543799811188 183.12076785800474
96.15822688753443 183.3862100801202
94.83101577695695 183.65165230223568
93.76924688849499 184.18253674646675
92.97292022214847 184.44797896858216
92.17659355580201 184.7134211906977
91.38026688945553 184.9788634128133
90.31849800099354 185.77519007915964
89.52217133464708 186.57151674550622
87.77208355524868 186.50182610221015
86.71016487867246 187.20977188659432
85.64824620209626 187.91771767097848
84.58632752552003 187.91771767097848
83.52440884894384 188.2716905631705
82.46249017236764 188.62566345536257
81.75454438798354 189.68758213193883
81.75454438798354 190.74950080851502
81.75454438798354 191.8114194850912
81.75454438798354 192.87333816166745
81.75454438798354 193.93525683824365
82.10851728017556 195.35114840701186
82.10851728017556 196.41306708358812
82.10851728017556 197.4749857601643
81.40057149579144 198.53690443674054
80.33865281921521 199.24485022112475
80.33865281921521 200.30676889770083
79.63070703483109 201.36868757427715
79.27673414263901 202.43060625085332
78.56878835825489 203.49252492742946
78.56878835825489 204.55444360400577
78.56878835825489 205.6163622805819
78.56878835825489 206.67828095715808
78.56878835825489 207.7401996337344
78.56878835825489 208.8021183103105
78.92276125044697 209.86403698688682
79.27673414263901 211.27992855565506
79.98467992702317 212.3418472322312
80.33865281921521 213.4037659088075
80.69262571140732 214.46568458538363
81.40057149579144 215.5276032619599
82.10851728017556 216.58952193853608
82.46249017236764 217.65144061511222
82.81646306455971 218.7133592916885
83.17043595675179 219.7752779682647
83.87838174113597 220.83719664484084
84.58632752552003 221.89911532141713
86.71016487867246 222.25308821360923
87.41811066305661 223.31500689018537
88.48002933963281 224.02295267456947
89.541948016209 224.7308984589537
90.60386669278523 225.43884424333785
91.66578536936143 225.43884424333785
92.72770404593763 225.43884424333785
93.78962272251385 225.43884424333785
94.85154139909005 224.02295267456947
95.20551429128213 222.96103399799333
95.20551429128213 221.89911532141716
95.20551429128213 220.83719664484084
96.26743296785835 220.12925086045678
97.32935164443455 219.77527796826473
98.39127032101075 220.83719664484084
99.45318899758695 221.89911532141718
100.51510767416318 222.6070611058013
101.22305345854733 223.66897978237742
102.28497213512352 224.37692556676168
102.99291791950765 225.43884424333788
103.70086370389177 226.50076291991397
104.762782380468 227.5626815964903
105.8247010570442 228.62460027306645
106.88661973362039 229.33254605745051
107.94853841019662 229.6865189496426
109.01045708677282 230.39446473402685
110.07237576334902 230.74843762621893
111.13429443992521 231.10241051841098
112.19621311650144 231.45638341060302
113.25813179307764 231.81035630279504
114.32005046965384 232.51830208717914
115.73594203842217 233.58022076375548
116.44388782280626 234.64213944033162
117.50580649938246 235.35008522471568
118.21375228376661 236.41200390129202
118.92169806815082 237.4739225778682
119.62964385253488 238.5358412544443
119.98361674472704 239.59775993102065
120.337589636919 240.65967860759676
121.04553542130316 241.72159728417307
122.10745409787947 242.4295430685572
123.16937277445558 243.13748885294132
123.52334566664763 244.1994075295174
124.58526434322386 244.55338042170948
125.64718301980005 244.55338042170948
126.70910169637625 243.84543463732535
127.77102037295248 243.13748885294132
128.83293904952868 242.78351596074927
129.8948577261049 242.07557017636512
130.9567764026811 241.0136514997888
131.66472218706522 239.95173282321272
132.72664086364142 239.24378703882857
133.78855954021765 238.88981414663652
134.85047821679385 238.5358412544443
135.91239689337004 238.5358412544443
136.97431556994627 238.5358412544443
138.03623424652247 238.5358412544443
139.09815292309867 238.5358412544443
140.1600715996749 238.5358412544443
141.22199027625112 238.5358412544443
142.28390895282732 238.5358412544443
143.34582762940354 238.18186836225223
144.40774630597974 237.4739225778682
145.46966498255597 236.7659767934841
146.17761076694006 235.70405811690776
146.88555655132419 234.64213944033162
147.9474752279004 233.93419365594752
149.0093939044766 233.58022076375548
150.0713125810528 233.2262478715634
151.13323125762903 232.87227497937118
152.19514993420523 232.51830208717914
153.25706861078143 232.51830208717914
154.31898728735763 232.51830208717914
155.38090596393386 231.81035630279504
155.38090596393386 230.74843762621893
155.38090596393386 229.6865189496426
155.38090596393386 228.62460027306645
155.38090596393386 227.5626815964903
155.38090596393386 226.50076291991397
155.38090596393386 225.43884424333788
155.38090596393386 224.37692556676168
155.38090596393386 223.31500689018537
155.38090596393386 222.25308821360926
155.88272686352065 221.6098900647515
156.4136113077516 220.81356339840502
156.94449575198257 220.01723673205842
157.74082241832906 218.9554678435964
158.53714908467555 217.62825673301896
158.80259130679104 216.83193006667264
159.33347575102204 216.03560340032612
159.5989179731375 215.23927673397952
159.864360195253 214.17750784551754
160.39524463948405 213.11573895705556
160.66068686159952 212.05397006859357
160.926129083715 210.99220118013173
160.926129083715 209.93043229166975
161.1915713058305 209.1341056253232
161.1915713058305 208.33777895897663
161.1915713058305 207.54145229263034
161.1915713058305 206.47968340416836
nb_points_on_contour: 114
285.41853125588176 179.6700189705033
285.41853125588176 178.8736923041568
285.15308903376626 178.07736563781032
284.3567623674198 177.28103897146383
283.5604357010733 177.01559674934833
282.7641090347268 177.01559674934833
281.4368979241494 176.48471230511734
280.64057125780283 176.21927008300187
279.8442445914564 175.68838563877085
279.0479179251099 175.15750119453986
278.25159125876337 174.8920589724244
277.45526459241694 174.36117452819343
276.65893792607045 174.0957323060779
275.86261125972396 174.0957323060779
275.0662845933775 173.83029008396238
274.269957927031 173.56484786184694
273.4736312606845 173.29940563973142
272.4118623722225 173.03396341761595
271.3500934837606 172.76852119550043
270.5537668174141 172.50307897338496
269.7574401510676 172.50307897338496
268.9611134847211 172.23763675126946
268.16478681837464 171.97219452915394
267.36846015202815 171.70675230703847
266.57213348568166 171.44131008492297
265.7758068193352 171.17586786280748
264.9794801529887 170.91042564069198
264.1831534866422 170.91042564069198
263.38682682029577 170.6449834185765
262.3250579318338 170.379541196461
261.2632890433718 170.1140989743455
260.4669623770253 169.84865675223
259.6706357106788 169.84865675223
258.87430904433234 169.5832145301145
258.0779823779859 169.5832145301145
256.4853290452929 169.0523300858835
255.68900237894644 168.78688786376802
254.8926757125999 168.78688786376802
254.09634904625347 168.52144564165252
253.30002237990698 168.25600341953702
252.5036957135605 167.99056119742153
251.707369047214 167.99056119742153
250.9110423808675 167.99056119742153
250.11471571452103 167.99056119742153
248.7875046039436 167.99056119742153
247.99117793759706 167.99056119742153
247.19485127125057 167.99056119742153
246.39852460490414 167.99056119742153
245.33675571644216 167.99056119742153
244.54042905009564 168.25600341953702
243.74410238374918 168.52144564165252
242.9477757174027 169.0523300858835
242.15144905105623 169.5832145301145
241.35512238470972 170.379541196461
240.82423794047872 171.17586786280748
240.82423794047872 171.97219452915394
240.82423794047872 172.76852119550043
241.35512238470972 173.56484786184694
241.8860068289407 174.36117452819343
242.6823334952872 174.8920589724244
243.2132179395182 175.68838563877085
244.00954460586465 176.75015452723284
244.80587127221116 177.28103897146383
245.60219793855762 178.07736563781032
246.39852460490414 178.6082500820413
246.92940904913513 179.4045767483878
247.72573571548162 179.6700189705033
248.52206238182805 180.20090341473428
249.3183890481746 180.73178785896528
250.11471571452103 180.99723008108077
250.9110423808675 181.26267230319624
251.707369047214 181.52811452531176
252.5036957135605 181.79355674742723
253.30002237990698 182.32444119165825
254.09634904625347 182.58988341377372
254.8926757125999 182.85532563588922
255.68900237894644 183.12076785800468
256.4853290452929 183.12076785800468
257.28165571163936 183.65165230223568
258.0779823779859 183.65165230223568
258.87430904433234 183.91709452435117
259.6706357106788 184.1825367464667
260.4669623770253 184.1825367464667
261.2632890433718 184.44797896858216
262.0596157097183 184.7134211906977
263.1213845981802 184.97886341281315
264.1831534866422 185.24430563492865
265.7758068193352 185.50974785704415
266.57213348568166 185.77519007915964
267.36846015202815 186.04063230127514
268.43022904049013 186.30607452339063
269.2265557068366 186.57151674550613
270.2883245952986 186.57151674550613
271.6155357058761 186.83695896762163
272.67730459433807 187.10240118973712
273.73907348280005 187.10240118973712
274.5354001491465 187.36784341185262
275.86261125972396 187.63328563396811
276.65893792607045 187.63328563396811
277.72070681453243 187.63328563396811
278.5170334808789 187.63328563396811
279.3133601472254 187.8987278560836
280.1096868135719 187.8987278560836
280.9060134799184 187.8987278560836
281.7023401462648 187.8987278560836
282.49866681261136 187.8987278560836
283.2949934789578 187.8987278560836
284.0913201453043 187.63328563396811
284.88764681165077 187.36784341185262
285.41853125588176 186.57151674550613
285.68397347799726 185.77519007915964
285.94941570011275 184.97886341281315
285.94941570011275 184.1825367464667
286.48030014434374 183.3862100801202
slice_number: 10
nb_points_on_contour: 190
148.18490242217126 228.24594561763874
148.45034464428676 227.18417672917676
148.71578686640225 226.38785006283027
149.77755575486424 224.79519673013732
150.04299797697973 223.73342784167534
151.10476686544175 222.40621673109786
151.9010935317882 221.34444784263587
153.22830464236566 220.01723673205842
154.02463130871217 219.48635228782743
154.82095797505863 218.69002562148094
155.61728464140515 217.89369895513443
156.67905352986708 216.566487844557
157.47538019621356 215.23927673397952
158.40442797361783 213.77934451234427
159.33347575102204 212.3194122907091
160.12980241736855 210.99220118013162
160.66068686159952 209.93043229166963
161.1915713058305 209.13410562532314
161.7224557500615 207.80689451474566
161.98789797217697 206.74512562628374
162.2533401942925 205.41791451570626
162.2533401942925 203.82526118301328
162.518782416408 202.49805007243577
162.518782416408 201.70172340608931
162.518782416408 200.63995451762733
162.518782416408 199.3127434070499
161.98789797217697 198.25097451858792
161.7224557500615 196.92376340801044
161.05885019477273 195.33111007531744
160.39524463948405 193.7384567426245
159.864360195253 192.6766878541625
158.80259130679104 191.61491896570055
157.74082241832906 190.55315007723854
156.4136113077516 189.22593896666106
154.55551575294314 188.1641700781991
152.6974201981347 186.83695896762163
150.57388242121073 186.04063230127514
148.45034464428676 184.7134211906977
146.32680686736282 183.9170945243512
144.86687464572765 183.51893119117798
143.4069424240924 183.1207678580047
141.01796242505293 182.58988341377375
139.69075131447548 182.32444119165825
138.36354020389803 182.05899896954273
135.97456020485856 181.5281145253118
134.1164646500501 181.26267230319624
132.25836909524162 180.99723008108077
130.40027354043318 180.7317878589653
128.0112935413937 180.4663456368498
125.88775576446977 180.4663456368498
123.7642179875458 180.4663456368498
121.37523798850637 180.4663456368498
119.25170021158243 180.4663456368498
117.92448910100495 180.4663456368498
116.59727799042747 180.4663456368498
114.73918243561903 180.4663456368498
112.61564465869506 180.4663456368498
111.28843354811761 180.4663456368498
109.96122243754013 180.4663456368498
107.5722424385007 180.4663456368498
105.18326243946123 180.2009034147343
103.05972466253726 180.2009034147343
101.73251355195978 180.2009034147343
100.40530244138233 180.2009034147343
98.4587261458687 180.2009034147343
96.51214985035509 180.2009034147343
94.56557355484145 180.2009034147343
92.17659355580201 180.2009034147343
90.31849800099354 180.2009034147343
88.7258446683006 180.2009034147343
86.86774911349212 180.2009034147343
85.27509578079918 180.2009034147343
83.4170002259907 180.2009034147343
82.62067355964422 180.2009034147343
81.55890467118223 180.2009034147343
80.23169356060478 180.2009034147343
79.43536689425827 180.2009034147343
78.37359800579631 180.2009034147343
77.57727133944985 179.9354611926188
76.25006022887236 179.9354611926188
75.45373356252588 179.9354611926188
74.65740689617941 180.2009034147343
73.86108022983291 181.5281145253118
73.33019578560192 182.58988341377375
73.33019578560192 183.65165230223568
73.33019578560192 184.44797896858216
73.33019578560192 185.24430563492868
73.33019578560192 186.83695896762163
73.33019578560192 188.42961230031463
73.33019578560192 189.4913811887766
73.59563800771741 191.08403452146953
72.55124919098971 193.22731105385947
72.55124919098971 194.28922973043566
72.55124919098971 195.35114840701186
72.55124919098971 196.4130670835881
72.55124919098971 197.4749857601643
72.55124919098971 198.5369044367405
72.55124919098971 199.5988231133167
72.55124919098971 201.01471468208499
72.55124919098971 202.0766333586612
72.90522208318177 203.1385520352374
73.25919497537386 204.20047071181364
73.6131678675659 205.26238938838983
73.967140759758 206.32430806496603
74.67508654414212 207.38622674154226
75.38303232852626 208.44814541811843
76.09097811291039 209.51006409469463
76.79892389729454 210.57198277127085
77.50686968167868 211.63390144784705
77.86084257387074 212.69582012442325
78.56878835825489 213.75773880099948
79.27673414263901 214.81965747757567
79.63070703483109 215.8815761541519
80.33865281921521 216.9434948307281
80.69262571140732 218.0054135073043
81.40057149579144 219.06733218388052
82.10851728017556 220.12925086045672
83.17043595675179 220.83719664484084
83.52440884894384 221.89911532141707
84.58632752552003 222.60706110580122
85.29427330990418 223.66897978237742
86.00221909428834 224.73089845895362
86.71016487867246 225.79281713552982
87.41811066305661 226.85473581210601
87.77208355524868 227.91665448868224
88.12605644744076 228.97857316525844
88.83400223182488 230.04049184183464
89.18797512401696 231.10241051841086
89.541948016209 232.16432919498706
90.24989380059316 233.2262478715633
90.60386669278523 234.2881665481395
91.31181247716938 235.35008522471568
91.66578536936143 236.4120039012919
92.37373115374558 237.4739225778681
92.72770404593763 238.5358412544443
93.78962272251385 239.24378703882846
94.85154139909005 239.9517328232126
95.91346007566625 240.30570571540466
96.97537875224245 240.30570571540466
98.03729742881868 240.30570571540466
99.0992161053949 240.30570571540466
100.1611347819711 240.30570571540466
101.2230534585473 240.30570571540466
102.28497213512352 240.30570571540466
103.34689081169972 240.30570571540466
104.40880948827592 240.30570571540466
105.47072816485215 240.30570571540466
107.30680021638517 239.9254033907205
108.63401132696265 240.19084561283597
110.22666465965563 240.721730057067
111.5538757702331 240.721730057067
112.61564465869506 241.25261450129798
113.94285576927254 241.51805672341345
115.53550910196549 241.9162200565867
117.12816243465846 242.3143833897599
117.92448910100495 242.3143833897599
118.98625798946694 242.57982561187544
120.04802687792889 242.84526783399087
120.8443535442754 243.11071005610646
121.64068021062187 243.37615227822195
122.43700687696838 243.37615227822195
123.23333354331481 243.37615227822195
124.0296602096613 243.6415945003374
124.82598687600782 243.6415945003374
125.62231354235428 243.6415945003374
126.68408243081623 243.6415945003374
127.74585131927822 243.6415945003374
129.07306242985572 243.37615227822195
129.86938909620218 243.11071005610646
130.66571576254867 242.84526783399087
132.52381131735712 242.04894116764447
133.3201379837036 241.78349894552898
134.1164646500501 241.51805672341345
135.44367576062754 240.9871722791825
136.77088687120502 240.4562878349515
137.5672135375515 240.19084561283597
138.6289824260135 239.9254033907205
139.42530909235995 239.659961168605
140.487077980822 239.3945189464895
141.54884686928392 238.86363450225852
142.87605797986143 238.067307835912
143.6723846462079 237.00553894745005
144.20326909043885 235.67832783687254
144.73415353466987 234.61655894841064
144.99959575678537 233.82023228206415
145.26503797890084 232.75846339360217
145.26503797890084 231.96213672725565
145.79592242313183 230.6349256166782
145.79592242313183 229.83859895033171
146.32680686736282 228.24594561763874
nb_points_on_contour: 50
133.08061375583353 204.20047071181367
132.01869507925733 203.49252492742946
131.3107492948732 202.4306062508533
130.60280351048903 201.3686875742771
129.8948577261049 199.9527960055088
128.83293904952868 198.89087732893262
128.4789661573366 197.82895865235636
127.77102037295248 196.7670399757802
127.06307458856838 195.705121299204
126.70910169637625 194.64320262262774
126.3551288041842 193.58128394605157
126.00115591199216 192.51936526947537
125.29321012760798 191.45744659289912
124.23129145103178 190.74950080851502
123.16937277445558 190.0415550241309
122.10745409787941 189.3336092397467
121.04553542130316 189.3336092397467
119.98361674472699 189.3336092397467
119.62964385253488 190.39552791632295
119.62964385253488 191.45744659289912
119.62964385253488 192.51936526947537
119.62964385253488 193.58128394605157
119.98361674472699 194.64320262262774
119.98361674472699 195.705121299204
120.69156252911111 197.12101286797224
121.75348120568731 197.82895865235636
122.10745409787938 198.8908773289326
122.46142699007143 200.30676889770083
122.8153998822635 201.36868757427706
123.16937277445558 202.43060625085326
123.16937277445558 203.49252492742946
123.16937277445558 204.55444360400568
123.16937277445558 205.61636228058188
123.16937277445558 206.67828095715808
123.16937277445558 207.7401996337343
123.16937277445558 208.8021183103105
123.16937277445558 209.86403698688673
123.16937277445558 210.92595566346293
124.23129145103178 212.3418472322312
125.29321012760798 213.04979301661538
126.3551288041842 213.40376590880746
127.4170474807604 214.11171169319158
128.83293904952868 214.11171169319158
129.8948577261049 214.11171169319158
130.9567764026811 214.11171169319158
132.01869507925733 213.40376590880746
132.72664086364142 212.3418472322312
132.72664086364142 211.27992855565503
132.72664086364142 209.86403698688676
132.72664086364142 208.8021183103105
slice_number: 11
nb_points_on_contour: 324
165.17320463756292 205.1524722935908
164.64232019333198 204.3561456272443
163.84599352698547 203.55981896089776
163.04966686063895 203.02893451666682
161.98789797217697 202.49805007243577
161.1915713058305 201.96716562820484
160.39524463948405 201.70172340608934
159.5989179731375 201.4362811839738
158.53714908467558 201.1708389618583
157.74082241832906 201.1708389618583
156.94449575198257 201.1708389618583
155.08640019717416 201.1708389618583
154.02463130871217 201.1708389618583
152.6974201981347 201.70172340608934
151.90109353178823 201.70172340608934
150.57388242121073 202.49805007243577
149.51211353274877 202.76349229455133
148.45034464428676 203.02893451666682
147.12313353370934 203.29437673878232
146.32680686736285 203.8252611830133
145.53048020101633 203.8252611830133
143.93782686832338 204.3561456272443
143.14150020197692 204.3561456272443
142.34517353563047 204.3561456272443
141.54884686928392 204.3561456272443
140.75252020293746 204.3561456272443
139.69075131447556 203.8252611830133
138.89442464812896 203.55981896089776
137.30177131543604 202.49805007243577
136.50544464908953 201.96716562820484
135.17823353851207 201.03811785080063
133.85102242793462 200.10907007339637
133.0546957615881 199.57818562916543
132.25836909524162 199.31274340704994
131.19660020677972 198.7818589628189
130.40027354043318 198.51641674070342
129.60394687408672 197.98553229647246
129.07306242985575 196.92376340801047
128.27673576350924 195.8619945195485
127.74585131927822 194.8002256310865
127.48040909716275 194.00389896473996
127.21496687504728 193.20757229839347
126.94952465293179 192.1458034099316
126.41864020870074 190.55315007723854
126.41864020870074 189.75682341089214
126.41864020870074 188.69505452243015
126.41864020870074 187.89872785608364
126.41864020870074 186.83695896762163
126.41864020870074 186.04063230127514
126.41864020870074 184.9788634128132
126.41864020870074 184.18253674646675
126.41864020870074 183.3862100801202
126.41864020870074 182.58988341377378
126.15319798658527 181.52811452531182
125.88775576446977 180.7317878589653
125.35687132023881 179.6700189705033
124.2951024317768 178.8736923041568
123.49877576543031 178.07736563781037
122.43700687696841 177.54648119357933
121.6406802106219 177.0155967493484
120.57891132215991 176.48471230511734
119.25170021158243 175.9538278608864
118.1899313231205 175.42294341665544
117.12816243465846 175.15750119453986
116.331835768312 174.8920589724244
115.53550910196549 174.62661675030895
114.47374021350353 175.15750119453986
114.20829799138804 174.3611745281935
113.94285576927257 173.56484786184697
113.4119713250416 172.76852119550043
113.14652910292608 171.972194529154
112.88108688081059 171.17586786280754
112.35020243657956 170.379541196461
111.8193179923486 169.58321453011456
111.28843354811761 168.52144564165258
110.75754910388662 167.4596767531906
110.22666465965563 166.66335008684405
109.43033799330914 165.86702342049767
108.36856910484713 165.0706967541512
107.5722424385007 164.53981230992014
106.51047355003868 164.53981230992014
105.71414688369222 164.53981230992014
104.91782021734574 164.53981230992014
103.85605132888375 164.53981230992014
101.99795577407531 163.74348564357365
100.93618688561332 163.47804342145815
100.13986021926684 162.41627453299617
99.2108124418626 161.22178453347647
98.28176466445836 160.0272945339567
97.21999577599641 158.96552564549472
96.68911133176542 158.1691989791483
96.42366910964995 157.1074300906863
95.62734244330346 155.78021898010886
95.36190022118797 154.71845009164684
94.83101577695695 153.65668120318486
94.30013133272598 152.86035453683837
93.5038046663795 151.5331434262609
92.70747800003298 150.7368167599144
92.17659355580201 149.94049009356794
91.64570911157102 149.14416342722149
91.11482466734003 148.347836760875
90.58394022310904 147.5515100945285
89.78761355676258 147.02062565029752
88.99128689041609 146.75518342818202
88.1949602240696 146.75518342818202
87.39863355772312 146.75518342818202
86.60230689137663 146.75518342818202
85.27509578079918 145.69341453972004
85.27509578079918 144.89708787337355
84.47876911445269 144.36620342914256
83.6824424481062 144.36620342914256
82.88611578175971 144.36620342914256
81.29346244906674 144.36620342914256
80.49713578272028 144.36620342914256
79.70080911637376 144.36620342914256
78.6390402279118 144.36620342914256
77.84271356156532 144.36620342914256
77.04638689521884 144.63164565125805
76.25006022887236 145.42797231760454
75.18829134041039 145.95885676183553
74.12652245194839 146.4897412060665
73.33019578560192 146.75518342818202
72.53386911925544 147.02062565029752
71.73754245290895 147.5515100945285
70.94121578656248 148.0823945387595
70.4103313423315 148.87872120510596
69.614004675985 149.67504787145242
68.81767800963851 150.4713745377989
68.55223578752302 151.2677012041454
67.75590912117654 151.00225898202996
66.95958245483007 150.4713745377989
66.16325578848358 150.2059323156834
65.36692912213711 149.67504787145242
64.5706024557906 150.2059323156834
64.03971801155963 151.00225898202996
63.50883356732864 151.7985856483764
62.977949123097645 152.59491231472288
62.977949123097645 153.39123898106942
62.71250690098216 154.18756564741585
62.44706467886667 154.98389231376234
62.44706467886667 155.78021898010886
62.44706467886667 156.57654564645532
62.18162245675117 157.63831453491724
62.18162245675117 158.43464120126373
61.65073801252019 160.2927367560722
61.65073801252019 161.0890634224187
61.93206242522764 161.72372364876534
62.28603531741969 162.78564232534154
62.99398110180384 163.84756100191777
63.70192688618798 165.263452570686
64.05589977838007 166.32537124726227
64.40987267057211 167.38728992383847
64.7638455627642 168.44920860041464
64.7638455627642 169.5111272769909
64.7638455627642 170.57304595356706
64.7638455627642 171.63496463014326
64.7638455627642 172.69688330671949
64.7638455627642 173.75880198329568
65.6323713442526 174.8920589724244
66.69414023271457 174.8920589724244
67.49046689906105 174.8920589724244
68.28679356540754 174.8920589724244
68.81767800963851 176.7501545272329
68.55223578752302 177.54648119357933
68.28679356540754 178.34280785992587
68.02135134329204 179.13913452627236
67.75590912117654 180.20090341473434
67.22502467694557 180.99723008108077
66.95958245483007 181.7935567474273
66.95958245483007 182.58988341377378
66.95958245483007 183.65165230223568
66.95958245483007 184.44797896858216
66.95958245483007 185.2443056349287
66.95958245483007 186.04063230127514
66.95958245483007 186.83695896762163
67.49046689906105 187.63328563396817
67.75590912117654 188.42961230031466
68.55223578752302 189.22593896666106
69.3485624538695 189.75682341089214
70.144889120216 190.0222656330076
70.94121578656248 190.28770785512307
71.73754245290895 190.55315007723854
72.53386911925544 190.81859229935412
73.59563800771741 190.81859229935412
74.39196467406391 190.81859229935412
75.18829134041039 190.81859229935412
75.98461800675688 190.81859229935412
76.78094467310335 190.81859229935412
78.10815578368081 190.55315007723854
78.9044824500273 190.28770785512307
79.70080911637376 190.0222656330076
80.49713578272028 189.75682341089214
81.29346244906674 189.22593896666106
82.08978911541323 188.96049674454565
82.88611578175971 188.96049674454565
83.6824424481062 188.96049674454565
84.47876911445269 188.96049674454565
85.54053800291467 188.96049674454565
86.86774911349215 188.96049674454565
87.92951800195408 188.96049674454565
88.7258446683006 188.96049674454565
89.78761355676258 188.96049674454565
90.58394022310904 188.96049674454565
91.38026688945553 188.96049674454565
92.17659355580201 188.96049674454565
92.97292022214847 188.96049674454565
93.76924688849499 188.96049674454565
94.56557355484145 188.96049674454565
95.36190022118797 188.96049674454565
96.15822688753443 188.96049674454565
96.95455355388091 188.96049674454565
99.07809133080488 190.95131341041179
98.81264910868936 192.6766878541625
98.81264910868936 194.00389896473996
98.81264910868936 194.8002256310865
98.54720688657389 195.8619945195485
98.54720688657389 196.92376340801047
98.54720688657389 197.98553229647246
98.54720688657389 199.04730118493433
98.54720688657389 200.37451229551186
98.54720688657389 201.4362811839738
98.54720688657389 202.49805007243577
98.54720688657389 203.8252611830133
98.54720688657389 205.1524722935908
98.54720688657389 206.74512562628377
98.54720688657389 207.8068945147457
98.67992799763164 209.6649900695541
98.81264910868936 211.52308562436264
98.81264910868936 212.8502967349401
99.07809133080488 214.17750784551754
99.60897577503587 215.23927673397952
99.87441799715134 216.566487844557
100.40530244138233 217.62825673301896
100.93618688561332 218.42458339936547
101.20162910772882 219.2209100657119
101.73251355195978 220.01723673205842
101.99795577407531 220.81356339840494
102.5288402183063 221.60989006475143
102.7942824404218 222.40621673109786
103.05972466253726 223.73342784167534
103.32516688465276 224.52975450802188
103.85605132888375 225.5915233964838
104.51965688417249 227.31689784023456
105.18326243946126 229.04227228398526
105.71414688369222 230.10404117244724
106.24503132792321 231.43125228302472
106.77591577215418 232.4930211714867
107.5722424385007 234.08567450417965
108.36856910484713 235.1474433926416
109.16489577119364 236.2092122811036
110.22666465965563 237.27098116956557
111.02299132600211 238.33275005802756
112.08476021446407 239.39451894648954
112.88108688081059 239.92540339072053
113.4119713250416 240.98717227918252
114.20829799138804 241.783498945529
115.80095132408104 243.37615227822198
116.331835768312 244.1724789445684
117.39360465677396 244.96880561091487
118.45537354523597 246.29601672149232
120.31346910004444 247.62322783206986
121.10979576639087 247.88867005418535
122.17156465485294 248.68499672053179
123.23333354331481 249.21588116476283
124.0296602096613 249.48132338687833
124.82598687600785 250.01220783110932
127.21496687504728 250.80853449745575
128.0112935413937 251.0739767195713
128.8076202077402 251.33941894168686
129.86938909620218 251.33941894168686
130.93115798466425 251.87030338591777
131.72748465101068 252.1357456080332
132.52381131735712 252.1357456080332
133.85102242793462 252.40118783014873
135.9745602048586 252.66663005226428
137.30177131543604 252.66663005226428
138.36354020389803 252.66663005226428
139.45212581529077 253.40270272651122
141.39897672234713 253.40270272651122
143.34582762940352 253.40270272651122
144.4077463059797 253.40270272651122
145.46966498255594 253.40270272651122
146.53158365913214 253.40270272651122
147.59350233570834 253.40270272651122
148.30144812009246 252.340784049935
149.0093939044766 251.2788653733588
149.36336679666869 250.21694669678257
150.0713125810528 249.15502802020637
150.77925836543696 248.09310934363018
151.4872041498211 247.03119066705398
151.84117704201316 245.96927199047778
152.19514993420523 244.90735331390158
152.5491228263973 243.84543463732535
152.90309571858938 242.78351596074916
153.61104150297353 241.72159728417296
153.61104150297353 240.65967860759673
153.96501439516558 239.59775993102053
154.31898728735763 238.5358412544443
155.02693307174178 237.4739225778681
155.38090596393386 236.4120039012919
156.44282464051005 235.70405811690776
156.79679753270213 234.64213944033156
157.85871620927836 233.58022076375536
158.92063488585455 232.87227497937118
159.62858067023868 231.81035630279501
159.98255356243075 230.74843762621882
160.6904993468149 229.6865189496426
161.04447223900698 228.6246002730664
161.39844513119903 227.5626815964902
161.39844513119903 226.50076291991397
161.7524180233911 225.43884424333777
162.10639091558318 224.37692556676157
162.81433669996733 223.31500689018534
162.81433669996733 222.25308821360915
162.78422463852348 221.07900562052043
163.04966686063895 220.2826789541739
163.58055130486997 219.48635228782751
163.84599352698547 218.69002562148097
164.3768779712165 217.89369895513443
164.64232019333198 217.097372288788
164.64232019333198 216.30104562244153
164.90776241544745 215.23927673397952
164.90776241544745 214.4429500676331
165.17320463756292 213.3811811791711
slice_number: 12
nb_points_on_contour: 62
118.45537354523591 167.19423453107504
118.45537354523591 166.39790786472858
118.45537354523591 165.6015811983821
118.45537354523591 164.5398123099201
117.65904687888944 163.47804342145815
117.39360465677395 162.68171675511167
116.86272021254295 161.88539008876518
116.59727799042747 161.0890634224187
115.80095132408098 160.5581789781877
115.00462465773451 160.5581789781877
114.20829799138802 160.5581789781877
113.41197132504155 160.2927367560722
112.61564465869506 160.2927367560722
111.2884335481176 160.2927367560722
110.49210688177111 160.2927367560722
109.43033799330914 160.2927367560722
108.10312688273164 160.2927367560722
107.30680021638517 160.2927367560722
106.51047355003868 160.2927367560722
105.71414688369221 160.2927367560722
104.91782021734572 160.2927367560722
104.12149355099925 160.5581789781877
103.32516688465276 160.8236212003032
102.52884021830629 161.35450564453419
101.7325135519598 162.15083231088067
101.4670713298443 162.94715897722716
100.67074466349783 164.8052545320356
100.40530244138233 165.8670234204976
99.87441799715134 166.66335008684405
99.60897577503586 167.72511897530603
99.34353355292036 168.52144564165252
99.34353355292036 169.317772307999
99.34353355292036 170.1140989743455
99.34353355292036 171.17586786280748
99.60897577503586 171.97219452915394
100.13986021926684 172.76852119550043
100.40530244138233 173.56484786184694
101.20162910772882 174.36117452819343
101.9979557740753 175.15750119453986
102.79428244042178 175.68838563877085
103.85605132888375 176.21927008300187
104.65237799523022 176.75015452723284
105.71414688369221 177.28103897146383
106.77591577215418 177.54648119357933
108.10312688273164 177.81192341569482
109.43033799330914 177.81192341569482
110.22666465965563 177.81192341569482
111.2884335481176 177.81192341569482
112.08476021446407 177.81192341569482
112.88108688081056 177.81192341569482
113.67741354715703 177.81192341569482
114.47374021350352 177.81192341569482
116.33183576831198 177.81192341569482
117.39360465677395 177.81192341569482
118.45537354523591 177.81192341569482
119.25170021158243 177.81192341569482
120.04802687792889 177.81192341569482
120.84435354427538 177.81192341569482
121.90612243273736 177.54648119357933
122.96789132119935 177.01559674934833
123.49877576543031 175.95382786088635
123.7642179875458 175.15750119453986
nb_points_on_contour: 77
83.6824424481062 148.87872120510596
83.6824424481062 148.0823945387595
82.88611578175971 147.28606787241307
82.08978911541323 147.28606787241307
81.29346244906674 147.28606787241307
80.23169356060478 147.28606787241307
79.43536689425827 147.28606787241307
78.6390402279118 147.28606787241307
77.57727133944985 147.5515100945285
76.51550245098785 147.81695231664398
75.45373356252588 148.0823945387595
74.12652245194839 148.347836760875
73.06475356348642 148.87872120510596
72.26842689713995 149.14416342722149
71.47210023079347 149.40960564933692
70.144889120216 149.67504787145242
69.3485624538695 150.2059323156834
68.55223578752302 150.4713745377989
67.75590912117654 150.7368167599144
66.69414023271457 151.5331434262609
66.16325578848358 152.32947009260738
65.36692912213711 153.12579675895387
64.30516023367514 153.92212342530036
63.77427578944413 154.71845009164684
62.44706467886667 156.31110342433982
61.916180234635675 157.10743009068628
61.1198535682892 158.1691989791483
60.870143748651444 159.59988629561292
60.870143748651444 160.66180497218912
60.870143748651444 161.72372364876531
60.870143748651444 162.78564232534154
61.22411664084349 164.20153389410984
61.57808953303558 165.263452570686
61.93206242522764 166.32537124726227
61.93206242522764 167.38728992383847
62.64000820961178 168.44920860041464
62.99398110180384 169.5111272769909
63.347953993995915 170.57304595356706
63.70192688618798 171.63496463014326
63.70192688618798 172.69688330671949
63.70192688618798 173.75880198329568
63.70192688618798 174.82072065987188
63.70192688618798 175.8826393364481
63.70192688618798 176.94455801302428
64.8360446779061 176.21927008300187
65.6323713442526 177.0155967493484
66.42869801059908 177.54648119357933
66.95958245483007 178.34280785992587
67.75590912117654 178.8736923041568
68.55223578752302 179.40457674838785
69.3485624538695 179.6700189705033
70.144889120216 179.6700189705033
71.20665800867798 179.6700189705033
72.79931134137094 178.6082500820413
73.59563800771741 177.54648119357933
74.39196467406391 176.48471230511734
75.18829134041039 175.15750119453986
75.71917578464138 174.0957323060779
76.25006022887236 173.29940563973148
77.04638689521884 171.972194529154
77.84271356156532 170.91042564069204
78.9044824500273 169.0523300858835
79.1699246721428 168.25600341953702
79.70080911637376 167.19423453107504
80.49713578272028 165.8670234204976
81.02802022695127 164.80525453203563
81.55890467118223 163.74348564357365
82.08978911541323 162.9471589772272
82.88611578175971 161.61994786664974
83.94788467022167 160.0272945339567
84.21332689233716 159.23096786761027
85.00965355868368 158.1691989791483
85.54053800291467 157.10743009068628
85.80598022503014 156.31110342433982
86.60230689137663 154.98389231376234
86.86774911349212 153.65668120318486
87.39863355772312 152.86035453683837
nb_points_on_contour: 126
154.82095797505863 210.99220118013164
153.7591890865967 210.19587451378516
152.96286242025016 209.6649900695541
151.63565130967274 209.13410562532317
150.30844019909523 208.86866340320773
149.2466713106333 208.60322118109224
147.3885757558248 208.60322118109224
146.06136464524732 208.60322118109224
145.26503797890084 208.60322118109224
144.20326909043885 208.60322118109224
143.1415002019769 208.60322118109224
142.34517353563047 208.60322118109224
141.54884686928392 208.60322118109224
140.487077980822 208.33777895897663
139.42530909235995 208.0723367368612
137.301771315436 207.54145229263025
135.9745602048586 207.0105678483992
134.64734909428108 206.74512562628377
133.3201379837036 206.47968340416827
132.25836909524162 206.21424118205277
131.19660020677972 206.21424118205277
130.13483131831768 206.21424118205277
128.8076202077402 206.21424118205277
128.0112935413937 206.21424118205277
127.21496687504728 206.21424118205277
126.41864020870074 206.47968340416827
125.35687132023878 206.74512562628377
124.5605446538923 207.2760100705147
123.49877576543031 207.8068945147457
122.70244909908388 208.33777895897663
121.90612243273736 209.13410562532317
121.10979576639087 209.93043229166966
120.57891132215991 210.7267589580161
120.04802687792889 211.52308562436264
119.25170021158243 212.31941229070912
118.45537354523597 213.3811811791711
117.39360465677396 215.23927673397952
116.86272021254294 216.30104562244153
116.59727799042747 217.097372288788
116.59727799042747 217.89369895513443
116.59727799042747 218.69002562148097
116.59727799042747 219.48635228782746
116.59727799042747 220.2826789541739
115.80095132408104 220.81356339840494
115.38196914623006 221.19116953703292
116.44388782280626 221.54514242922502
117.50580649938246 221.89911532141707
118.56772517595869 222.60706110580122
119.62964385253488 223.31500689018534
119.98361674472696 224.37692556676157
119.98361674472696 225.43884424333777
119.98361674472696 226.50076291991397
119.98361674472696 227.5626815964902
119.98361674472696 228.6246002730664
119.98361674472696 229.6865189496426
119.98361674472696 230.74843762621882
118.92169806815076 231.81035630279501
118.56772517595869 232.87227497937118
117.85977939157456 233.9341936559474
118.45537354523597 235.9437700589881
119.78258465581342 237.00553894745008
121.10979576639087 238.067307835912
121.90612243273736 238.59819228014305
122.70244909908388 238.86363450225855
123.49877576543031 239.39451894648954
124.5605446538923 239.65996116860504
125.35687132023878 240.19084561283597
127.48040909716275 240.98717227918252
128.2767357635092 241.25261450129798
129.07306242985575 241.25261450129798
130.40027354043318 241.51805672341345
131.72748465101068 241.51805672341345
132.52381131735712 241.51805672341345
133.3201379837036 241.51805672341345
134.1164646500501 241.783498945529
135.17823353851207 241.783498945529
135.9745602048586 242.0489411676445
136.77088687120502 242.0489411676445
137.5672135375515 242.0489411676445
139.02714575918674 242.0489411676445
140.487077980822 242.0489411676445
141.28340464716842 242.0489411676445
142.34517353563047 242.0489411676445
143.1415002019769 242.0489411676445
143.93782686832338 242.0489411676445
144.7341535346699 242.0489411676445
146.06136464524732 241.51805672341345
147.23952944351626 243.84543463732535
148.30144812009246 243.84543463732535
149.36336679666869 243.84543463732535
150.779258365437 243.84543463732535
151.84117704201316 243.84543463732535
152.9030957185894 243.84543463732535
153.96501439516558 243.13748885294123
155.02693307174178 242.78351596074918
155.73487885612596 241.721597284173
156.088851748318 240.65967860759676
156.44282464051005 239.59775993102056
156.79679753270216 238.5358412544443
157.50474331708625 237.47392257786814
158.2126891014704 236.41200390129194
158.56666199366248 235.35008522471568
158.56666199366248 234.28816654813951
158.92063488585458 233.22624787156332
158.92063488585458 232.1643291949871
159.2746077780466 231.1024105184109
159.2746077780466 230.04049184183464
159.62858067023868 228.97857316525847
160.33652645462283 227.91665448868227
160.33652645462283 226.85473581210601
160.6904993468149 225.79281713552984
160.6904993468149 224.73089845895365
161.044472239007 223.66897978237742
161.044472239007 222.60706110580125
161.044472239007 221.54514242922505
161.044472239007 220.4832237526488
161.044472239007 219.42130507607263
161.044472239007 218.35938639949637
161.044472239007 217.2974677229202
161.044472239007 216.235549046344
161.044472239007 215.17363036976775
160.6904993468149 214.11171169319158
159.62858067023868 213.40376590880746
158.56666199366248 212.69582012442325
157.1507704248942 212.3418472322312
156.088851748318 211.63390144784708
nb_points_on_contour: 273
262.8559423760647 124.05987343730727
262.3250579318337 124.85620010365379
261.5287312654873 125.65252677000026
261.26328904337174 126.44885343634672
260.4669623770253 127.77606454692418
259.9360779327943 129.2359967685594
259.4051934885633 130.6959289901946
259.1397512664478 131.7576978786566
258.6088668222168 132.55402454500307
258.34342460010134 133.61579343346506
258.0779823779858 134.41212009981155
258.0779823779858 135.4738889882735
257.81254015587035 136.5356578767355
257.81254015587035 137.5974267651975
257.81254015587035 138.92463787577492
257.6798190448126 140.2518489863524
257.5470979337548 141.57906009692988
257.28165571163936 142.64082898539186
257.28165571163936 143.70259787385385
257.28165571163936 144.49892454020033
258.38701759182595 145.08699771573808
259.4489362684021 145.08699771573808
260.5108549449783 145.08699771573808
261.5727736215546 145.08699771573808
262.63469229813074 145.08699771573808
263.6966109747069 145.08699771573808
265.1125025434752 145.08699771573808
266.5283941122435 145.08699771573808
267.5903127888197 145.08699771573808
268.65223146539597 145.7949435001222
269.71415014197214 146.14891639231428
270.7760688185483 147.2108350688905
271.8379874951246 147.91878085327463
272.89990617170076 148.6267266376588
273.2538790638929 149.688645314235
273.2538790638929 150.75056399081117
273.2538790638929 151.81248266738737
272.89990617170076 152.87440134396363
272.1919603873166 153.9363200205398
271.13004171074044 154.2902929127319
270.0681230341643 154.998238697116
269.006204357588 155.70618448150017
267.9442856810118 156.4141302658843
266.88236700443554 156.4141302658843
265.82044832785937 156.4141302658843
264.4045567590912 156.4141302658843
263.3426380825149 156.4141302658843
262.2807194059387 156.4141302658843
260.8648278371704 156.4141302658843
259.0949633762101 156.4141302658843
257.32509891524967 156.4141302658843
255.9544446010619 157.50559342385958
255.6890023789464 158.832804534437
255.42356015683092 160.42545786712998
255.42356015683092 161.22178453347647
255.42356015683092 162.28355342193848
255.42356015683092 163.6107645325159
255.15811793471542 164.6725334209779
255.15811793471542 165.73430230943993
254.89267571259992 166.7960711979019
254.62723349048449 168.12328230847936
254.361791268369 168.91960897482588
254.09634904625355 169.71593564117228
253.83090682413794 171.04314675174973
254.4933157777132 172.34291041452747
255.2012615620973 173.40482909110364
256.2631802386735 174.4667477676798
256.61715313086563 175.5286664442561
257.32509891524967 176.59058512083223
258.03304469963393 177.65250379740843
258.74099048401797 178.7144224739847
259.80290916059425 179.42236825836878
260.8648278371704 180.48428693494498
260.8648278371704 181.54620561152126
260.5108549449783 182.6081242880974
259.80290916059425 183.67004296467368
258.74099048401797 184.3779887490578
257.6790718074418 184.3779887490578
256.61715313086563 184.3779887490578
255.55523445428938 184.3779887490578
254.4933157777132 184.3779887490578
253.43139710113698 185.08593453344193
253.0774242089449 186.14785321001807
253.43139710113698 187.20977188659435
254.13934288552107 188.2716905631705
254.84728866990528 189.3336092397467
255.9092073464815 190.39552791632298
256.97112602305765 191.45744659289912
258.03304469963393 192.16539237728327
258.38701759182595 193.22731105385952
259.4489362684021 193.93525683824365
260.5108549449783 194.99717551481982
261.5727736215546 196.41306708358815
262.2807194059387 197.4749857601643
263.3426380825149 198.53690443674057
263.6966109747069 199.59882311331677
263.6966109747069 200.6607417898929
263.3426380825149 201.7226604664692
262.2807194059387 202.78457914304536
261.21880072936256 203.1385520352374
260.1568820527863 203.1385520352374
259.0949633762101 203.1385520352374
258.03304469963393 203.1385520352374
256.97112602305765 202.78457914304536
255.55523445428938 201.7226604664692
254.4933157777132 201.36868757427712
253.43139710113698 200.6607417898929
252.36947842456075 200.30676889770083
251.30755974798458 200.30676889770083
250.59961396360043 199.24485022112472
250.59961396360043 198.18293154454852
250.59961396360043 197.12101286797224
250.24564107140836 196.0590941913961
249.58383127029012 196.7910422969527
249.3183890481745 197.8528111854147
249.05294682605907 199.18002229599213
248.3893412707703 200.77267562868508
247.7257357154816 202.36532896137814
247.1948512712506 203.16165562772463
246.9294090491351 203.95798229407103
246.3985246049041 205.01975118253304
245.86764016067318 206.08152007099503
245.60219793855768 206.8778467373415
245.33675571644218 207.67417340368792
245.07131349432663 208.4705000700345
244.80587127221114 209.26682673638098
244.54042905009564 210.06315340272738
243.47866016163366 211.65580673542044
243.47866016163366 212.45213340176684
243.21321793951822 213.2484600681134
243.21321793951822 214.04478673445985
243.21321793951822 214.8411134008063
243.21321793951822 216.6992089556148
243.47866016163366 217.4955356219613
243.47866016163366 218.2918622883077
243.47866016163366 219.08818895465427
244.2749868279802 219.61907339888518
246.3985246049041 220.14995784311625
247.1948512712506 220.14995784311625
248.25662015971258 220.14995784311625
249.3183890481745 220.14995784311625
250.38015793663655 220.14995784311625
251.70736904721397 220.14995784311625
252.76913793567596 220.14995784311625
253.83090682413794 220.14995784311625
254.89267571259992 220.14995784311625
256.48532904529293 220.14995784311625
257.81254015587035 219.61907339888518
258.87430904433234 219.3536311767697
259.9360779327943 218.82274673253877
260.73240459914075 218.5573045104232
262.19233682077606 218.02642006619226
263.65226904241126 217.4955356219613
264.4485957087577 217.2300933998457
265.24492237510424 216.96465117773025
266.04124904145067 216.6992089556148
266.8375757077971 216.4337667334993
267.63390237414364 216.16832451138373
268.4302290404901 215.63744006715282
269.2265557068366 215.37199784503733
270.2883245952986 214.8411134008063
271.615535705876 213.7793445123444
272.146420150107 212.98301784599792
273.7390734828 211.39036451330486
274.53540014914654 210.85948006907392
275.33172681549297 210.06315340272738
276.1280534818394 209.53226895849647
276.92438014818595 209.0013845142654
277.1898223703014 208.205057847919
277.98614903664793 207.14328895945707
278.5170334808789 206.3469622931105
279.31336014722535 205.2851934046485
280.90601347991833 203.69254007195562
281.7023401462649 203.16165562772463
282.76410903472686 202.09988673926264
283.82587792318884 200.77267562868508
284.3567623674197 199.97634896233868
284.6222045895353 198.6491378517612
284.8876468116507 197.8528111854147
285.15308903376626 197.0564845190682
285.15308903376626 196.2601578527218
285.68397347799726 194.13662007579782
285.9494157001127 193.0748511873358
286.21485792222825 192.0130822988738
287.4127947515756 191.10347370070707
287.4127947515756 190.04155502413087
287.7667676437677 188.97963634755465
287.7667676437677 187.91771767097845
288.47471342815186 186.85579899440225
288.47471342815186 185.79388031782602
288.8286863203439 184.73196164124982
288.8286863203439 183.67004296467363
288.8286863203439 182.6081242880974
288.8286863203439 181.5462056115212
288.8286863203439 180.48428693494498
288.8286863203439 179.42236825836878
288.8286863203439 178.36044958179258
288.8286863203439 177.29853090521635
288.8286863203439 176.23661222864015
288.8286863203439 175.17469355206396
288.8286863203439 174.11277487548776
288.8286863203439 173.05085619891153
288.8286863203439 171.98893752233533
289.536632104728 170.92701884575914
289.89060499692005 169.8651001691829
290.5985507813042 168.8031814926067
290.5985507813042 167.7412628160305
290.5985507813042 166.6793441394543
290.5985507813042 165.6174254628781
290.5985507813042 164.20153389410982
290.5985507813042 163.13961521753362
290.5985507813042 162.0776965409574
290.5985507813042 161.01577786438116
290.5985507813042 159.953859187805
290.5985507813042 158.89194051122877
290.5985507813042 157.83002183465257
290.5985507813042 156.76810315807637
290.5985507813042 155.70618448150015
290.9525236734962 154.64426580492395
290.9525236734962 153.58234712834775
291.30649656568835 152.52042845177152
291.30649656568835 151.45850977519532
291.30649656568835 150.39659109861913
291.6604694578805 149.3346724220429
291.6604694578805 148.2727537454667
291.6604694578805 147.2108350688905
291.6604694578805 146.14891639231428
291.6604694578805 145.08699771573808
291.6604694578805 144.02507903916188
291.6604694578805 142.96316036258565
291.6604694578805 141.5472687938174
291.6604694578805 140.48535011724118
291.30649656568835 139.42343144066498
291.30649656568835 138.3615127640888
290.9525236734962 137.29959408751256
290.5985507813042 136.23767541093633
290.2445778891122 135.17575673436016
289.89060499692005 134.11383805778394
289.1826592125359 133.0519193812077
288.47471342815186 131.9900007046315
287.7667676437677 130.92808202805531
286.7048489671914 130.22013624367116
286.3508760749994 129.15821756709497
285.64293029061525 128.09629889051877
284.9349845062311 127.03438021394255
284.5810116140391 125.97246153736634
284.22703872184695 124.91054286079013
283.87306582965493 123.84862418421393
283.1651200452708 122.78670550763772
282.81114715307876 121.72478683106152
282.45717426088663 120.66286815448532
282.1032013686945 119.60094947790911
281.39525558431046 118.5390308013329
281.04128269211833 117.47711212475669
280.3333369077342 116.41519344818049
279.271418231158 116.06122055598841
278.20949955458184 116.06122055598841
277.14758087800556 116.06122055598841
276.0856622014294 116.06122055598841
275.0237435248532 116.06122055598841
273.96182484827693 116.06122055598841
272.89990617170076 116.06122055598841
271.8379874951246 116.06122055598841
270.7760688185483 116.41519344818049
269.71415014197214 116.76916634037255
268.65223146539597 117.12313923256463
267.23633989662767 117.12313923256463
266.1744212200515 117.83108501694876
265.1125025434752 118.89300369352496
264.4045567590912 119.95492237010117
263.3426380825149 121.01684104667738
263.3426380825149 122.0787597232536
262.9886651903229 123.1406783998298
slice_number: 16
nb_points_on_contour: 244
55.545566903863815 168.3887245305948
55.545566903863815 169.18505119694137
55.28012468174832 170.24682008540339
54.74924023751733 171.04314675174973
53.95291357117085 171.83947341809625
53.95291357117085 172.63580008444282
53.68747134905536 173.43212675078917
53.68747134905536 174.49389563925115
53.42202912693986 175.2902223055977
53.156586904824366 176.08654897194427
52.891144682708884 176.8828756382906
52.891144682708884 177.67920230463713
52.891144682708884 178.47552897098373
52.891144682708884 179.27185563733008
53.156586904824366 180.0681823036766
53.42202912693986 180.86450897002314
53.95291357117085 181.66083563636948
54.21835579328635 182.45716230271603
54.21835579328635 183.2534889690626
54.21835579328635 184.04981563540895
54.48379801540183 184.84614230175546
54.74924023751733 185.64246896810207
55.28012468174832 186.70423785656405
55.545566903863815 187.76600674502603
55.811009125979325 188.56233341137238
55.811009125979325 189.35866007771895
55.811009125979325 190.1549867440653
55.811009125979325 190.95131341041179
55.811009125979325 191.7476400767584
55.811009125979325 193.0748511873358
55.811009125979325 193.87117785368238
55.811009125979325 194.66750452002873
55.811009125979325 195.46383118637527
55.811009125979325 196.26015785272185
55.811009125979325 197.0564845190682
55.811009125979325 197.8528111854147
55.811009125979325 198.64913785176125
55.811009125979325 199.4454645181076
57.33041482673076 199.9527960055088
58.39233350330696 200.6607417898929
58.39233350330696 201.72266046646922
59.100279287691095 202.78457914304536
60.16219796426729 203.84649781962153
60.870143748651444 204.90841649619784
61.93206242522764 204.90841649619784
62.99398110180384 204.90841649619784
64.05589977838007 204.90841649619784
65.11781845495626 204.20047071181372
64.40987267057211 203.1385520352374
63.70192688618798 202.0766333586613
62.99398110180384 201.01471468208499
62.99398110180384 199.9527960055088
63.70192688618798 198.89087732893267
64.7638455627642 198.89087732893267
65.8257642393404 198.89087732893267
66.8876829159166 198.5369044367406
67.9496015924928 197.82895865235636
69.01152026906902 197.82895865235636
70.07343894564522 197.82895865235636
71.13535762222143 197.82895865235636
72.19727629879766 197.82895865235636
73.25919497537386 198.18293154454858
74.32111365195006 198.8908773289327
74.32111365195006 199.9527960055088
74.32111365195006 201.01471468208499
74.32111365195006 202.0766333586613
74.32111365195006 203.1385520352374
75.0290594363342 204.20047071181375
76.09097811291039 204.5544436040058
76.51550245098782 203.95798229407103
78.10815578368081 202.63077118349358
78.9044824500273 201.83444451714706
79.70080911637376 201.30356007291616
80.49713578272025 200.77267562868508
81.29346244906674 200.24179118445414
82.08978911541323 199.4454645181076
82.88611578175971 198.64913785176125
83.9478846702217 198.3836956296458
84.74421133656818 197.8528111854147
85.80598022503014 197.32192674118363
86.60230689137663 197.0564845190682
87.66407577983861 196.7910422969527
89.52217133464706 195.9947156306062
90.31849800099354 195.7292734084907
90.84938244522453 194.93294674214437
91.645709111571 194.40206229791326
92.44203577791748 194.13662007579782
93.238362444264 193.60573563156674
94.03468911061046 193.34029340945125
94.83101577695695 192.8094089652204
94.83101577695695 192.0130822988738
94.83101577695695 191.21675563252728
94.03468911061046 190.95131341041179
93.238362444264 190.42042896618094
92.707478000033 189.62410229983436
91.645709111571 189.0932178556035
90.84938244522453 188.29689118925694
90.05305577887805 188.03144896714147
88.99128689041606 187.5005645229104
88.46040244618507 186.70423785656405
87.66407577983861 185.90791119021748
87.13319133560762 184.84614230175546
86.60230689137663 184.04981563540895
85.80598022503014 182.98804674694696
84.47876911445269 181.92627785848498
83.9478846702217 180.86450897002314
83.4170002259907 180.0681823036766
83.15155800387524 179.27185563733008
82.88611578175971 178.47552897098373
82.88611578175971 177.67920230463713
82.88611578175971 176.8828756382906
83.4170002259907 175.82110674982863
84.47876911445269 175.2902223055977
85.00965355868368 174.49389563925115
85.80598022503014 173.69756897290483
86.60230689137663 172.90124230655826
87.13319133560762 172.1049156402117
87.92951800195411 171.57403119598084
88.72584466830057 171.04314675174973
89.52217133464706 170.77770452963424
90.58394022310904 170.77770452963424
91.38026688945553 170.77770452963424
92.44203577791748 170.77770452963424
93.238362444264 170.77770452963424
94.03468911061046 170.51226230751882
94.83101577695695 170.51226230751882
95.62734244330343 170.51226230751882
96.42366910964995 170.51226230751882
97.48543799811188 170.51226230751882
98.28176466445836 170.51226230751882
99.07809133080485 170.77770452963424
99.87441799715134 170.77770452963424
100.6707446634978 170.77770452963424
101.46707132984429 170.77770452963424
102.26339799619078 170.77770452963424
103.05972466253726 170.77770452963424
103.85605132888375 170.51226230751882
104.91782021734574 169.98137786328778
106.24503132792319 169.71593564117228
107.30680021638517 169.71593564117228
108.36856910484715 169.45049341905678
109.16489577119364 169.18505119694137
110.2266646596556 168.91960897482593
111.28843354811758 168.91960897482593
112.08476021446407 168.6541667527103
113.14652910292605 168.3887245305948
114.20829799138804 167.5923978642483
115.27006687984999 166.79607119790194
116.06639354619654 165.99974453155534
117.12816243465846 165.4688600873245
117.92448910100504 164.6725334209779
118.72081576735144 163.87620675463143
118.72081576735144 163.07988008828494
118.72081576735144 162.28355342193848
118.72081576735144 161.48722675559196
117.92448910100504 160.69090008924547
117.12816243465846 159.89457342289901
116.59727799042747 159.0982467565525
116.06639354619654 158.301920090206
115.53550910196549 157.24015120174403
115.0046246577345 156.44382453539757
114.47374021350353 155.64749786905105
114.20829799138804 154.85117120270462
113.41197132504155 154.3202867584736
112.35020243657956 154.05484453635813
111.55387577023308 153.7894023142427
110.4921068817711 153.7894023142427
109.6957802154246 153.7894023142427
108.89945354907815 153.7894023142427
108.10312688273166 153.7894023142427
107.04135799426967 153.7894023142427
106.24503132792319 153.7894023142427
104.91782021734574 153.7894023142427
103.85605132888375 153.52396009212714
102.79428244042177 153.52396009212714
101.46707132984429 153.52396009212714
100.13986021926684 153.52396009212714
99.07809133080485 153.52396009212714
98.01632244234287 153.52396009212714
97.21999577599638 153.52396009212714
96.42366910964995 153.52396009212714
95.36190022118794 153.52396009212714
94.56557355484145 153.52396009212714
93.76924688849499 153.25851787001164
92.44203577791748 152.72763342578068
91.38026688945553 152.72763342578068
90.58394022310904 152.46219120366516
89.78761355676255 152.19674898154966
88.99128689041606 151.93130675943416
87.92951800195411 151.66586453731867
87.13319133560762 151.40042231520326
86.33686466926113 151.40042231520326
85.54053800291467 151.13498009308768
83.9478846702217 150.86953787097218
83.15155800387524 150.60409564885668
82.10851728017556 151.45850977519535
82.10851728017556 150.39659109861913
82.10851728017556 149.3346724220429
82.10851728017556 148.27275374546673
82.10851728017556 147.2108350688905
81.75454438798354 146.14891639231428
81.04659860359936 145.08699771573808
80.69262571140732 144.0250790391619
79.63070703483109 142.96316036258565
78.92276125044697 141.90124168600946
77.86084257387074 141.19329590162533
76.79892389729454 140.48535011724118
75.73700522071833 140.48535011724118
74.32111365195006 140.48535011724118
72.90522208318177 140.48535011724118
71.48933051441351 140.48535011724118
70.42741183783728 140.48535011724118
69.36549316126109 140.48535011724118
68.30357448468489 140.48535011724118
67.24165580810869 140.48535011724118
65.8257642393404 140.48535011724118
64.7638455627642 140.48535011724118
63.70192688618798 140.48535011724118
62.64000820961178 140.48535011724118
61.57808953303558 140.48535011724118
59.100279287691095 142.60918747039358
58.39233350330696 143.67110614696986
58.038360611114896 144.733024823546
57.68438771892281 145.7949435001222
57.68438771892281 146.85686217669846
57.68438771892281 147.91878085327463
57.68438771892281 148.98069952985082
57.68438771892281 150.04261820642705
57.68438771892281 151.10453688300328
57.33041482673076 152.16645555957945
56.97644193453867 153.22837423615567
56.97644193453867 154.2902929127319
56.97644193453867 155.35221158930813
56.97644193453867 156.4141302658843
56.62246904234661 157.4760489424605
56.26849615015455 158.5379676190367
56.26849615015455 159.59988629561292
56.26849615015455 160.66180497218912
56.26849615015455 161.72372364876531
56.26849615015455 162.78564232534154
56.26849615015455 163.84756100191774
56.26849615015455 165.263452570686
56.26849615015455 166.32537124726224
56.26849615015455 167.38728992383844
nb_points_on_contour: 24
75.73700522071833 162.78564232534154
74.67508654414212 162.78564232534154
73.6131678675659 162.43166943314947
72.55124919098971 162.43166943314947
71.48933051441351 162.43166943314947
70.42741183783728 162.0776965409574
69.36549316126109 161.72372364876534
68.30357448468489 161.3697507565733
67.24165580810869 160.66180497218915
66.17973713153246 160.30783207999707
65.11781845495626 160.30783207999707
64.05589977838007 161.01577786438116
64.7638455627642 162.0776965409574
65.8257642393404 162.43166943314947
66.53371002372455 163.49358810972566
67.59562870030075 163.84756100191774
66.8876829159166 165.263452570686
68.30357448468489 165.6174254628781
69.36549316126109 165.6174254628781
70.42741183783728 165.6174254628781
71.48933051441351 165.6174254628781
72.55124919098971 165.6174254628781
73.6131678675659 165.6174254628781
74.67508654414212 165.6174254628781
slice_number: 17
nb_points_on_contour: 98
140.86801738405902 262.605997923505
139.80609870748282 262.605997923505
138.74418003090662 262.605997923505
137.6822613543304 262.95997081569715
136.6203426777542 262.95997081569715
135.558424001178 262.95997081569715
134.4965053246018 263.6679166000812
133.08061375583353 264.37586238446534
132.01869507925733 264.7298352766574
130.60280351048903 265.4377810610416
129.54088483391283 266.14572684542577
128.4789661573366 266.8536726298098
127.4170474807604 267.20764552200194
126.3551288041842 267.9155913063861
125.29321012760798 268.2695641985781
124.23129145103178 268.2695641985781
123.16937277445558 268.2695641985781
122.10745409787947 268.2695641985781
121.04553542130316 268.2695641985781
119.98361674472704 268.2695641985781
118.92169806815082 267.9155913063861
117.85977939157459 267.56161841419396
116.7978607149984 267.20764552200194
115.73594203842217 266.8536726298098
114.67402336184597 266.4996997376178
113.61210468526974 266.14572684542577
112.55018600869354 265.4377810610416
111.48826733211732 264.7298352766574
110.42634865554109 264.0218894922733
109.36442997896489 263.31394370788917
108.30251130238867 262.95997081569715
107.24059262581247 262.605997923505
106.17867394923624 262.252025031313
105.11675527266004 261.54407924692885
104.05483659608385 261.1901063547367
102.99291791950765 261.1901063547367
101.93099924293142 261.1901063547367
100.86908056635522 261.1901063547367
99.80716188977902 261.1901063547367
98.7452432132028 261.1901063547367
97.6833245366266 261.1901063547367
96.6214058600504 261.1901063547367
95.5594871834742 261.1901063547367
94.49756850689798 261.1901063547367
93.43564983032178 261.1901063547367
92.37373115374558 261.1901063547367
91.31181247716938 261.1901063547367
90.24989380059316 261.1901063547367
89.18797512401696 261.89805213912086
89.18797512401696 262.95997081569715
89.18797512401696 264.0218894922733
89.18797512401696 265.0838081688495
90.24989380059316 266.14572684542577
90.95783958497731 266.4996997376178
92.0197582615535 267.20764552200194
93.08167693812973 267.56161841419396
94.14359561470593 268.2695641985781
95.20551429128213 268.62353709077024
96.26743296785835 269.3314828751544
97.32935164443455 269.6854557673464
98.39127032101075 270.03942865953843
99.45318899758695 270.7473744439226
100.51510767416318 271.45532022830673
101.57702635073937 272.1632660126909
102.63894502731557 272.87121179707503
103.70086370389177 273.5791575814591
104.05483659608385 272.5172389048829
105.11675527266004 272.5172389048829
106.17867394923624 272.5172389048829
107.24059262581247 272.5172389048829
108.30251130238867 272.5172389048829
109.36442997896489 272.87121179707503
110.78032154773317 273.5791575814591
111.84224022430936 273.5791575814591
112.90415890088559 273.5791575814591
113.96607757746179 273.5791575814591
115.02799625403799 273.5791575814591
116.08991493061419 273.5791575814591
117.85977939157459 273.5791575814591
118.92169806815082 273.5791575814591
120.337589636919 273.5791575814591
121.39950831349523 273.5791575814591
122.46142699007143 273.5791575814591
123.52334566664763 273.5791575814591
124.58526434322386 273.5791575814591
126.00115591199219 273.5791575814591
127.06307458856838 273.5791575814591
128.1249932651446 273.22518468926705
129.54088483391283 272.87121179707503
130.60280351048903 272.87121179707503
131.66472218706522 272.87121179707503
133.08061375583353 272.87121179707503
134.14253243240972 272.87121179707503
135.20445110898592 272.5172389048829
136.26636978556218 271.45532022830673
137.32828846213837 271.1013473361147
138.03623424652247 270.03942865953843
139.80609870748282 269.3314828751544
nb_points_on_contour: 44
61.93206242522764 148.27275374546673
62.99398110180384 147.2108350688905
64.05589977838007 146.14891639231428
65.11781845495626 145.44097060793018
65.8257642393404 144.37905193135396
66.17973713153246 143.31713325477773
66.17973713153246 142.2552145782015
66.8876829159166 141.19329590162533
66.8876829159166 140.1313772250491
67.24165580810869 139.06945854847288
67.59562870030075 138.0075398718967
67.59562870030075 136.94562119532048
67.59562870030075 135.88370251874431
67.59562870030075 134.8217838421681
67.59562870030075 133.75986516559186
67.59562870030075 132.6979464890157
66.53371002372455 132.6979464890157
65.11781845495626 133.0519193812077
63.70192688618798 133.4058922733998
62.64000820961178 134.11383805778394
61.57808953303558 134.467810949976
60.51617085645938 134.8217838421681
59.454252179883156 135.52972962655224
58.746306395499005 136.5916483031284
57.68438771892281 136.94562119532048
56.62246904234661 138.0075398718967
54.498631689194184 138.0075398718967
54.498631689194184 139.06945854847288
54.498631689194184 140.1313772250491
54.498631689194184 141.19329590162533
54.498631689194184 142.2552145782015
54.498631689194184 143.31713325477773
54.498631689194184 144.37905193135396
54.498631689194184 145.44097060793015
54.498631689194184 146.50288928450635
54.85260458138626 147.56480796108258
55.206577473578335 148.62672663765878
55.560550365770396 149.68864531423498
55.560550365770396 150.75056399081117
56.62246904234661 149.688645314235
57.68438771892281 149.688645314235
58.746306395499005 149.688645314235
59.80822507207523 148.98069952985082
60.870143748651444 148.6267266376588
slice_number: 19
nb_points_on_contour: 244
60.58896912405821 201.96716562820487
60.854411346173706 201.1708389618583
61.3852957904047 200.37451229551195
61.916180234635675 199.57818562916543
62.579785789924415 198.11825340753012
63.24339134521314 196.65832118589492
63.77427578944413 195.59655229743308
64.03971801155963 194.80022563108653
64.5706024557906 194.00389896473996
64.8360446779061 192.94213007627798
65.36692912213711 192.1458034099317
65.6323713442526 191.08403452146965
65.8978135663681 190.28770785512307
66.42869801059908 189.22593896666106
66.95958245483007 188.1641700781991
67.75590912117654 186.83695896762163
68.28679356540754 186.04063230127514
68.81767800963851 185.24430563492876
69.614004675985 183.9170945243513
70.4103313423315 182.85532563588933
71.33937911973572 181.79355674742732
72.26842689713995 180.7317878589653
73.33019578560192 179.6700189705033
73.86108022983291 178.8736923041568
74.65740689617941 178.07736563781043
75.45373356252588 177.28103897146386
76.51550245098785 176.21927008300187
77.31182911733433 175.688385638771
78.10815578368081 174.8920589724244
79.43536689425827 174.0957323060779
80.49713578272028 173.0339634176161
81.29346244906674 172.50307897338496
82.62067355964422 171.44131008492297
84.21332689233716 170.11409897434552
85.27509578079918 169.317772307999
86.33686466926113 168.52144564165266
87.39863355772312 167.99056119742153
88.7258446683006 167.19423453107504
89.52217133464708 166.39790786472864
90.31849800099354 165.8670234204976
91.38026688945553 164.93797564309335
92.44203577791751 164.0089278656892
93.5038046663795 162.68171675511178
94.83101577695695 161.35450564453419
95.36190022118794 160.55817897818773
96.15822688753443 160.0272945339567
97.21999577599638 158.70008342337923
98.54720688657389 157.10743009068628
99.60897577503587 156.0456612022243
100.40530244138233 155.24933453587784
101.73251355195978 153.39123898106942
102.2633979961908 152.59491231472288
103.32516688465276 151.2677012041454
104.38693577311474 149.94049009356794
105.7141468836922 148.61327898299052
106.51047355003868 147.2860678724131
107.30680021638517 146.4897412060665
107.83768466061616 145.69341453972004
108.63401132696265 144.89708787337355
108.89945354907815 144.10076120702706
110.35938577071335 142.5081078743341
111.8193179923486 140.91545454164117
112.35020243657956 140.11912787529477
113.14652910292605 139.32280120894816
113.94285576927257 138.5264745426017
114.4737402135035 137.46470565413972
115.00462465773452 136.66837898779323
116.44388782280626 135.8837025187443
116.08991493061419 134.8217838421681
115.73594203842214 133.75986516559186
115.38196914623006 132.69794648901566
115.38196914623006 131.63602781243947
115.02799625403799 130.57410913586324
115.02799625403799 129.51219045928704
114.67402336184594 128.45027178271084
114.67402336184594 127.38835310613462
114.32005046965384 126.32643442955843
113.61210468526971 125.26451575298222
113.25813179307764 124.20259707640601
112.90415890088559 123.1406783998298
112.19621311650144 122.0787597232536
111.84224022430936 121.01684104667738
111.48826733211732 119.95492237010117
110.78032154773317 118.89300369352496
110.42634865554109 117.83108501694876
110.07237576334902 116.76916634037255
109.71840287115697 115.70724766379634
109.36442997896489 114.64532898722014
109.01045708677282 113.58341031064394
108.65648419458074 112.52149163406773
107.59456551800454 112.16751874187565
106.53264684142835 111.45957295749152
106.53264684142835 110.39765428091532
106.17867394923624 109.3357356043391
105.8247010570442 108.2738169277629
105.47072816485215 107.21189825118668
105.11675527266004 106.14997957461048
105.11675527266004 105.08806089803427
104.40880948827592 104.02614222145807
104.762782380468 102.61025065268979
104.762782380468 101.54833197611359
104.762782380468 100.48641329953739
104.762782380468 99.42449462296118
104.762782380468 98.36257594638496
104.762782380468 97.30065726980877
104.762782380468 96.23873859323255
104.762782380468 95.17681991665634
104.762782380468 94.11490124008014
103.70086370389177 93.40695545569601
102.63894502731557 93.40695545569601
101.57702635073937 93.40695545569601
100.51510767416318 93.40695545569601
99.45318899758695 93.40695545569601
98.39127032101075 93.40695545569601
97.32935164443455 93.40695545569601
96.26743296785835 93.76092834788807
95.20551429128213 93.76092834788807
94.14359561470593 93.76092834788807
93.08167693812973 93.76092834788807
92.0197582615535 93.76092834788807
90.95783958497731 93.76092834788807
89.89592090840111 93.76092834788807
88.48002933963281 94.11490124008014
87.41811066305661 94.11490124008014
86.35619198648041 94.46887413227219
85.29427330990418 95.17681991665634
84.23235463332799 95.8847657010405
83.52440884894384 96.94668437761669
83.52440884894384 98.0086030541929
83.52440884894384 99.07052173076909
83.52440884894384 100.13244040734531
83.52440884894384 101.19435908392151
82.81646306455971 102.25627776049774
82.10851728017556 103.31819643707395
81.40057149579144 104.38011511365013
80.69262571140732 105.44203379022635
79.63070703483109 106.50395246680256
79.27673414263901 107.56587114337877
78.21481546606282 108.62778981995496
77.15289678948659 109.33573560433912
75.73700522071833 110.39765428091533
75.38303232852626 111.45957295749152
74.67508654414212 111.45957295749152
73.6131678675659 111.45957295749152
72.55124919098971 111.81354584968358
71.48933051441351 112.52149163406776
70.42741183783728 112.87546452625979
69.36549316126109 113.93738320283603
67.9496015924928 114.64532898722014
66.8876829159166 115.3532747716043
65.8257642393404 116.06122055598841
64.7638455627642 116.76916634037258
63.70192688618798 117.47711212475669
62.64000820961178 118.18505790914087
61.93206242522764 119.24697658571706
60.870143748651444 119.95492237010119
59.80822507207523 120.66286815448535
58.746306395499005 121.72478683106152
58.39233350330696 122.78670550763775
58.39233350330696 123.84862418421396
58.39233350330696 124.91054286079013
58.39233350330696 125.97246153736634
58.39233350330696 127.03438021394258
58.39233350330696 128.09629889051877
58.39233350330696 129.51219045928707
58.39233350330696 130.57410913586324
58.39233350330696 131.63602781243947
58.39233350330696 132.6979464890157
58.746306395499005 134.11383805778394
59.100279287691095 135.17575673436016
59.454252179883156 136.23767541093633
59.80822507207523 137.29959408751256
60.16219796426729 138.3615127640888
60.51617085645938 139.423431440665
60.870143748651444 140.48535011724118
60.870143748651444 141.5472687938174
60.870143748651444 142.60918747039358
60.870143748651444 143.6711061469699
60.870143748651444 144.733024823546
60.870143748651444 145.7949435001222
60.870143748651444 146.85686217669846
60.16219796426729 147.91878085327463
59.454252179883156 148.98069952985082
58.39233350330696 149.68864531423503
57.33041482673076 150.39659109861913
56.97644193453867 151.45850977519535
56.26849615015455 152.5204284517716
55.560550365770396 153.58234712834775
54.498631689194184 154.64426580492398
54.14465879700212 155.7061844815002
53.436713012617986 156.76810315807637
52.72876722823385 157.8300218346526
52.0208214438497 158.89194051122877
51.66684855165765 159.953859187805
51.66684855165765 161.01577786438116
51.66684855165765 162.0776965409574
51.66684855165765 163.13961521753362
51.66684855165765 164.20153389410987
51.66684855165765 165.263452570686
51.66684855165765 166.32537124726232
51.66684855165765 167.38728992383847
51.66684855165765 168.44920860041464
51.66684855165765 169.51112727699095
51.66684855165765 170.57304595356706
51.66684855165765 171.63496463014326
51.31287565946559 172.69688330671954
51.31287565946559 173.75880198329568
51.31287565946559 174.82072065987188
51.31287565946559 175.88263933644816
50.60492987508144 176.94455801302428
50.25095698288936 178.0064766896006
49.189038306313165 179.06839536617676
48.481092521929014 180.1303140427529
47.4191738453528 181.1922327193292
46.357255168776604 181.5462056115213
45.29533649220039 182.6081242880974
45.45876246347504 183.65165230223568
45.45876246347504 184.44797896858216
45.45876246347504 185.24430563492876
45.45876246347504 186.30607452339078
45.724204685590536 187.10240118973712
45.724204685590536 187.89872785608364
45.724204685590536 188.96049674454565
46.25508912982153 190.8185922993542
46.520531351937024 191.880361187816
46.520531351937024 192.6766878541625
46.520531351937024 193.4730145205091
46.785973574052505 194.26934118685546
47.3168580182835 195.06566785320197
47.58230024039899 196.12743674166398
48.37862690674548 196.65832118589492
48.90951135097646 197.4546478522414
49.70583801732295 197.98553229647254
50.23672246155395 199.04730118493433
51.033049127900426 200.10907007339637
52.094818016362396 201.1708389618583
53.156586904824366 202.0998867392627
54.218355793286335 203.02893451666688
55.28012468174832 203.8252611830134
56.26849615015455 204.20047071181375
57.33041482673076 203.84649781962153
58.746306395499005 203.49252492742946
60.16219796426729 203.1385520352374
61.22411664084349 203.1385520352374
