Study: 2.16.840.1.113669.632.20.1211.10000475423
Series: 1.2.840.113704.1.111.5204.1181054775.6
SpacingX: 0.849609375
SpacingY: 0.849609375
SpacingZ: 10.0

label: reticulation
localisation: basal
slice_number: 12
nb_points_on_contour: 121
326.56955441824266 285.65892041073323
325.3780620661562 285.26175629337104
324.18656971406983 285.26175629337104
322.99507736198336 285.26175629337104
321.803585009897 285.26175629337104
320.61209265781054 286.0560845280953
319.42060030572407 286.8504127628196
317.8319438362755 288.04190511490606
316.64045148418916 289.23339746699247
315.8461232494649 290.822053936441
314.6546308973784 292.01354628852744
313.46313854529205 292.8078745232517
312.2716461932056 293.9993668753382
310.68298972375703 294.39653099270026
309.49149737167056 295.1908592274246
308.3000050195842 295.58802334478673
306.71134855013554 296.382351579511
305.5198561980492 297.1766798142353
303.53403561123855 297.57384393159737
301.9453791417899 297.97100804895956
300.75388678970353 297.97100804895956
299.56239443761706 297.97100804895956
298.3709020855307 297.97100804895956
296.78224561608204 297.97100804895956
295.5907532639957 297.97100804895956
294.00209679454724 297.97100804895956
292.0162762077364 297.97100804895956
290.82478385565 297.97100804895956
289.63329150356356 297.97100804895956
288.4417991514772 297.97100804895956
286.85314268202853 297.57384393159737
285.6616503299422 297.1766798142353
284.4701579778557 296.7795156968731
282.88150150840715 296.7795156968731
281.6900091563207 296.382351579511
280.10135268687213 295.9851874621489
278.9098603347858 295.9851874621489
277.3212038653372 295.58802334478673
276.12971151325075 295.1908592274246
274.9382191611643 295.1908592274246
273.7467268090779 294.79369511006246
272.1580703396294 294.39653099270026
270.9665779875429 293.9993668753382
269.77508563545655 293.2050386406138
268.186429166008 292.8078745232517
266.9949368139215 292.4107104058895
265.80344446183506 292.01354628852744
264.6119521097487 291.21921805380316
263.42045975766223 290.4248898190789
262.2289674055759 289.23339746699247
261.0374750534894 288.43906923226814
259.84598270140293 287.64474099754386
257.065833879868 288.43906923226814
257.065833879868 289.6305615843546
257.065833879868 290.822053936441
257.065833879868 292.01354628852744
257.065833879868 293.2050386406138
257.065833879868 294.39653099270026
257.8601621145923 296.382351579511
258.6544903493166 297.57384393159737
259.44881858404085 298.76533628368384
259.84598270140293 299.95682863577025
260.2431468187651 301.14832098785666
260.2431468187651 302.33981333994313
261.0374750534894 303.9284698093917
261.8318032882137 305.1199621614781
262.62613152293795 306.3114545135645
263.02329564030015 307.502946865651
263.42045975766223 308.69443921773734
265.80344446183506 309.09160333509953
266.59777269655945 310.2830956871859
267.7892650486458 311.0774239219102
268.9807574007323 312.26891627399664
270.17224975281863 313.0632445087209
271.3637421049051 313.460408626083
272.55523445699146 313.460408626083
273.7467268090779 313.460408626083
274.9382191611643 313.8575727434452
276.12971151325075 314.2547368608074
277.3212038653372 314.65190097816946
278.5126962174236 315.0490650955316
279.70418856951005 315.0490650955316
280.8956809215965 315.4462292128937
282.0871732736829 315.4462292128937
283.27866562576935 315.4462292128937
285.6616503299422 315.4462292128937
286.85314268202853 315.4462292128937
288.4417991514772 315.4462292128937
289.63329150356356 315.4462292128937
291.2219479730121 315.4462292128937
292.4134403250986 315.4462292128937
293.60493267718493 315.4462292128937
294.7964250292714 315.4462292128937
296.3850814987202 315.4462292128937
297.9737379681685 315.4462292128937
299.56239443761706 315.4462292128937
300.75388678970353 315.4462292128937
302.3425432591521 315.0490650955316
303.53403561123855 314.65190097816946
305.1226920806871 313.8575727434452
306.3141844327737 312.6660803913588
307.50567678485993 311.47458803927236
308.6971691369466 311.0774239219102
309.49149737167056 309.8859315698238
310.68298972375703 308.69443921773734
311.8744820758434 308.29727510037526
313.46313854529205 307.1057827482888
314.6546308973784 306.70861863092665
315.8461232494649 306.3114545135645
317.43477971891343 305.9142903962024
319.023436188362 304.72279804411596
321.00925677517273 303.9284698093917
321.803585009897 302.7369774573052
322.5979132446213 301.54548510521886
322.99507736198336 300.3539927531324
323.789405596708 299.162500401046
322.5979132446213 295.9851874621489
323.789405596708 295.1908592274246
323.789405596708 293.9993668753382
323.789405596708 292.8078745232517
324.18656971406983 291.61638217116536
nb_points_on_contour: 114
131.5619727934315 305.9142903962024
132.7534651455179 307.1057827482888
133.94495749760432 308.29727510037526
134.7392857323286 309.4887674524616
135.93077808441504 309.8859315698238
137.12227043650145 310.2830956871859
138.71092690595003 310.6802598045481
139.90241925803645 310.6802598045481
141.09391161012286 311.47458803927236
142.28540396220927 311.8717521566345
143.47689631429571 312.26891627399664
144.66838866638213 312.26891627399664
145.85988101846854 312.26891627399664
147.44853748791712 312.26891627399664
148.64002984000354 312.26891627399664
149.83152219208995 312.26891627399664
151.0230145441764 312.6660803913588
152.2145068962628 313.460408626083
153.40599924834922 313.8575727434452
154.59749160043566 314.2547368608074
155.78898395252207 314.65190097816946
156.9804763046085 315.4462292128937
158.1719686566949 315.4462292128937
159.36346100878134 315.4462292128937
160.5549533608678 315.4462292128937
161.7464457129542 315.4462292128937
162.93793806504064 315.0490650955316
164.12943041712705 314.2547368608074
165.32092276921347 313.0632445087209
165.32092276921347 311.8717521566345
165.7180868865756 310.6802598045481
166.11525100393774 309.09160333509953
167.30674335602416 308.29727510037526
168.10107159074843 307.1057827482888
169.29256394283485 307.1057827482888
170.48405629492134 307.1057827482888
171.6755486470078 307.1057827482888
172.86704099909414 307.1057827482888
173.66136923381842 305.9142903962024
174.4556974685427 304.72279804411596
175.250025703267 303.5313056920295
175.6471898206291 302.33981333994313
175.6471898206291 301.14832098785666
175.6471898206291 299.5596645184081
175.250025703267 298.36817216632164
174.05853335118056 297.1766798142353
172.86704099909414 295.58802334478673
171.27838452964556 294.79369511006246
170.08689217755915 293.9993668753382
168.89539982547274 293.9993668753382
166.11525100393774 292.8078745232517
164.52659453448916 292.01354628852744
163.33510218240275 291.61638217116536
162.54077394767847 291.61638217116536
160.9521174782299 291.21921805380316
159.36346100878134 290.4248898190789
158.1719686566949 290.02772570171675
156.9804763046085 289.6305615843546
155.78898395252207 289.23339746699247
154.20032748307352 288.43906923226814
152.61167101362494 287.2475768801817
150.62585042681425 286.4532486454575
149.0371939573657 285.65892041073323
147.44853748791712 284.46742805864676
145.85988101846854 283.27593570656035
144.27122454902002 282.8787715891982
143.07973219693358 281.68727923711174
141.09391161012286 280.4957868850254
140.29958337539858 279.3042945329389
138.71092690595003 278.1128021808525
137.5194345538636 277.3184739461282
135.93077808441504 276.52414571140395
134.7392857323286 275.33265335931753
133.54779338024218 274.93548924195534
132.7534651455179 273.743996889869
131.5619727934315 272.9496686551447
130.37048044134508 272.5525045377825
129.17898808925864 271.3610121856961
127.59033161981009 270.96384806833396
126.39883926772364 270.96384806833396
125.20734691563723 270.96384806833396
124.01585456355082 270.96384806833396
122.82436221146438 270.96384806833396
121.23570574201582 271.75817630305824
120.04421338992938 272.15534042042043
118.85272103784297 272.9496686551447
118.85272103784297 274.1411610072311
118.85272103784297 275.33265335931753
118.85272103784297 276.52414571140395
118.85272103784297 277.71563806349036
118.85272103784297 278.90713041557683
118.85272103784297 280.0986227676632
118.85272103784297 281.29011511974966
118.85272103784297 282.48160747183607
118.85272103784297 283.6730998239225
119.24988515520513 284.86459217600895
119.64704927256724 286.0560845280953
120.04421338992938 287.2475768801817
120.83854162465366 288.43906923226814
121.23570574201582 289.6305615843546
121.23570574201582 290.822053936441
122.03003397674013 292.01354628852744
122.82436221146438 293.20503864061385
123.22152632882654 294.39653099270026
124.01585456355082 295.58802334478673
124.41301868091296 296.7795156968731
124.8101827982751 297.97100804895956
125.20734691563723 299.162500401046
125.60451103299937 300.3539927531324
126.79600338508581 301.94264922258094
127.19316750244792 303.1341415746674
128.38465985453433 303.9284698093917
129.57615220662078 304.72279804411596
130.7676445587072 304.72279804411596
slice_number: 13
nb_points_on_contour: 109
178.43819910255613 293.16021172179194
178.43819910255613 291.8982970328316
178.43819910255613 290.95186101611125
178.43819910255613 290.0054249993909
178.122720430316 288.74351031043057
176.54532706911553 287.16611694923006
175.59889105239526 285.9042022602697
174.96793370791505 284.9577662435494
173.70601901895466 284.64228757130934
172.7595830022344 284.3268088990692
171.18218964103391 283.695851554589
170.23575362431362 283.695851554589
168.65836026311314 283.3803728823489
166.13453088519236 283.06489421010883
165.18809486847206 283.06489421010883
164.24165885175177 282.74941553786874
163.2952228350315 282.74941553786874
162.0333081460711 282.74941553786874
161.0868721293508 282.74941553786874
160.14043611263054 282.74941553786874
158.87852142367015 282.74941553786874
157.61660673470976 282.74941553786874
156.35469204574937 282.74941553786874
154.61955934842882 282.74941553786874
152.8844266511083 282.74941553786874
151.30703328990782 283.06489421010883
150.36059727318752 283.06489421010883
149.09868258422713 283.06489421010883
148.15224656750686 283.06489421010883
146.89033187854648 283.06489421010883
145.6284171895861 283.06489421010883
144.3665025006257 283.06489421010883
143.1045878116653 283.06489421010883
141.21171577822471 283.06489421010883
139.63432241702424 283.06489421010883
138.37240772806385 283.06489421010883
137.1104930391035 283.06489421010883
135.8485783501431 283.06489421010883
133.79796698058246 283.3803728823489
131.74735561102185 283.695851554589
130.16996224982134 283.695851554589
128.90804756086095 283.695851554589
127.96161154414067 284.0113302268291
127.01517552742038 284.3268088990692
126.0687395107001 284.64228757130934
124.80682482173971 285.2732449157895
123.86038880501943 285.5887235880296
122.91395278829913 286.5351596047499
121.65203809933875 287.4815956214702
120.70560208261846 287.79707429371024
118.81273004917789 288.74351031043057
117.86629403245757 289.37446765491075
116.91985801573729 290.6363823438711
116.91985801573729 291.58281836059143
116.91985801573729 292.52925437731176
116.91985801573729 293.7911690662721
116.91985801573729 294.73760508299245
117.55081536021748 295.6840410997127
119.12820872141798 296.630477116433
120.39012341037837 298.2078704776335
121.96751677157884 298.83882782211367
123.86038880501943 299.785263838834
125.1223034939798 300.4162211833142
126.0687395107001 300.73169985555427
127.33065419966047 300.4162211833142
128.27709021638077 300.10074251107403
129.22352623310104 300.4162211833142
130.16996224982134 301.04717852779436
130.48544092206146 301.9936145445146
132.06283428326194 303.25552923347504
133.00927029998223 304.2019652501953
133.9557063167025 305.1484012669156
134.9021423334228 306.41031595587594
135.8485783501431 307.35675197259627
137.1104930391035 307.98770931707645
138.37240772806385 308.9341453337968
139.63432241702424 309.88058135051705
140.89623710598462 310.5115386949972
142.158151794945 311.1424960394774
143.73554515614552 311.77345338395764
144.9974598451059 312.0889320561977
146.5748532063064 312.4044107284378
147.83676789526677 313.035368072918
149.41416125646725 313.6663254173982
151.937990634388 314.6127614341185
152.8844266511083 314.92824010635854
153.83086266782857 314.92824010635854
154.7772986845489 315.2437187785987
155.7237347012692 315.5591974508388
156.98564939022955 315.5591974508388
158.56304275143006 315.5591974508388
159.82495744039042 315.5591974508388
161.0868721293508 315.87467612307887
162.97974416279138 315.87467612307887
164.55713752399186 316.190154795319
165.50357354071215 316.50563346755905
166.76548822967254 316.50563346755905
168.34288159087305 316.50563346755905
169.60479627983344 316.50563346755905
170.86671096879383 316.50563346755905
171.8131469855141 316.50563346755905
172.7595830022344 316.190154795319
173.39054034671457 315.2437187785987
174.02149769119478 314.29728276187836
174.33697636343487 313.035368072918
174.65245503567496 312.0889320561977
175.28341238015514 310.8270173672373
175.28341238015514 309.88058135051705
175.91436972463535 308.61866666155663
nb_points_on_contour: 121
302.42131729291407 292.2137757050716
300.84392393171356 292.8447330495518
299.26653057051317 294.2643870746323
297.68913720931266 295.6840410997127
296.11174384811216 297.26143446091316
294.3992609119092 297.57384393159737
293.20776855982285 297.57384393159737
292.0162762077364 297.57384393159737
290.82478385565 297.57384393159737
288.8389632688393 297.97100804895956
287.2503067993907 298.36817216632164
286.05881444730426 298.76533628368384
284.8673220952179 299.162500401046
282.48433739104496 299.95682863577025
281.2928450389586 300.3539927531324
280.10135268687213 300.7511568704946
278.5126962174236 301.54548510521886
276.52687563061306 301.94264922258094
275.3353832785265 301.94264922258094
274.14389092644024 302.33981333994313
272.95239857435365 303.1341415746674
271.7609062222672 303.9284698093917
270.5694138701808 304.72279804411596
269.77508563545655 305.9142903962024
268.5835932833701 307.1057827482888
268.186429166008 308.29727510037526
267.7892650486458 309.8859315698238
267.3921009312836 311.0774239219102
267.3921009312836 312.26891627399664
267.7892650486458 313.460408626083
268.5835932833701 314.65190097816946
269.77508563545655 315.4462292128937
270.5694138701808 316.6377215649802
271.7609062222672 317.0348856823423
272.95239857435365 317.8292139170666
274.14389092644024 318.62354215179084
275.3353832785265 318.62354215179084
277.3212038653372 319.8150345038773
278.5126962174236 320.60936273860153
280.10135268687213 320.60936273860153
281.2928450389586 320.60936273860153
282.48433739104496 320.60936273860153
283.67582974313143 320.60936273860153
284.8673220952179 320.60936273860153
286.05881444730426 320.60936273860153
287.6474709167528 320.60936273860153
289.23612738620136 320.60936273860153
290.42761973828783 320.60936273860153
291.6191120903743 320.60936273860153
292.81060444246066 320.60936273860153
294.3992609119092 320.21219862123945
295.5907532639957 319.4178703865151
296.78224561608204 319.02070626915304
297.9737379681685 318.22637803442876
299.16523032025486 317.4320497997045
300.35672267234133 317.0348856823423
301.5482150244278 316.6377215649802
302.73970737651416 316.240557447618
303.93119972860075 315.8433933302558
305.5198561980492 314.65190097816946
307.10851266749773 313.8575727434452
307.78445472099577 312.71988940067786
309.0463694099561 312.4044107284378
309.99280542667634 311.77345338395764
311.2547201156368 311.14249603947735
313.06597442792986 308.29727510037526
314.2574667800162 308.29727510037526
315.4489591321027 308.29727510037526
316.64045148418916 308.29727510037526
317.8319438362755 307.90011098301306
319.023436188362 307.502946865651
320.21492854044845 306.70861863092665
321.4064208925348 305.9142903962024
322.5979132446213 305.1199621614781
323.78940559670775 304.32563392675377
324.9808979487941 303.1341415746674
325.7752261835184 301.94264922258094
326.96671853560474 301.14832098785666
327.76104677032913 299.95682863577025
328.9525391224155 299.162500401046
329.74686735713976 297.97100804895956
330.93835970922623 297.1766798142353
331.7326879439505 295.9851874621489
332.924180296037 294.79369511006246
333.71850853076126 293.602202757976
334.9100008828476 292.4107104058896
335.7043291175719 291.21921805380316
336.1014932349341 290.02772570171675
336.1014932349341 288.83623334963033
336.1014932349341 287.64474099754386
336.1014932349341 286.4532486454575
336.1014932349341 285.26175629337104
335.7043291175719 284.0702639412846
335.7043291175719 282.8787715891982
335.7043291175719 281.68727923711174
335.3071650002098 280.4957868850254
334.11567264812334 280.4957868850254
332.924180296037 280.4957868850254
331.3355238265884 280.4957868850254
330.14403147450196 280.4957868850254
328.9525391224155 280.89295100238746
327.76104677032913 280.89295100238746
326.56955441824266 280.89295100238746
325.3780620661562 280.89295100238746
323.39224147934556 280.89295100238746
322.2007491272591 281.29011511974966
321.00925677517273 281.29011511974966
319.81776442308626 281.68727923711174
318.6262720709999 282.08444335447393
317.43477971891343 282.8787715891982
316.64045148418916 284.0702639412846
315.0517950147406 284.86459217600895
313.86030266265414 286.0560845280953
312.2716461932056 286.8504127628196
311.0801538411192 287.64474099754386
309.88866148903276 288.04190511490606
308.6971691369464 288.43906923226814
307.10851266749773 289.23339746699247
305.5198561980492 290.4248898190789
303.93119972860063 291.21921805380316
303.53403561123855 292.4107104058896
slice_number: 14
nb_points_on_contour: 59
129.92832043381193 224.30045986919632
130.4003508719549 222.8843685547674
130.4003508719549 220.52421636405262
130.87238131009786 219.10812504962374
131.34441174824082 217.22000329705187
131.34441174824082 215.80391198262302
131.34441174824082 213.91579023005116
131.34441174824082 210.6115771630504
131.34441174824082 208.72345541047858
131.34441174824082 206.83533365790674
130.87238131009786 204.9472119053349
129.92832043381193 203.531120590906
129.45628999566898 202.11502927647712
128.0401986812401 200.69893796204823
126.15207692866827 199.28284664761935
124.73598561423938 197.86675533319047
122.84786386166752 196.4506640187616
120.95974210909566 195.97863358061863
119.0716203565238 195.50660314247565
117.65552904209491 195.0345727043327
115.29537685138013 195.0345727043327
113.87928553695124 195.0345727043327
111.99116378437941 195.0345727043327
110.10304203180755 195.0345727043327
108.21492027923571 195.0345727043327
106.32679852666388 195.97863358061863
104.43867677409202 196.4506640187616
103.02258545966313 196.92269445690454
101.60649414523422 197.3947248950475
100.19040283080534 197.86675533319047
98.77431151637646 198.8108162094764
97.35822020194757 199.7548770857623
96.41415932566167 201.17096840019119
95.94212888751869 203.05909015276305
95.47009844937574 204.47518146719193
95.47009844937574 205.8912727816208
95.47009844937574 207.77939453419265
95.47009844937574 211.55563803933637
95.47009844937574 213.91579023005116
95.47009844937574 216.27594242076597
96.41415932566167 217.69203373519485
96.88618976380462 220.05218592590967
97.83025064009055 221.9403076784815
98.77431151637646 223.82842943105337
99.71837239266239 225.7165511836252
100.66243326894829 227.60467293619703
101.60649414523422 229.02076425062594
102.55055502152015 230.43685556505483
103.96664633594906 230.90888600319778
105.38273765037795 230.90888600319778
107.27085940294978 230.90888600319778
109.15898115552164 230.90888600319778
111.99116378437941 230.90888600319778
113.87928553695124 230.90888600319778
115.76740728952308 230.43685556505483
117.18349860395196 229.96482512691185
118.59958991838084 229.49279468876887
120.48771167095268 228.54873381248296
121.90380298538162 227.1326424980541
nb_points_on_contour: 128
185.6279121346814 298.8812690957842
186.37062098940694 297.57384393159737
185.97345687204478 296.382351579511
185.57629275468264 295.1908592274246
185.1791286373205 293.9993668753382
185.1791286373205 292.8078745232517
184.78196451995836 291.21921805380316
184.38480040259623 289.6305615843546
183.59047216787195 288.43906923226814
182.79614393314768 287.24757688018167
182.00181569842337 285.65892041073323
180.81032334633696 284.86459217600895
179.22166687688838 284.0702639412846
178.03017452480196 283.27593570656035
176.83868217271552 282.48160747183607
175.6471898206291 282.08444335447393
173.26420511645628 281.68727923711174
171.6755486470078 280.89295100238746
170.48405629492134 280.89295100238746
168.4982357081106 280.4957868850254
167.30674335602416 280.4957868850254
166.11525100393774 279.7014586503011
164.52659453448916 278.90713041557683
163.33510218240275 278.1128021808525
161.7464457129542 277.71563806349036
160.5549533608678 276.9213098287661
159.36346100878134 276.52414571140395
157.7748045393328 275.33265335931753
156.58331218724638 274.53832512459326
155.78898395252207 273.34683277250684
154.59749160043566 272.5525045377825
153.80316336571138 271.3610121856961
152.61167101362494 270.56668395097176
151.42017866153853 270.1695198336097
150.62585042681428 268.97802748152327
149.4343580747278 268.58086336416113
148.2428657226414 267.78653512943686
147.05137337055496 267.78653512943686
145.85988101846854 267.78653512943686
144.66838866638213 267.78653512943686
143.47689631429571 267.78653512943686
142.28540396220927 267.78653512943686
141.09391161012286 267.78653512943686
139.90241925803645 267.78653512943686
138.71092690595003 267.78653512943686
137.5194345538636 267.78653512943686
136.32794220177718 267.78653512943686
135.13644984969076 268.183699246799
133.94495749760432 268.183699246799
132.7534651455179 268.58086336416113
131.5619727934315 268.58086336416113
130.37048044134508 268.58086336416113
129.17898808925864 268.58086336416113
127.98749573717222 269.3751915988854
126.79600338508581 270.56668395097176
126.39883926772364 271.75817630305824
125.20734691563723 272.5525045377825
124.8101827982751 273.743996889869
124.2639551760964 275.2797471886362
124.2639551760964 276.69583850306503
124.2639551760964 278.11192981749394
124.2639551760964 279.52802113192286
124.73598561423938 280.9441124463517
124.73598561423938 282.36020376078056
126.15207692866827 283.7762950752094
126.15207692866827 285.1923863896384
126.62410736681122 287.55253858035314
126.62410736681122 289.9126907710679
127.09613780495417 291.8008125236398
127.56816824309715 293.2169038380687
128.0401986812401 294.63299515249764
128.98425955752603 296.0490864669265
129.92832043381193 298.40923865764125
130.87238131009786 299.8253299720701
131.3444117482408 301.2414212864991
129.92832043381193 301.713451724642
129.92832043381193 303.1295430390709
131.81644218638377 305.0176647916428
133.23253350081262 306.43375610607166
133.70456393895563 307.8498474205005
134.64862481524153 309.26593873492936
136.0647161296704 310.2099996112154
137.95283788224228 311.62609092564423
139.84095963481414 313.0421822400731
140.78502051110007 314.9303039926449
141.49107572748503 317.8292139170666
142.68256807957144 318.22637803442876
143.87406043165785 318.22637803442876
145.06555278374427 318.22637803442876
146.65420925319285 318.22637803442876
148.64002984000354 318.22637803442876
149.83152219208995 318.22637803442876
151.0230145441764 318.22637803442876
152.2145068962628 318.22637803442876
153.80316336571138 318.22637803442876
155.39181983515994 318.22637803442876
156.58331218724638 318.22637803442876
157.7748045393328 318.22637803442876
158.9662968914192 318.22637803442876
160.15778924350565 318.22637803442876
161.34928159559206 318.22637803442876
162.54077394767847 317.8292139170666
163.7322662997649 317.8292139170666
164.92375865185133 317.8292139170666
166.11525100393774 317.4320497997045
167.30674335602416 317.0348856823423
168.4982357081106 316.6377215649802
169.689728060197 316.6377215649802
170.88122041228343 316.240557447618
172.07271276436984 316.240557447618
173.26420511645628 315.8433933302559
174.4556974685427 315.44622921289374
175.6471898206291 315.0490650955316
176.83868217271552 315.0490650955316
178.03017452480196 314.2547368608074
179.22166687688838 313.0632445087209
180.41315922897482 312.26891627399664
181.60465158106126 311.47458803927236
182.79614393314768 310.6802598045481
183.59047216787195 309.4887674524616
184.78196451995836 308.69443921773734
185.1791286373205 307.502946865651
185.57629275468264 306.3114545135645
185.57629275468264 305.1199621614781
185.97345687204478 303.9284698093917
185.97345687204478 302.33981333994313
185.97345687204478 301.14832098785666
185.97345687204478 299.95682863577025
nb_points_on_contour: 91
316.64045148418916 295.1908592274246
316.2432873668271 293.9993668753382
315.0517950147406 292.8078745232517
313.46313854529205 292.4107104058896
312.2716461932056 291.61638217116536
311.0801538411192 291.61638217116536
309.49149737167056 291.21921805380316
307.50567678485993 290.822053936441
305.9170203154114 290.822053936441
304.7255279633249 290.4248898190789
303.53403561123855 290.4248898190789
301.9453791417899 290.02772570171675
300.35672267234133 290.02772570171675
299.16523032025486 289.6305615843546
297.9737379681685 289.6305615843546
296.38508149871996 289.6305615843546
293.60493267718493 289.23339746699247
291.2219479730121 289.23339746699247
290.03045562092564 289.23339746699247
287.6474709167528 289.23339746699247
286.45597856466645 289.23339746699247
284.4701579778557 289.23339746699247
283.27866562576935 289.23339746699247
281.6900091563207 289.23339746699247
280.10135268687213 289.23339746699247
278.5126962174236 289.23339746699247
276.92403974797503 289.23339746699247
275.7325473958887 289.23339746699247
274.5410550438022 289.23339746699247
272.95239857435365 289.6305615843546
270.9665779875429 290.02772570171675
269.77508563545655 290.4248898190789
268.186429166008 291.21921805380316
266.9949368139215 292.01354628852744
265.406280344473 292.01354628852744
264.2147879923866 293.20503864061385
263.42045975766223 294.39653099270026
262.62613152293795 295.58802334478673
262.62613152293795 296.7795156968731
262.62613152293795 298.76533628368384
262.62613152293795 299.95682863577025
262.62613152293795 301.14832098785666
262.62613152293795 302.7369774573052
263.42045975766223 304.32563392675377
264.6119521097487 305.51712627884024
265.406280344473 306.70861863092665
266.59777269655945 307.90011098301306
267.7892650486458 308.69443921773734
268.9807574007323 309.8859315698238
270.5694138701808 311.0774239219102
271.7609062222672 311.8717521566345
272.95239857435365 312.6660803913588
274.1438909264401 313.460408626083
275.7325473958887 314.2547368608074
276.92403974797503 314.65190097816946
278.5126962174236 315.44622921289374
279.70418856951005 316.240557447618
280.8956809215965 316.6377215649802
282.48433739104496 317.0348856823423
284.0729938604936 317.4320497997045
285.26448621258 317.4320497997045
286.85314268202853 317.8292139170666
288.4417991514772 317.8292139170666
290.03045562092564 317.8292139170666
291.6191120903743 317.8292139170666
293.60493267718493 317.8292139170666
295.1935891466335 317.8292139170666
296.38508149871996 317.8292139170666
297.5765738508064 317.8292139170666
298.7680662028928 317.8292139170666
299.95955855497925 317.8292139170666
301.1510509070656 317.8292139170666
302.3425432591521 317.4320497997045
303.53403561123855 316.6377215649802
305.1226920806871 316.240557447618
306.71134855013554 315.44622921289374
307.902840902222 315.0490650955316
309.49149737167056 314.2547368608074
310.68298972375703 313.460408626083
311.8744820758434 312.6660803913588
313.06597442792986 311.8717521566345
314.2574667800162 311.47458803927236
315.0517950147406 310.2830956871859
315.8461232494649 309.09160333509953
316.64045148418916 307.90011098301306
317.8319438362755 307.1057827482888
318.6262720709999 305.9142903962024
319.023436188362 304.72279804411596
319.81776442308626 303.5313056920295
319.81776442308626 302.33981333994313
319.81776442308626 301.14832098785666
slice_number: 15
nb_points_on_contour: 140
180.01599511161268 298.36817216632164
178.82450275952627 297.57384393159737
177.63301040743983 297.1766798142353
176.4415180553534 297.1766798142353
175.250025703267 297.1766798142353
173.66136923381842 297.1766798142353
172.469876881732 296.7795156968731
171.27838452964556 296.382351579511
170.08689217755915 295.9851874621489
168.89539982547274 295.1908592274246
167.70390747338632 294.79369511006246
166.51241512129988 294.39653099270026
165.32092276921347 293.9993668753382
164.52659453448916 292.8078745232517
164.12943041712705 291.61638217116536
163.7322662997649 290.4248898190789
163.33510218240275 289.23339746699247
162.54077394767847 288.04190511490606
161.34928159559206 286.8504127628196
160.15778924350565 285.65892041073323
158.9662968914192 284.86459217600895
157.7748045393328 284.0702639412846
156.58331218724638 283.27593570656035
155.39181983515994 282.48160747183607
153.40599924834922 280.89295100238746
152.2145068962628 280.0986227676632
150.62585042681428 279.7014586503011
149.0371939573657 279.3042945329389
147.84570160527926 278.90713041557683
146.2570451358307 278.50996629821464
144.66838866638213 278.1128021808525
143.47689631429571 277.71563806349036
142.28540396220927 277.71563806349036
140.69674749276072 277.3184739461282
139.50525514067428 276.9213098287661
138.31376278858787 276.52414571140395
137.12227043650145 276.1269815940418
135.5336139670529 275.7298174766796
134.3421216149665 275.33265335931753
133.15062926288007 275.33265335931753
131.95913691079363 275.33265335931753
130.7676445587072 275.33265335931753
129.57615220662078 275.33265335931753
128.38465985453433 275.7298174766796
127.19316750244792 275.7298174766796
126.0016751503615 276.1269815940418
124.8101827982751 276.1269815940418
123.61869044618865 276.52414571140395
122.42719809410224 276.52414571140395
121.23570574201582 276.52414571140395
120.04421338992938 276.52414571140395
118.85272103784297 276.9213098287661
117.66122868575656 277.71563806349036
116.86690045103234 278.90713041557683
115.67540809894592 280.4957868850254
114.88107986422156 282.08444335447393
114.08675162949729 283.27593570656035
113.68958751213515 284.46742805864676
112.89525927741087 285.65892041073323
112.10093104268665 286.8504127628196
112.10093104268665 288.04190511490606
112.10093104268665 289.23339746699247
112.10093104268665 290.4248898190789
112.10093104268665 291.61638217116536
112.4980951600487 293.2050386406138
112.89525927741087 294.79369511006246
113.29242339477307 295.9851874621489
114.08675162949729 297.57384393159737
114.48391574685951 298.76533628368384
115.2782439815837 299.95682863577025
116.07257221630798 301.14832098785666
116.86690045103234 302.33981333994313
117.66122868575656 303.5313056920295
118.85272103784297 304.72279804411596
119.24988515520513 305.9142903962024
120.44137750729155 307.1057827482888
121.23570574201582 308.29727510037526
122.42719809410224 309.09160333509953
123.61869044618865 310.2830956871859
124.8101827982751 311.0774239219102
126.0016751503615 311.8717521566345
127.19316750244792 312.6660803913588
128.38465985453433 313.0632445087209
129.9733163239829 314.2547368608074
131.5619727934315 315.4462292128937
132.7534651455179 315.8433933302558
133.94495749760432 316.6377215649802
133.94495749760432 317.8292139170666
135.13644984969076 318.62354215179084
136.32794220177718 319.4178703865151
137.5194345538636 320.21219862123945
138.71092690595003 321.0065268559637
139.90241925803645 321.0065268559637
141.09391161012286 321.0065268559637
142.28540396220927 321.40369097332587
143.47689631429571 321.40369097332587
145.06555278374427 321.40369097332587
146.2570451358307 321.40369097332587
147.84570160527926 321.800855090688
149.0371939573657 321.800855090688
150.22868630945212 321.800855090688
151.8173427789007 322.19801920805014
153.0088351309871 322.19801920805014
154.20032748307352 322.19801920805014
155.39181983515994 322.19801920805014
156.58331218724638 322.19801920805014
157.7748045393328 322.19801920805014
158.9662968914192 322.5951833254123
160.15778924350565 322.5951833254123
161.34928159559206 322.5951833254123
162.54077394767847 322.5951833254123
163.7322662997649 322.5951833254123
165.32092276921347 322.5951833254123
166.51241512129988 322.5951833254123
167.70390747338632 322.19801920805014
168.89539982547274 322.19801920805014
170.08689217755915 322.19801920805014
171.27838452964556 321.40369097332587
172.469876881732 320.6093627386016
173.66136923381842 319.8150345038773
174.85286158590483 319.4178703865151
176.04435393799127 318.62354215179084
177.2358462900777 317.8292139170666
178.4273386421641 316.6377215649802
179.61883099425052 316.240557447618
180.81032334633696 315.0490650955316
181.60465158106126 313.8575727434452
181.60465158106126 312.6660803913588
183.59047216787195 312.26891627399664
184.78196451995836 311.8717521566345
185.1791286373205 310.6802598045481
185.1791286373205 309.4887674524616
185.1791286373205 308.29727510037526
185.1791286373205 307.1057827482888
185.1791286373205 305.9142903962024
185.1791286373205 304.72279804411596
185.1791286373205 303.5313056920295
185.1791286373205 301.94264922258094
184.78196451995836 300.3539927531324
184.38480040259623 299.162500401046
nb_points_on_contour: 83
319.023436188362 307.90011098301306
317.8319438362755 306.70861863092665
316.64045148418916 305.51712627884024
315.4489591321027 304.32563392675377
314.2574667800162 302.7369774573052
313.46313854529205 301.54548510521886
312.2716461932056 300.7511568704946
311.0801538411192 299.95682863577025
309.49149737167056 299.5596645184081
307.902840902222 299.5596645184081
306.71134855013554 299.5596645184081
305.1226920806871 299.162500401046
303.53403561123855 299.162500401046
301.9453791417899 299.162500401046
300.35672267234133 299.162500401046
299.16523032025486 299.162500401046
297.9737379681685 299.162500401046
296.38508149872007 299.162500401046
294.7964250292714 298.76533628368384
293.60493267718493 298.76533628368384
292.4134403250986 298.76533628368384
290.42761973828783 298.76533628368384
289.23612738620136 298.76533628368384
288.044635034115 298.76533628368384
286.85314268202853 298.76533628368384
285.6616503299422 298.76533628368384
284.4701579778557 299.162500401046
283.27866562576935 299.5596645184081
282.0871732736829 300.3539927531324
280.8956809215965 300.7511568704946
279.70418856951005 301.54548510521886
278.5126962174236 302.33981333994313
277.3212038653372 304.32563392675377
276.52687563061306 305.51712627884024
276.52687563061306 306.70861863092665
276.52687563061306 308.29727510037526
276.12971151325075 309.8859315698238
276.12971151325075 311.0774239219102
275.7325473958887 312.26891627399664
275.7325473958887 313.460408626083
275.7325473958887 314.65190097816946
276.12971151325075 315.8433933302558
276.92403974797503 317.0348856823423
278.1155321000615 318.22637803442876
278.9098603347858 319.4178703865151
280.10135268687213 319.8150345038773
281.2928450389586 320.60936273860153
282.48433739104496 321.00652685596367
283.67582974313143 321.40369097332587
284.8673220952179 321.800855090688
286.45597856466657 322.19801920805014
288.044635034115 322.5951833254122
289.63329150356356 323.3895115601366
290.82478385565 323.7866756774987
292.4134403250986 324.18383979486083
293.60493267718493 324.18383979486083
295.1935891466335 324.18383979486083
296.78224561608204 324.18383979486083
297.9737379681685 324.18383979486083
299.16523032025486 324.18383979486083
300.75388678970353 324.18383979486083
302.3425432591521 324.18383979486083
303.53403561123855 324.18383979486083
304.7255279633249 324.18383979486083
305.9170203154114 324.18383979486083
307.10851266749773 324.18383979486083
309.0943332543085 324.18383979486083
310.68298972375703 323.3895115601366
311.8744820758434 322.9923474427744
313.46313854529205 322.5951833254123
314.6546308973784 322.5951833254123
315.8461232494649 321.800855090688
316.64045148418916 320.6093627386016
317.8319438362755 319.8150345038773
319.023436188362 318.62354215179084
320.21492854044845 317.8292139170666
320.61209265781054 316.6377215649802
321.4064208925348 315.44622921289374
321.4064208925348 314.2547368608074
321.4064208925348 313.0632445087209
321.4064208925348 311.8717521566345
321.4064208925348 310.6802598045481
321.4064208925348 309.4887674524616
slice_number: 16
nb_points_on_contour: 105
183.59047216787195 304.32563392675377
183.59047216787195 303.1341415746674
183.59047216787195 301.94264922258094
182.3989798157855 300.7511568704946
181.60465158106126 299.5596645184081
179.22166687688838 298.76533628368384
177.63301040743983 297.97100804895956
176.4415180553534 297.57384393159737
174.4556974685427 296.7795156968731
171.67554864700773 296.382351579511
170.48405629492132 296.382351579511
168.89539982547274 295.9851874621489
167.70390747338632 295.9851874621489
166.51241512129988 295.58802334478673
165.32092276921347 295.1908592274246
164.12943041712705 295.1908592274246
162.93793806504064 294.79369511006246
161.7464457129542 294.39653099270026
160.55495336086778 293.20503864061385
159.36346100878134 292.8078745232517
157.37764042197065 292.01354628852744
155.78898395252207 291.61638217116536
154.59749160043566 291.21921805380316
153.40599924834922 291.21921805380316
151.42017866153853 290.822053936441
149.83152219208995 290.4248898190789
147.84570160527926 290.02772570171675
146.65420925319285 289.6305615843546
144.66838866638213 289.6305615843546
143.47689631429571 289.23339746699247
142.28540396220927 289.23339746699247
141.09391161012286 289.23339746699247
139.90241925803645 289.23339746699247
138.31376278858787 289.23339746699247
137.12227043650145 289.23339746699247
135.93077808441504 289.23339746699247
134.3421216149665 289.23339746699247
132.35630102815577 289.23339746699247
131.16480867606933 289.23339746699247
129.9733163239829 289.23339746699247
128.7818239718965 289.23339746699247
127.59033161981009 288.83623334963033
126.39883926772364 288.83623334963033
125.20734691563723 288.83623334963033
124.01585456355082 289.6305615843546
123.22152632882654 291.21921805380316
122.42719809410224 293.20503864061385
122.03003397674013 294.39653099270026
121.23570574201582 295.9851874621489
121.23570574201582 297.1766798142353
121.23570574201582 298.3681721663217
121.83145191805903 300.9497389291756
122.42719809410224 303.5313056920295
123.22152632882654 305.51712627884024
124.01585456355082 306.70861863092665
124.8101827982751 307.90011098301306
126.0016751503615 309.4887674524616
126.79600338508581 310.6802598045481
127.98749573717222 311.47458803927236
128.7818239718965 312.6660803913588
130.37048044134508 314.2547368608074
131.16480867606933 315.44622921289374
132.35630102815577 316.240557447618
133.54779338024218 317.4320497997045
135.13644984969076 318.22637803442876
136.72510631913931 320.21219862123945
137.91659867122576 321.0065268559637
139.10809102331217 322.19801920805014
140.29958337539858 322.5951833254123
142.28540396220927 323.3895115601366
143.47689631429571 324.581003912223
145.06555278374427 325.3753321469473
146.2570451358307 325.3753321469473
148.64002984000354 325.77249626430944
150.22868630945212 326.1696603816716
151.42017866153853 326.1696603816716
153.0088351309871 326.1696603816716
154.20032748307352 326.1696603816716
155.39181983515994 326.1696603816716
156.58331218724638 326.1696603816716
157.7748045393328 326.1696603816716
159.36346100878134 326.1696603816716
160.9521174782299 325.77249626430944
162.14360983031634 325.77249626430944
163.7322662997649 325.77249626430944
164.92375865185133 325.3753321469473
166.11525100393774 325.3753321469473
167.70390747338632 324.9781680295851
168.89539982547274 324.581003912223
170.08689217755915 324.581003912223
171.27838452964556 324.18383979486083
172.469876881732 323.7866756774987
173.66136923381842 323.3895115601366
174.85286158590483 322.9923474427744
176.04435393799127 322.19801920805014
177.63301040743983 321.0065268559637
178.4273386421641 319.8150345038773
179.61883099425052 319.02070626915304
181.2074874636991 317.8292139170666
182.00181569842337 316.6377215649802
183.19330805050978 315.44622921289374
184.38480040259623 314.65190097816946
185.1791286373205 313.460408626083
185.97345687204478 312.26891627399664
186.76778510676905 310.6802598045481
nb_points_on_contour: 111
327.76104677032913 292.8078745232517
326.1723903008807 292.4107104058895
324.9808979487941 292.01354628852744
323.39224147934556 292.01354628852744
322.2007491272591 292.01354628852744
320.61209265781054 291.61638217116536
319.023436188362 291.61638217116536
317.03761560155124 291.61638217116536
315.8461232494649 291.61638217116536
313.86030266265425 291.61638217116536
312.2716461932056 291.61638217116536
311.0801538411192 291.61638217116536
309.88866148903276 291.61638217116536
308.3000050195842 291.61638217116536
306.71134855013554 291.61638217116536
305.1226920806871 292.4107104058895
303.53403561123855 293.2050386406138
301.9453791417899 293.2050386406138
300.75388678970353 293.9993668753382
298.7680662028928 294.79369511006246
297.17940973344423 295.58802334478673
295.5907532639957 296.382351579511
294.3992609119092 297.1766798142353
293.20776855982285 297.57384393159737
291.6191120903743 298.36817216632164
290.42761973828783 298.76533628368384
289.23612738620136 299.162500401046
288.044635034115 299.5596645184081
286.85314268202853 299.5596645184081
285.6616503299422 299.95682863577025
284.4701579778557 300.7511568704946
282.88150150840715 300.7511568704946
281.6900091563207 301.54548510521886
280.4985168042343 302.33981333994313
279.30702445214786 302.7369774573052
278.1155321000615 303.5313056920295
276.52687563061306 304.32563392675377
275.7325473958887 305.51712627884024
274.14389092644024 305.9142903962024
273.34956269171585 307.1057827482888
272.1580703396294 307.90011098301306
271.3637421049051 309.09160333509953
270.9665779875429 310.2830956871859
270.9665779875429 311.8717521566345
270.5694138701808 313.0632445087209
270.5694138701808 314.2547368608074
271.7609062222672 315.0490650955316
271.7609062222672 316.240557447618
271.7609062222672 317.4320497997045
272.95239857435365 318.22637803442876
273.34956269171585 319.4178703865151
274.1438909264401 320.6093627386016
275.3353832785265 321.40369097332587
276.52687563061295 321.800855090688
277.7183679826993 322.19801920805014
278.9098603347858 323.3895115601366
280.10135268687213 323.3895115601366
281.2928450389586 323.3895115601366
282.48433739104496 323.3895115601366
283.67582974313143 323.3895115601366
284.8673220952179 323.3895115601366
286.05881444730426 323.3895115601366
287.2503067993907 323.3895115601366
288.4417991514772 323.3895115601366
290.03045562092564 323.3895115601366
291.2219479730121 323.3895115601366
292.4134403250986 323.3895115601366
293.60493267718493 323.3895115601366
294.7964250292714 323.7866756774987
295.9879173813579 323.7866756774987
297.17940973344423 323.7866756774987
298.3709020855307 323.7866756774987
299.56239443761706 323.7866756774987
300.75388678970353 323.7866756774987
301.9453791417899 323.7866756774987
303.13687149387636 323.7866756774987
304.3283638459627 323.7866756774987
305.5198561980492 323.7866756774987
306.71134855013554 323.7866756774987
308.3000050195842 323.7866756774987
309.49149737167056 323.7866756774987
310.68298972375703 323.3895115601366
311.8744820758434 323.3895115601366
313.06597442792986 322.9923474427744
314.6546308973784 322.19801920805014
315.8461232494649 321.40369097332587
317.43477971891343 321.0065268559637
318.6262720709999 319.8150345038773
319.81776442308626 319.4178703865151
321.00925677517273 319.02070626915304
321.4064208925348 317.8292139170666
322.5979132446213 317.0348856823423
324.18656971406983 315.8433933302559
325.3780620661562 315.0490650955316
326.1723903008806 313.8575727434452
326.96671853560474 312.6660803913588
327.76104677032913 311.47458803927236
329.3497032397777 309.8859315698238
330.54119559186404 308.69443921773734
331.3355238265884 307.502946865651
331.7326879439505 306.3114545135645
332.5270161786748 305.1199621614781
332.924180296037 303.9284698093917
332.924180296037 302.7369774573052
333.32134441339906 301.54548510521886
333.32134441339906 299.95682863577025
333.32134441339906 298.76533628368384
333.32134441339906 297.57384393159737
333.32134441339906 296.382351579511
333.32134441339906 295.1908592274246
333.32134441339906 293.9993668753382
slice_number: 17
nb_points_on_contour: 109
185.1791286373205 299.5596645184081
184.78196451995836 298.3681721663217
183.59047216787195 297.1766798142353
182.79614393314768 295.9851874621489
181.2074874636991 295.1908592274246
180.01599511161268 293.9993668753382
178.82450275952627 293.20503864061385
177.63301040743983 292.4107104058896
176.4415180553534 292.4107104058896
173.66136923381842 290.822053936441
172.469876881732 290.4248898190789
171.27838452964556 290.02772570171675
170.08689217755915 289.6305615843546
168.10107159074843 288.83623334963033
166.90957923866202 288.43906923226814
165.32092276921347 288.04190511490606
164.12943041712705 287.64474099754386
162.54077394767847 286.8504127628196
160.55495336086778 286.0560845280953
159.36346100878134 285.65892041073323
157.7748045393328 284.86459217600895
156.58331218724638 284.86459217600895
155.39181983515994 284.46742805864676
153.40599924834922 284.0702639412846
152.2145068962628 283.6730998239225
150.22868630945212 283.6730998239225
148.64002984000354 283.6730998239225
147.44853748791712 283.6730998239225
146.2570451358307 283.6730998239225
144.66838866638213 283.6730998239225
143.47689631429571 283.6730998239225
141.49107572748503 283.6730998239225
140.29958337539858 283.6730998239225
138.71092690595003 283.27593570656035
137.5194345538636 283.27593570656035
135.93077808441504 282.8787715891982
134.7392857323286 282.8787715891982
133.15062926288007 282.8787715891982
131.16480867606933 282.8787715891982
129.9733163239829 282.8787715891982
128.7818239718965 283.27593570656035
127.19316750244792 283.27593570656035
125.20734691563723 284.86459217600895
123.61869044618865 286.0560845280953
122.42719809410224 286.8504127628196
120.83854162465366 288.43906923226814
120.44137750729155 289.6305615843546
120.44137750729155 290.822053936441
120.44137750729155 292.4107104058896
120.44137750729155 293.9993668753382
120.83854162465366 295.58802334478673
120.83854162465366 297.97100804895956
120.83854162465366 299.162500401046
120.83854162465366 301.14832098785666
120.83854162465366 302.33981333994313
120.83854162465366 303.9284698093917
121.23570574201582 305.9142903962024
122.42719809410224 308.29727510037526
123.22152632882654 309.4887674524616
124.41301868091296 311.0774239219102
125.60451103299937 313.0632445087209
126.79600338508581 313.8575727434452
127.98749573717222 315.44622921289374
129.17898808925864 316.240557447618
129.9733163239829 317.8292139170666
131.5619727934315 318.62354215179084
132.7534651455179 320.21219862123945
134.3421216149665 321.0065268559637
135.93077808441504 321.800855090688
137.12227043650145 322.9923474427744
138.71092690595003 323.3895115601366
139.90241925803645 323.7866756774987
141.09391161012286 324.581003912223
142.68256807957144 324.9781680295851
143.87406043165785 324.9781680295851
145.06555278374427 325.3753321469473
146.65420925319285 325.77249626430944
147.84570160527926 325.77249626430944
149.0371939573657 325.77249626430944
150.62585042681425 325.77249626430944
152.2145068962628 325.77249626430944
153.80316336571138 325.77249626430944
154.9946557177978 325.77249626430944
156.1861480698842 325.77249626430944
157.37764042197065 325.77249626430944
158.56913277405707 325.77249626430944
160.15778924350565 325.77249626430944
162.14360983031634 325.77249626430944
163.7322662997649 325.77249626430944
165.32092276921347 325.77249626430944
166.51241512129988 325.77249626430944
168.10107159074843 325.77249626430944
169.29256394283485 325.3753321469473
170.48405629492132 325.3753321469473
171.67554864700773 324.581003912223
173.26420511645628 324.18383979486083
174.4556974685427 323.7866756774987
175.6471898206291 323.3895115601366
176.83868217271552 322.5951833254123
178.03017452480196 322.19801920805014
179.61883099425052 321.40369097332587
180.81032334633696 320.6093627386016
181.60465158106126 319.4178703865151
182.79614393314768 318.62354215179084
183.9876362852341 317.4320497997045
185.1791286373205 316.240557447618
186.37062098940694 315.0490650955316
186.76778510676905 313.460408626083
187.56211334149336 312.26891627399664
nb_points_on_contour: 100
332.924180296037 298.76533628368384
331.7326879439505 297.57384393159737
330.54119559186404 296.382351579511
328.5553750050534 295.58802334478673
327.36388265296694 294.79369511006246
326.1723903008806 294.39653099270026
324.9808979487941 293.9993668753382
322.5979132446213 293.20503864061385
319.81776442308626 292.8078745232517
317.43477971891343 292.4107104058896
315.8461232494649 292.4107104058896
314.2574667800162 292.01354628852744
312.6688103105678 292.01354628852744
310.28582560639484 292.01354628852744
309.0943332543085 292.01354628852744
307.10851266749773 292.01354628852744
305.9170203154114 292.01354628852744
304.3283638459627 292.01354628852744
303.13687149387636 292.01354628852744
301.5482150244278 292.4107104058896
299.56239443761706 292.8078745232517
298.3709020855307 292.8078745232517
296.78224561608204 293.602202757976
295.1935891466335 294.39653099270026
293.60493267718493 295.1908592274246
291.6191120903743 295.58802334478673
290.42761973828783 296.7795156968731
289.23612738620136 297.1766798142353
288.044635034115 297.97100804895956
286.05881444730426 298.3681721663217
284.8673220952179 299.162500401046
283.27866562576935 299.5596645184081
281.6900091563207 299.95682863577025
280.4985168042343 300.7511568704946
279.30702445214786 301.14832098785666
278.1155321000615 301.54548510521886
276.92403974797503 302.33981333994313
275.7325473958887 302.7369774573052
274.5410550438022 302.7369774573052
273.34956269171585 302.7369774573052
272.1580703396294 303.9284698093917
272.1580703396294 305.1199621614781
272.1580703396294 306.70861863092665
272.1580703396294 307.90011098301306
272.55523445699146 309.09160333509953
272.55523445699146 310.2830956871859
272.95239857435365 311.47458803927236
272.95239857435365 312.6660803913588
272.95239857435365 313.8575727434452
272.95239857435365 315.0490650955316
273.34956269171585 316.240557447618
273.34956269171585 317.4320497997045
273.34956269171585 318.62354215179084
274.1438909264401 319.8150345038773
274.1438909264401 321.40369097332587
275.3353832785265 322.5951833254123
276.92403974797503 322.9923474427744
278.1155321000615 323.3895115601366
279.30702445214786 324.18383979486083
280.4985168042343 324.18383979486083
281.6900091563207 324.18383979486083
282.88150150840715 324.18383979486083
284.4701579778557 324.18383979486083
285.6616503299422 324.18383979486083
286.85314268202853 324.18383979486083
288.044635034115 324.18383979486083
289.23612738620136 324.18383979486083
290.42761973828783 324.18383979486083
291.6191120903743 324.18383979486083
293.20776855982285 324.18383979486083
294.3992609119092 324.18383979486083
295.5907532639957 324.18383979486083
297.9737379681685 324.18383979486083
299.56239443761706 324.18383979486083
300.75388678970353 324.18383979486083
301.9453791417899 324.18383979486083
303.13687149387636 324.18383979486083
304.3283638459627 324.18383979486083
305.9170203154114 323.7866756774987
307.10851266749773 323.7866756774987
308.6971691369464 323.3895115601366
309.88866148903276 323.3895115601366
311.4773179584813 322.9923474427744
312.6688103105678 322.5951833254123
313.86030266265414 322.19801920805014
315.8461232494649 321.40369097332587
317.03761560155124 320.6093627386016
318.2291079536377 320.21219862123945
319.42060030572407 319.4178703865151
320.61209265781054 318.62354215179084
322.2007491272591 317.8292139170666
323.78940559670775 317.0348856823423
324.9808979487941 315.44622921289374
326.1723903008806 315.0490650955316
326.96671853560474 313.8575727434452
328.1582108876912 313.0632445087209
329.3497032397777 311.8717521566345
330.54119559186404 310.6802598045481
331.7326879439505 309.4887674524616
332.924180296037 308.69443921773734
slice_number: 18
nb_points_on_contour: 149
340.47029852591766 297.1766798142353
340.47029852591766 298.36817216632164
340.47029852591766 299.5596645184081
340.47029852591766 300.7511568704946
339.67597029119327 301.94264922258094
338.881642056469 303.1341415746674
338.484477939107 304.32563392675377
337.29298558702044 305.1199621614781
336.1014932349342 306.3114545135645
334.9100008828476 307.502946865651
334.11567264812334 308.69443921773734
333.32134441339906 309.8859315698238
332.5270161786748 311.0774239219102
331.3355238265884 311.8717521566345
330.14403147450196 313.0632445087209
328.9525391224155 314.2547368608074
327.76104677032913 315.0490650955316
326.56955441824266 316.6377215649802
325.3780620661562 317.4320497997045
324.5837338314319 318.62354215179084
323.39224147934556 319.4178703865151
322.2007491272591 320.21219862123945
321.00925677517273 321.40369097332587
319.81776442308626 321.40369097332587
318.626272071 322.19801920805014
317.43477971891343 322.9923474427744
316.2432873668272 323.7866756774987
315.0517950147406 324.9781680295851
313.86030266265425 325.7724962643094
312.6688103105678 326.5668244990337
311.4773179584813 328.15548096848227
310.28582560639484 328.15548096848227
308.6971691369465 328.5526450858444
307.50567678485993 328.94980920320654
305.5198561980492 329.3469733205686
304.3283638459627 329.74413743793076
303.13687149387636 329.74413743793076
301.1510509070656 329.74413743793076
299.95955855497925 329.74413743793076
298.7680662028928 329.74413743793076
297.17940973344423 329.74413743793076
295.9879173813579 329.74413743793076
294.7964250292714 329.74413743793076
293.60493267718493 329.74413743793076
292.4134403250986 329.74413743793076
291.2219479730121 329.3469733205686
290.03045562092564 328.94980920320654
288.044635034115 328.94980920320654
286.85314268202853 328.5526450858444
285.6616503299422 328.15548096848227
284.4701579778557 328.15548096848227
283.27866562576935 328.15548096848227
282.0871732736829 328.15548096848227
280.8956809215965 328.15548096848227
279.70418856951005 328.15548096848227
278.5126962174236 328.15548096848227
277.3212038653372 328.15548096848227
276.12971151325075 328.15548096848227
274.9382191611643 327.75831685112007
273.7467268090779 327.75831685112007
272.55523445699146 326.96398861639585
271.3637421049051 325.7724962643094
270.17224975281863 324.9781680295851
268.9807574007323 324.581003912223
267.7892650486458 323.3895115601366
266.9949368139215 321.800855090688
266.20060857919725 320.60936273860153
265.0091162271108 320.21219862123945
263.8176238750244 318.22637803442876
263.02329564030015 317.0348856823423
262.62613152293795 315.8433933302558
261.8318032882137 314.65190097816946
261.0374750534894 313.460408626083
261.0374750534894 312.26891627399664
260.6403109361273 310.6802598045481
260.6403109361273 309.09160333509953
260.6403109361273 307.90011098301306
260.6403109361273 306.70861863092665
260.6403109361273 305.1199621614781
260.6403109361273 303.9284698093917
260.2431468187651 302.7369774573052
260.2431468187651 301.54548510521886
260.2431468187651 300.3539927531324
260.2431468187651 299.162500401046
260.2431468187651 297.97100804895956
260.2431468187651 296.7795156968731
260.2431468187651 295.1908592274246
260.2431468187651 293.9993668753382
260.6403109361273 292.4107104058895
261.0374750534894 290.822053936441
262.2289674055759 289.6305615843546
263.42045975766223 288.43906923226814
264.6119521097487 287.64474099754386
265.80344446183506 287.24757688018167
266.9949368139215 286.4532486454575
268.186429166008 285.26175629337104
269.37792151809435 284.46742805864676
270.9665779875429 283.6730998239225
272.1580703396294 283.27593570656035
274.1438909264401 282.48160747183607
274.1438909264401 281.29011511974966
275.3353832785265 280.0986227676632
276.52687563061295 279.3042945329389
277.7183679826993 278.50996629821464
278.9098603347858 278.1128021808525
280.4985168042343 277.3184739461282
281.6900091563207 276.9213098287661
282.88150150840715 276.52414571140395
284.0729938604936 276.1269815940418
286.05881444730426 276.1269815940418
287.2503067993907 275.72981747667967
288.8389632688393 275.72981747667967
291.2219479730121 275.33265335931753
293.20776855982285 274.93548924195534
294.7964250292714 274.53832512459326
295.9879173813579 274.53832512459326
297.5765738508064 274.1411610072311
299.95955855497925 274.1411610072311
301.1510509070656 274.1411610072311
302.3425432591521 274.1411610072311
304.3283638459627 274.1411610072311
305.9170203154114 274.1411610072311
307.10851266749773 274.1411610072311
308.3000050195842 274.53832512459326
309.49149737167056 274.53832512459326
311.0801538411192 274.93548924195534
312.2716461932056 274.93548924195534
314.2574667800162 275.33265335931753
316.2432873668271 276.1269815940418
317.8319438362755 276.52414571140395
319.023436188362 276.52414571140395
320.61209265781054 277.71563806349036
322.2007491272591 278.50996629821464
323.78940559670775 279.3042945329389
324.9808979487941 280.0986227676632
326.56955441824266 281.29011511974966
327.76104677032913 281.68727923711174
328.9525391224155 282.8787715891982
330.14403147450196 283.6730998239225
331.7326879439505 284.86459217600895
333.32134441339906 286.0560845280953
334.5128367654854 286.4532486454575
335.7043291175719 287.2475768801817
336.89582146965836 288.43906923226814
338.0873138217447 289.23339746699247
339.2788061738312 290.02772570171675
340.47029852591766 290.822053936441
340.47029852591766 292.01354628852744
340.86746264327974 293.20503864061385
nb_points_on_contour: 163
183.19330805050978 282.8787715891982
182.79614393314768 281.68727923711174
181.60465158106132 280.89295100238746
180.41315922897488 279.7014586503011
178.4273386421641 277.71563806349036
177.2358462900777 276.9213098287661
175.6471898206291 275.33265335931753
174.4556974685427 274.53832512459326
172.469876881732 272.9496686551447
169.689728060197 270.96384806833396
168.89539982547274 269.7723557162476
167.30674335602416 268.97802748152327
165.7180868865756 267.78653512943686
164.12943041712705 266.9922068947126
162.14360983031634 265.40355042526403
160.9521174782299 265.00638630790183
159.76062512614348 264.60922219053975
158.1719686566949 264.21205807317756
156.58331218724638 263.4177298384533
154.9946557177978 262.22623748636687
153.40599924834922 262.22623748636687
150.22868630945212 260.6375810169183
148.64002984000354 259.843252782194
146.2570451358307 259.4460886648319
144.66838866638213 258.65176043010763
143.07973219693358 258.25459631274543
141.88823984484716 257.85743219538335
140.29958337539858 257.4602680780212
137.5194345538636 257.0631039606591
135.5336139670529 256.2687757259348
134.3421216149665 255.87161160857264
133.15062926288007 255.47444749121047
131.16480867606933 255.47444749121047
129.57615220662078 255.07728337384836
127.98749573717222 254.6801192564862
126.39883926772364 254.6801192564862
125.20734691563723 254.6801192564862
124.01585456355082 254.6801192564862
122.82436221146438 254.6801192564862
121.63286985937796 254.6801192564862
120.44137750729155 255.87161160857264
119.24988515520513 256.6659398432969
118.45555692048083 258.25459631274543
116.86690045103234 259.0489245474697
116.46973633367014 260.2404168995562
115.2782439815837 261.82907336900473
114.48391574685951 263.4177298384533
113.68958751213515 265.00638630790183
113.29242339477307 266.1978786599883
112.4980951600487 267.78653512943686
111.70376692532446 268.97802748152327
111.70376692532446 270.1695198336097
111.70376692532446 272.15534042042043
111.70376692532446 273.34683277250684
111.70376692532446 274.53832512459326
111.70376692532446 275.7298174766796
111.70376692532446 278.1128021808525
111.70376692532446 279.3042945329389
111.70376692532446 280.89295100238746
111.70376692532446 282.8787715891982
111.70376692532446 284.0702639412846
111.70376692532446 286.0560845280953
111.70376692532446 287.64474099754386
111.70376692532446 288.83623334963033
112.4980951600487 290.4248898190789
112.89525927741087 292.01354628852744
113.29242339477307 293.2050386406138
114.08675162949729 294.39653099270026
114.88107986422156 295.58802334478673
115.2782439815837 297.1766798142353
116.07257221630798 298.36817216632164
116.46973633367014 299.5596645184081
117.26406456839442 300.7511568704946
118.45555692048083 301.94264922258094
118.85272103784297 303.1341415746674
120.04421338992938 304.32563392675377
120.83854162465366 305.9142903962024
122.42719809410224 307.502946865651
124.41301868091301 309.4887674524616
125.20734691563723 310.6802598045481
126.79600338508581 311.47458803927236
127.59033161981009 312.6660803913588
129.17898808925864 313.8575727434452
130.37048044134508 315.0490650955316
131.5619727934315 316.240557447618
132.35630102815577 317.4320497997045
134.3421216149665 319.4178703865151
135.5336139670529 320.60936273860153
136.32794220177718 321.800855090688
137.91659867122576 323.3895115601366
139.10809102331217 324.18383979486083
140.29958337539858 324.9781680295851
141.88823984484716 325.7724962643094
143.07973219693358 325.7724962643094
144.27122454902002 326.1696603816716
145.46271690110643 326.5668244990337
146.65420925319285 326.5668244990337
148.2428657226414 326.5668244990337
150.22868630945212 326.5668244990337
151.42017866153853 327.361152733758
152.61167101362494 328.5526450858444
154.20032748307352 329.3469733205686
155.39181983515994 330.14130155529296
156.9804763046085 331.3327939073794
158.1719686566949 332.12712214210364
160.15778924350565 332.12712214210364
161.34928159559206 332.12712214210364
162.54077394767847 332.12712214210364
163.7322662997649 332.12712214210364
164.92375865185133 332.12712214210364
166.11525100393774 332.12712214210364
167.30674335602416 332.12712214210364
168.4982357081106 332.12712214210364
169.689728060197 332.12712214210364
170.88122041228343 332.12712214210364
172.07271276436984 332.12712214210364
173.26420511645628 331.7299580247415
174.4556974685427 331.3327939073794
175.6471898206291 331.3327939073794
176.83868217271552 330.93562979001723
178.03017452480196 330.93562979001723
179.22166687688838 330.53846567265515
180.41315922897482 329.7441374379308
181.2074874636991 328.5526450858444
182.3989798157855 327.7583168511201
183.9876362852341 326.96398861639585
184.78196451995836 325.77249626430944
185.57629275468264 324.581003912223
186.37062098940694 323.3895115601366
187.56211334149336 322.19801920805014
188.35644157621763 321.0065268559637
189.54793392830405 319.8150345038773
189.9450980456662 318.62354215179084
190.34226216302835 317.0348856823423
190.73942628039046 315.44622921289374
191.13659039775263 314.2547368608074
191.9309186324769 313.0632445087209
191.9309186324769 311.8717521566345
191.9309186324769 310.6802598045481
191.9309186324769 309.4887674524616
191.9309186324769 308.29727510037526
191.9309186324769 307.1057827482888
191.9309186324769 305.9142903962024
191.9309186324769 304.72279804411596
191.9309186324769 303.1341415746674
191.9309186324769 301.94264922258094
191.9309186324769 300.7511568704946
191.9309186324769 299.5596645184081
192.32808274983904 298.3681721663217
192.7252468672012 297.1766798142353
192.7252468672012 295.9851874621489
192.7252468672012 294.79369511006246
192.7252468672012 293.602202757976
192.7252468672012 292.4107104058896
192.7252468672012 291.21921805380316
192.32808274983904 290.02772570171675
192.32808274983904 288.83623334963033
191.53375451511477 287.64474099754386
190.73942628039046 286.4532486454575
189.9450980456662 285.26175629337104
189.1507698109419 283.6730998239225
187.95927745885547 283.27593570656035
186.76778510676905 282.8787715891982
slice_number: 19
nb_points_on_contour: 96
331.7326879439505 289.23339746699247
330.54119559186404 288.43906923226814
329.3497032397777 288.04190511490606
328.1582108876912 287.2475768801817
326.1723903008806 286.4532486454575
324.9808979487941 286.0560845280953
322.5979132446213 285.26175629337104
321.00925677517273 284.86459217600895
317.43477971891343 284.0702639412846
313.86030266265414 283.27593570656035
311.8744820758434 282.8787715891982
309.0943332543085 282.48160747183607
306.31418443277346 282.08444335447393
303.7326176699196 281.4886971784307
301.1510509070656 280.89295100238746
299.95955855497925 280.89295100238746
298.3709020855307 280.89295100238746
296.78224561608204 280.89295100238746
295.1935891466335 280.89295100238746
292.81060444246066 280.89295100238746
290.82478385565 280.89295100238746
289.63329150356356 280.89295100238746
288.044635034115 280.89295100238746
286.85314268202853 280.89295100238746
284.4701579778557 280.89295100238746
282.88150150840715 280.89295100238746
279.30702445214786 282.08444335447393
277.7183679826993 282.08444335447393
275.7325473958887 282.48160747183607
274.1438909264401 283.27593570656035
272.95239857435365 283.6730998239225
271.7609062222672 283.6730998239225
269.77508563545655 284.86459217600895
268.5835932833701 286.0560845280953
267.7892650486458 287.2475768801817
267.3921009312836 288.83623334963033
266.59777269655945 290.4248898190789
266.20060857919725 291.61638217116536
266.20060857919725 292.8078745232517
265.80344446183506 294.39653099270026
265.80344446183506 295.58802334478673
265.80344446183506 296.7795156968731
265.80344446183506 298.3681721663217
266.59777269655945 299.5596645184081
266.9949368139215 300.7511568704946
267.7892650486458 302.33981333994313
268.9807574007323 304.72279804411596
269.37792151809435 305.9142903962024
270.5694138701808 307.90011098301306
271.7609062222672 309.4887674524616
272.55523445699146 310.6802598045481
272.95239857435365 311.8717521566345
273.34956269171585 313.0632445087209
274.9382191611643 314.65190097816946
276.52687563061295 316.6377215649802
278.1155321000615 317.8292139170666
279.30702445214786 319.02070626915304
280.4985168042343 319.8150345038773
281.6900091563207 320.6093627386016
283.27866562576935 321.800855090688
284.4701579778557 322.19801920805014
285.6616503299422 322.5951833254123
286.85314268202853 322.9923474427744
288.044635034115 323.7866756774987
289.23612738620136 324.18383979486083
290.42761973828783 324.9781680295851
291.6191120903743 325.3753321469473
292.81060444246066 325.77249626430944
294.0020967945471 325.77249626430944
295.1935891466335 325.77249626430944
296.78224561608204 326.1696603816716
297.9737379681685 326.1696603816716
299.95955855497925 326.1696603816716
301.1510509070656 326.1696603816716
302.3425432591521 326.1696603816716
303.53403561123855 326.1696603816716
304.7255279633249 325.77249626430944
305.9170203154114 325.3753321469473
307.902840902222 324.18383979486083
309.49149737167056 323.3895115601366
310.68298972375703 322.5951833254123
311.8744820758434 321.800855090688
313.46313854529205 320.6093627386016
315.0517950147406 319.02070626915304
316.2432873668271 318.22637803442876
317.43477971891343 317.0348856823423
319.023436188362 316.240557447618
320.21492854044845 315.0490650955316
321.4064208925348 314.2547368608074
322.99507736198336 313.0632445087209
324.5837338314319 310.8788418632291
326.1723903008806 308.69443921773734
326.56955441824266 307.502946865651
326.56955441824266 306.3114545135645
327.76104677032913 304.72279804411596
328.9525391224155 303.5313056920295
nb_points_on_contour: 145
187.56211334149336 293.9993668753382
185.97345687204478 293.2050386406138
183.9876362852341 292.4107104058895
182.00181569842337 291.61638217116536
180.81032334633696 291.21921805380316
178.82450275952627 290.822053936441
177.63301040743983 290.822053936441
176.04435393799127 290.4248898190789
174.85286158590483 290.4248898190789
171.6755486470078 289.6305615843546
170.08689217755915 289.6305615843546
168.10107159074843 288.83623334963033
166.51241512129988 288.83623334963033
164.92375865185133 288.43906923226814
162.93793806504064 287.64474099754386
161.34928159559206 287.24757688018167
158.9662968914192 286.8504127628196
157.37764042197065 286.0560845280953
155.39181983515994 285.26175629337104
153.40599924834922 284.0702639412846
152.2145068962628 283.27593570656035
151.0230145441764 282.8787715891982
149.0371939573657 281.68727923711174
147.05137337055496 280.89295100238746
145.46271690110643 280.0986227676632
144.27122454902002 279.7014586503011
143.07973219693358 279.3042945329389
141.49107572748503 278.50996629821464
140.29958337539858 278.50996629821464
138.71092690595003 278.50996629821464
137.5194345538636 278.50996629821464
134.7392857323286 278.50996629821464
132.7534651455179 278.50996629821464
131.16480867606933 278.50996629821464
129.17898808925864 278.1128021808525
127.19316750244792 278.1128021808525
126.0016751503615 278.1128021808525
124.01585456355082 278.1128021808525
121.63286985937796 278.1128021808525
120.44137750729155 278.1128021808525
118.85272103784297 278.50996629821464
114.48391574685945 277.71563806349036
113.29242339477301 278.1128021808525
111.70376692532446 279.7014586503011
110.51227457323802 280.4957868850254
109.3207822211516 281.68727923711174
108.92361810378947 282.8787715891982
107.73212575170302 283.6730998239225
107.3349616343409 284.86459217600895
106.14346928225447 285.26175629337104
105.34914104753018 286.8504127628196
104.95197693016806 288.04190511490606
104.95197693016806 289.23339746699247
104.95197693016806 290.4248898190789
104.95197693016806 292.01354628852744
104.95197693016806 293.20503864061385
104.95197693016806 294.39653099270026
105.34914104753018 295.9851874621489
105.74630516489232 297.1766798142353
106.14346928225447 298.3681721663217
106.93779751697873 299.5596645184081
107.73212575170302 300.7511568704946
107.73212575170302 301.94264922258094
108.92361810378947 302.7369774573052
110.11511045587588 303.9284698093917
110.90943869060015 305.1199621614781
112.1009310426866 306.3114545135645
112.89525927741087 307.502946865651
113.68958751213515 308.69443921773734
114.88107986422156 309.4887674524616
115.67540809894587 310.6802598045481
116.86690045103228 311.47458803927236
118.05839280311869 313.0632445087209
119.24988515520513 314.2547368608074
120.44137750729155 315.44622921289374
121.63286985937796 316.6377215649802
122.82436221146438 317.4320497997045
124.01585456355082 318.62354215179084
124.8101827982751 319.8150345038773
126.0016751503615 320.6093627386016
127.19316750244792 321.0065268559637
127.98749573717222 322.19801920805014
129.17898808925864 322.19801920805014
129.57615220662078 323.3895115601366
131.95913691079363 324.581003912223
133.15062926288007 325.3753321469473
134.3421216149665 326.1696603816716
135.93077808441504 326.5668244990337
137.12227043650145 326.96398861639585
138.31376278858787 327.361152733758
139.50525514067428 327.7583168511201
140.69674749276072 328.15548096848227
141.88823984484716 327.7583168511201
143.07973219693358 328.15548096848227
144.27122454902002 328.94980920320654
145.46271690110643 329.3469733205686
146.65420925319285 329.74413743793076
147.84570160527926 330.14130155529296
149.0371939573657 330.53846567265515
150.22868630945212 330.53846567265515
151.42017866153853 330.53846567265515
152.61167101362494 330.53846567265515
154.59749160043566 330.53846567265515
155.78898395252207 330.53846567265515
157.37764042197065 330.53846567265515
158.56913277405707 330.53846567265515
159.76062512614348 330.53846567265515
160.9521174782299 330.53846567265515
162.14360983031634 330.53846567265515
163.33510218240275 330.53846567265515
164.52659453448916 330.53846567265515
166.11525100393774 330.53846567265515
167.30674335602416 330.53846567265515
168.4982357081106 330.53846567265515
169.689728060197 330.53846567265515
170.88122041228343 330.53846567265515
172.86704099909414 330.53846567265515
174.05853335118056 330.14130155529296
175.250025703267 329.3469733205686
176.4415180553534 328.94980920320654
177.63301040743983 328.15548096848227
178.82450275952627 326.96398861639585
180.01599511161268 325.3753321469473
181.2074874636991 324.18383979486083
182.3989798157855 322.9923474427744
183.59047216787195 321.800855090688
184.38480040259623 320.60936273860153
185.57629275468264 319.02070626915304
186.76778510676905 317.8292139170666
187.56211334149336 316.6377215649802
188.35644157621763 315.4462292128937
188.75360569357977 314.2547368608074
189.1507698109419 313.0632445087209
189.9450980456662 311.47458803927236
189.9450980456662 309.8859315698238
189.9450980456662 308.69443921773734
189.9450980456662 307.502946865651
189.9450980456662 306.3114545135645
189.9450980456662 304.72279804411596
189.9450980456662 303.5313056920295
189.9450980456662 302.33981333994313
189.9450980456662 300.7511568704946
189.9450980456662 299.162500401046
189.9450980456662 297.97100804895956
190.73942628039046 296.7795156968731
label: ground_glass
localisation: non-relevant
slice_number: 11
nb_points_on_contour: 50
170.88122041228343 196.69415812161364
170.08689217755915 195.5026657695272
168.89539982547274 194.31117341744078
168.4982357081106 193.11968106535437
168.10107159074843 191.92818871326796
167.2187250471059 189.84223788476012
164.85857285639108 188.8981770084742
163.44248154196222 187.9541161321883
160.9521174782299 188.75087577437083
159.76062512614348 188.75087577437083
158.56913277405707 188.75087577437083
157.37764042197065 188.75087577437083
156.1861480698842 188.75087577437083
154.9946557177978 188.75087577437083
153.80316336571138 188.75087577437083
152.61167101362494 188.75087577437083
151.42017866153853 189.14803989173294
150.22868630945212 189.94236812645724
149.0371939573657 189.54520400909507
148.2428657226414 190.73669636118152
147.05137337055496 191.53102459590582
146.2570451358307 192.72251694799223
145.85988101846854 193.91400930007865
145.85988101846854 195.10550165216506
145.85988101846854 196.29699400425147
145.85988101846854 197.48848635633792
145.85988101846854 198.67997870842433
146.2570451358307 199.87147106051074
147.05137337055496 201.06296341259718
147.44853748791712 202.2544557646836
148.2428657226414 203.44594811677004
149.4343580747278 204.2402763514943
150.62585042681425 204.63744046885645
151.8173427789007 205.0346045862186
153.0088351309871 205.43176870358073
154.20032748307352 205.43176870358073
154.9946557177978 206.226096938305
156.1861480698842 206.62326105566714
157.37764042197065 207.0204251730293
158.56913277405707 207.41758929039145
160.15778924350565 207.41758929039145
161.7464457129542 207.41758929039145
162.93793806504064 207.41758929039145
164.12943041712705 207.41758929039145
165.7180868865756 207.0204251730293
166.90957923866202 207.0204251730293
167.69075548524884 208.25142497233563
169.10684679967775 209.19548584862156
170.5229381141066 209.6675162867645
171.46699899039257 208.25142497233563
slice_number: 12
nb_points_on_contour: 130
142.6731422636719 248.37401221448735
140.78502051110007 247.42995133820142
137.95283788224228 245.0697991474866
136.06471612967042 244.1257382712007
134.64862481524153 243.18167739491477
133.23253350081265 242.23761651862887
131.81644218638377 241.76558608048583
130.4003508719549 241.76558608048583
128.51222911938305 240.82152520419996
127.09613780495417 239.87746432791405
125.68004649052529 239.87746432791405
124.2639551760964 239.87746432791405
122.84786386166766 240.34949476605698
121.90380298538187 241.76558608048583
120.48771167095293 241.76558608048583
119.0716203565238 241.2935556423429
117.65552904209491 240.82152520419996
115.29537685138013 240.34949476605698
114.48391574685945 241.17653926617342
115.67540809894587 241.57370338353556
115.67540809894587 242.76519573562197
115.67540809894587 243.9566880877084
115.67540809894587 245.1481804397948
115.67540809894587 246.33967279188124
115.67540809894587 247.53116514396766
115.67540809894587 248.72265749605407
117.26406456839442 249.11982161341624
118.45555692048083 249.11982161341624
119.64704927256724 249.11982161341624
120.83854162465366 249.9141498481405
122.03003397674016 250.31131396550265
123.22152632882657 251.10564220022692
123.22152632882657 252.29713455231337
123.22152632882657 253.48862690439978
123.22152632882657 254.6801192564862
125.20734691563723 255.47444749121047
126.39883926772364 255.47444749121047
127.59033161981009 255.47444749121047
128.7818239718965 255.47444749121047
129.9733163239829 256.2687757259348
131.16480867606933 257.0631039606591
132.35630102815577 257.4602680780212
132.7534651455179 258.65176043010763
132.7534651455179 259.843252782194
132.7534651455179 261.03474513428046
132.7534651455179 262.22623748636687
133.15062926288007 263.4177298384533
135.1206552533845 264.895077549491
138.42486832038523 264.895077549491
139.84095963481414 265.367107987634
141.25705094924302 265.367107987634
142.6731422636719 265.367107987634
144.0892335781008 265.8391384257769
145.50532489252967 265.8391384257769
146.92141620695855 265.8391384257769
148.33750752138744 265.8391384257769
149.75359883581635 265.8391384257769
151.1696901502452 265.367107987634
152.5857814646741 264.42304711134807
154.00187277910297 263.9510166732051
155.41796409353188 263.9510166732051
156.83405540796073 263.4789862350621
159.66623803681856 262.06289492063325
161.7464457129542 260.6375810169183
161.7464457129542 259.4460886648319
162.14360983031634 258.25459631274543
163.33510218240275 257.85743219538335
164.52659453448916 257.85743219538335
165.7180868865756 257.4602680780212
166.90957923866202 257.4602680780212
168.10107159074843 257.0631039606591
169.29256394283485 257.0631039606591
170.48405629492134 256.6659398432969
171.67554864700787 256.6659398432969
172.86704099909414 256.6659398432969
173.66136923381842 255.47444749121047
174.85286158590483 255.07728337384836
175.6471898206291 253.8857910217619
176.83868217271552 253.48862690439978
177.63301040743983 252.29713455231337
178.82450275952627 251.10564220022692
179.61883099425052 249.9141498481405
180.01599511161268 248.72265749605407
180.81032334633696 247.92832926132982
180.81032334633696 246.73683690924338
180.41315922897488 245.54534455715697
179.22166687688838 244.7510163224327
178.03017452480196 243.9566880877084
176.83868217271552 243.55952397034628
175.6471898206291 243.55952397034628
174.4556974685427 243.55952397034628
173.66136923381842 243.1623598529841
172.469876881732 242.76519573562197
171.27838452964556 242.36803161825983
170.08689217755915 242.36803161825983
168.89539982547274 242.36803161825983
167.70390747338632 242.36803161825983
166.51241512129988 242.36803161825983
165.32092276921347 242.36803161825983
164.12943041712705 242.36803161825983
162.93793806504064 241.9708675008977
161.7464457129542 241.9708675008977
160.5549533608678 241.9708675008977
159.36346100878134 241.9708675008977
158.1719686566949 241.9708675008977
156.9804763046085 241.9708675008977
155.78898395252207 241.9708675008977
154.59749160043566 241.9708675008977
153.40599924834922 242.36803161825983
152.61167101362494 243.55952397034628
151.42017866153853 244.35385220507052
150.62585042681428 245.54534455715697
149.83152219208995 246.73683690924338
149.0371939573657 247.92832926132982
149.0371939573657 249.11982161341624
149.0371939573657 250.31131396550265
149.4343580747278 251.5028063175891
148.2428657226414 252.29713455231337
148.2428657226414 254.28295513912406
148.2428657226414 255.47444749121047
147.84570160527926 256.6659398432969
146.65420925319285 256.6659398432969
145.46271690110643 256.6659398432969
144.27122454902002 256.2687757259348
144.27122454902002 255.07728337384836
143.47689631429571 255.47444749121047
143.07973219693358 254.28295513912406
142.28540396220927 253.0914627870376
142.28540396220927 251.8999704349512
142.28540396220927 250.7084780828648
slice_number: 15
nb_points_on_contour: 36
325.82095226314107 299.8253299720701
325.82095226314107 297.9372082194983
325.82095226314107 296.0490864669265
324.87689138685505 293.2169038380687
324.4048609487121 291.8008125236398
323.93283051056915 290.38472120921097
322.5167391961403 289.44066033292506
321.10064788171144 288.4965994566391
319.68455656728247 287.55253858035314
318.2684652528536 286.60847770406724
315.90831306213886 286.60847770406724
314.49222174771 286.60847770406724
312.6040999951381 287.0805081422102
311.18800868070923 287.0805081422102
309.77191736628026 287.0805081422102
309.2998869281373 288.4965994566391
308.3558260518514 289.91269077106796
307.88379561370846 291.8008125236398
307.4117651755655 293.2169038380687
308.3558260518514 294.63299515249764
309.77191736628026 295.57705602878355
311.18800868070923 296.52111690506945
312.6040999951381 297.46517778135535
314.02019130956694 297.9372082194983
315.90831306213886 298.8812690957842
318.2684652528536 300.2973604102132
319.68455656728247 301.2414212864991
319.68455656728247 302.65751260092793
320.15658700542554 304.0736039153568
321.5726783198544 305.48969522978575
322.98876963428324 305.9617256679287
324.4048609487121 306.43375610607166
326.2929827012839 307.37781698235756
328.1811044538558 307.8498474205005
329.5971957682847 308.7939082967864
331.01328708271353 309.26593873492936
nb_points_on_contour: 59
121.90380298538167 192.67442051361792
120.48771167095265 192.67442051361792
119.54365079466677 191.258329199189
118.12755948023789 190.78629876104606
116.71146816580901 190.31426832290308
114.82334641323718 189.8422378847601
113.40725509880829 189.8422378847601
111.99116378437941 189.8422378847601
110.57507246995053 189.8422378847601
109.1589811555217 189.8422378847601
107.74288984109278 189.8422378847601
106.32679852666388 189.8422378847601
104.910707212235 189.8422378847601
103.02258545966313 189.8422378847601
101.60649414523422 189.8422378847601
100.19040283080531 189.8422378847601
98.77431151637646 190.31426832290308
97.35822020194755 191.258329199189
96.88618976380462 192.67442051361792
95.94212888751869 194.09051182804674
95.47009844937574 195.97863358061863
94.52603757308978 198.81081620947637
94.52603757308978 200.6989379620482
94.52603757308978 203.05909015276302
94.52603757308978 204.47518146719193
94.52603757308978 205.89127278162078
94.52603757308978 207.30736409604967
94.05400713494686 209.19548584862156
94.05400713494686 211.0836076011934
94.05400713494686 212.97172935376523
94.05400713494686 214.38782066819408
94.05400713494686 215.80391198262302
94.05400713494686 217.22000329705187
95.47009844937574 218.16406417333778
96.88618976380462 218.16406417333778
102.17182810863306 218.53818457653136
102.17182810863306 217.34669222444495
102.17182810863306 216.15519987235854
102.17182810863306 214.56654340290996
102.56899222599519 213.37505105082354
103.76048457808162 212.9778869334614
104.95197693016806 212.9778869334614
106.93779751697873 212.9778869334614
108.12928986906519 213.37505105082354
109.3207822211516 213.37505105082354
110.90943869060015 212.58072281609927
112.10093104268663 212.58072281609927
113.68958751213515 212.58072281609927
114.88107986422156 212.58072281609927
116.07257221630798 212.58072281609927
117.26406456839442 212.58072281609927
118.45555692048083 213.37505105082354
118.45555692048083 214.56654340290996
119.54365079466677 212.97172935376523
120.01568123280973 211.55563803933637
120.95974210909571 209.66751628676448
120.95974210909571 208.25142497233563
120.95974210909571 206.36330321976376
120.95974210909571 204.9472119053349
