Study: 1.2.840.113704.1.111.2612.1091772232.1
Series: 1.2.840.113704.1.111.2612.1091772380.7
SpacingX: 0.8125
SpacingY: 0.8125
SpacingZ: 10.0

label: fibrosis
localisation: diffuse
slice_number: 7
nb_points_on_contour: 224
254.1510106400071 210.90525656864142
254.43218130260232 212.02993921902214
254.99452262779263 213.15462186940283
255.55686395298298 214.27930451978352
256.11920527817335 215.4039871701642
256.6815466033637 216.80984048314008
257.8062292537444 218.49686445871114
258.6497412415299 220.1838884342822
259.21208256672026 221.02740042206773
260.0555945545058 222.15208307244842
260.8991065422913 222.99559506023394
261.46144786748164 223.83910704801946
261.7426185300768 224.68261903580498
263.1484718430527 226.369643011376
263.710813168243 227.4943256617567
264.55432515602854 228.90017897473257
265.39783714381406 230.02486162511332
265.9601784690044 230.86837361289884
266.5225197941948 231.99305626327953
267.36603178198027 232.2742269258747
268.20954376976584 233.11773891366022
269.05305575755136 233.3989095762554
269.8965677453369 233.68008023885056
270.7400797331224 233.68008023885056
271.86476238350315 233.68008023885056
272.7082743712886 233.68008023885056
273.5517863590742 233.68008023885056
274.3952983468597 233.3989095762554
275.2388103346452 233.11773891366022
276.08232232243074 232.83656825106505
277.20700497281143 232.55539758846987
278.05051696059695 232.55539758846987
279.17519961097764 232.2742269258747
280.01871159876316 232.2742269258747
280.8622235865487 232.2742269258747
281.98690623692937 231.99305626327953
283.11158888731006 231.71188560068435
283.9551008750956 230.86837361289884
284.23627153769075 230.02486162511332
284.7986128628811 229.1813496373278
284.7986128628811 228.33783764954228
284.7986128628811 227.4943256617567
284.7986128628811 226.369643011376
284.7986128628811 225.5261310235905
284.7986128628811 224.68261903580498
284.7986128628811 223.83910704801946
284.7986128628811 222.99559506023394
284.7986128628811 222.15208307244842
284.5174422002859 221.3085710846629
284.23627153769075 220.46505909687733
283.9551008750956 219.62154710909186
283.9551008750956 218.77803512130635
283.6739302125004 217.9345231335208
283.6739302125004 217.09101114573528
283.6739302125004 216.24749915794973
283.6739302125004 215.12281650756904
283.9551008750956 214.27930451978352
284.5174422002859 213.435792531998
285.0797835254763 212.59228054421249
285.36095418807145 211.74876855642697
286.20446617585696 210.90525656864142
286.7668075010473 210.0617445808559
287.32914882623766 209.21823259307035
287.891490151428 208.37472060528484
288.45383147661835 207.53120861749935
288.73500213921363 206.40652596711863
289.29734346440387 205.00067265414276
289.8596847895942 204.15716066635724
290.1408554521895 203.03247801597655
290.42202611478467 201.90779536559583
290.70319677737984 201.06428337781034
290.70319677737984 200.2207713900248
290.70319677737984 199.37725940223928
290.70319677737984 198.53374741445376
290.70319677737984 197.6902354266682
290.70319677737984 196.8467234388827
290.70319677737984 196.00321145109717
290.70319677737984 195.15969946331165
290.70319677737984 194.31618747552614
290.70319677737984 193.47267548774062
290.70319677737984 192.6291634999551
290.9843674399749 191.78565151216958
290.70319677737984 190.94213952438406
289.8596847895942 189.81745687400334
289.0161728018088 188.97394488621782
288.1726608140232 188.1304328984323
287.32914882623766 187.56809157324193
286.20446617585696 187.28692091064676
285.6421248506666 186.16223826026607
284.7986128628811 185.31872627248055
284.23627153769075 184.19404362209985
283.6739302125004 183.35053163431434
283.11158888731006 182.50701964652882
282.5492475621197 181.6635076587433
281.98690623692937 180.81999567095778
281.14339424914385 180.25765434576743
280.29988226135833 179.69531302057706
279.4563702735728 179.13297169538671
278.6128582857873 178.57063037019637
278.3316876231921 177.72711838241085
278.05051696059695 176.8836063946253
278.05051696059695 176.04009440683978
278.05051696059695 175.19658241905427
278.3316876231921 174.35307043126875
278.6128582857873 173.50955844348323
279.17519961097764 172.6660464556977
280.01871159876316 172.10370513050736
280.5810529239535 171.26019314272185
281.424564911739 170.6978518175315
281.7057355743342 169.85433982974595
281.98690623692937 169.01082784196043
282.5492475621197 168.16731585417492
282.8304182247149 167.3238038663894
282.8304182247149 166.48029187860385
282.8304182247149 165.35560922822316
282.8304182247149 164.51209724043764
282.8304182247149 163.66858525265212
282.8304182247149 162.8250732648666
282.8304182247149 161.98156127708108
282.5492475621197 161.13804928929557
281.98690623692937 160.29453730151005
281.424564911739 159.4510253137245
280.8622235865487 158.60751332593898
280.29988226135833 157.4828306755583
279.737540936168 156.63931868777274
279.17519961097764 155.79580669998722
278.6128582857873 154.9522947122017
278.3316876231921 154.1087827244162
278.05051696059695 152.9841000740355
277.7693462980018 152.14058808624998
277.4881756354066 151.01590543586929
276.92583431021626 150.17239344808374
276.3634929850259 149.04771079770305
275.5199809972404 148.4853694725127
274.95763967205005 147.64185748472718
274.1141276842645 147.360686822132
272.98944503388384 146.79834549694164
272.1459330460983 146.51717483434646
271.30242105831275 145.67366284656094
270.4589090705273 145.67366284656094
269.6153970827417 145.39249218396577
268.77188509495613 145.39249218396577
267.92837310717067 145.39249218396577
267.0848611193851 145.39249218396577
266.2413491315996 145.39249218396577
265.39783714381406 145.67366284656094
264.55432515602854 146.51717483434646
264.27315449343337 147.360686822132
263.42964250564785 148.20419880991753
262.58613051786233 149.04771079770305
262.30495985526716 149.89122278548857
261.46144786748164 150.7347347732741
261.18027720488647 151.57824676105963
260.33676521710095 152.42175874884515
259.7744238919106 153.26527073663067
259.21208256672026 154.1087827244162
258.6497412415299 154.9522947122017
257.8062292537444 155.51463603739205
257.5250585911492 156.35814802517757
257.5250585911492 157.20166001296312
257.5250585911492 158.04517200074864
257.5250585911492 158.88868398853415
257.5250585911492 159.73219597631967
257.5250585911492 160.5757079641052
257.5250585911492 161.41921995189074
257.5250585911492 162.26273193967626
257.5250585911492 163.10624392746178
257.5250585911492 163.9497559152473
257.5250585911492 164.7932679030328
257.5250585911492 165.63677989081833
257.5250585911492 166.48029187860385
257.5250585911492 167.3238038663894
257.5250585911492 168.16731585417492
257.5250585911492 169.01082784196043
257.8062292537444 169.85433982974595
257.8062292537444 170.6978518175315
257.8062292537444 171.54136380531702
257.8062292537444 172.38487579310254
258.36857057893474 173.22838778088806
258.6497412415299 174.07189976867357
259.21208256672026 174.9154117564591
260.0555945545058 176.04009440683978
260.8991065422913 176.8836063946253
261.7426185300768 177.44594771981568
262.30495985526716 178.28945970760117
262.8673011804575 179.13297169538671
263.1484718430527 179.97648368317223
263.42964250564785 181.10116633355292
263.710813168243 181.94467832133847
263.710813168243 182.788190309124
263.710813168243 183.6317022969095
263.710813168243 184.47521428469503
263.710813168243 185.31872627248055
263.710813168243 186.44340892286124
263.710813168243 187.28692091064676
263.710813168243 188.1304328984323
263.710813168243 188.97394488621782
263.710813168243 189.81745687400334
264.27315449343337 190.6609688617889
264.55432515602854 191.5044808495744
264.55432515602854 192.34799283735993
264.55432515602854 193.19150482514544
264.55432515602854 194.03501681293096
264.55432515602854 194.87852880071648
264.55432515602854 195.722040788502
264.55432515602854 196.56555277628752
264.55432515602854 197.40906476407304
264.55432515602854 198.25257675185858
264.27315449343337 199.0960887396441
263.42964250564785 199.93960072742965
262.8673011804575 200.78311271521517
262.30495985526716 201.6266247030007
261.7426185300768 202.4701366907862
260.8991065422913 203.03247801597655
260.33676521710095 203.87599000376207
259.7744238919106 204.7195019915476
258.9309119041251 205.5630139793331
258.6497412415299 206.40652596711863
258.08739991633956 207.25003795490417
257.5250585911492 208.0935499426897
257.24388792855405 208.9370619304752
256.4003759407685 209.78057391826076
255.55686395298298 210.34291524345107
254.71335196519746 210.90525656864142
nb_points_on_contour: 267
169.79981186145474 143.42429754579956
169.2374705362644 142.58078555801404
168.39395854847888 142.0184442328237
167.83161722328853 140.893761582443
166.98810523550299 140.33142025725263
166.14459324771747 139.76907893206229
165.30108125993195 139.4879082694671
164.45756927214643 138.92556694427677
163.61405728436088 138.6443962816816
162.77054529657542 138.08205495649125
161.9270333087899 137.51971363130087
160.80235065840915 136.95737230611056
159.67766800802846 136.39503098092018
158.83415602024294 135.83268965572984
157.99064403245742 135.55151899313466
157.1471320446719 135.2703483305395
156.30362005688636 134.98917766794432
155.17893740650567 134.70800700534915
154.33542541872015 134.70800700534915
153.21074276833946 134.70800700534915
152.08606011795874 134.70800700534915
151.24254813017322 134.70800700534915
150.3990361423877 134.70800700534915
149.55552415460218 134.70800700534915
148.71201216681666 134.70800700534915
147.587329516436 135.2703483305395
146.74381752865048 135.55151899313466
145.9003055408649 135.55151899313466
145.0567935530794 136.113860318325
143.93211090269867 136.67620164351536
143.08859891491315 137.23854296870573
142.24508692712763 137.80088429389608
141.9639162645325 138.6443962816816
141.12040427674697 139.20673760687194
140.5580629515566 140.05024959465746
140.27689228896145 140.893761582443
139.71455096377107 141.73727357022852
139.43338030117593 142.58078555801404
138.87103897598556 143.42429754579956
138.5898683133904 144.26780953358508
138.30869765079524 145.1113215213706
138.02752698820004 145.95483350915612
137.7463563256049 146.79834549694164
137.7463563256049 147.64185748472718
137.4651856630097 148.4853694725127
137.1840150004145 149.3288814602982
137.1840150004145 150.17239344808374
137.1840150004145 151.01590543586929
137.4651856630097 151.8594174236548
138.02752698820004 152.70292941144032
138.5898683133904 153.54644139922584
139.43338030117593 154.38995338701136
139.99572162636628 155.23346537479688
140.27689228896145 156.0769773625824
141.12040427674697 156.63931868777274
141.9639162645325 157.4828306755583
141.9639162645325 158.32634266334384
141.9639162645325 159.1698546511293
141.9639162645325 160.01336663891487
141.6827456019373 160.8568786267004
141.12040427674697 161.7003906144859
140.5580629515566 162.54390260227143
139.99572162636628 163.38741459005695
139.15220963858076 164.23092657784247
138.30869765079524 165.074438565628
137.4651856630097 165.35560922822316
136.62167367522414 165.9179505534135
135.77816168743863 166.48029187860385
135.21582036224828 167.32380386638943
134.37230837446276 167.60497452898457
133.52879638667724 168.4484865167701
132.68528439889172 169.01082784196043
131.8417724111062 169.2919985045556
130.9982604233207 169.57316916715075
130.15474843553517 169.85433982974595
129.31123644774965 170.13551049234115
128.46772445996413 170.41668115493633
127.62421247217858 170.41668115493633
126.78070048439305 170.41668115493633
125.93718849660753 170.41668115493633
125.09367650882201 170.41668115493633
124.2501645210365 170.6978518175315
123.40665253325095 171.26019314272185
122.84431120806062 172.10370513050736
122.56314054546543 172.94721711829288
122.56314054546543 173.7907291060784
122.56314054546543 174.63424109386392
122.56314054546543 175.47775308164944
122.56314054546543 176.32126506943496
122.56314054546543 177.16477705722048
122.84431120806062 178.00828904500602
123.40665253325095 178.85180103279154
123.96899385844131 179.69531302057706
124.53133518363165 180.5388250083626
125.37484717141717 181.38233699614813
126.21835915920272 181.94467832133847
126.49952982179788 182.788190309124
127.3430418095834 183.06936097171916
127.90538313477374 183.91287295950468
128.7488951225593 184.7563849472902
129.31123644774965 185.59989693507572
129.59240711034482 186.44340892286124
130.15474843553517 187.28692091064676
130.9982604233207 188.1304328984323
131.8417724111062 188.69277422362265
132.68528439889172 189.255115548813
132.68528439889172 190.0986275365985
132.68528439889172 190.94213952438406
132.68528439889172 191.78565151216958
133.24762572408204 192.6291634999551
133.8099670492724 193.47267548774062
134.37230837446276 194.31618747552614
134.6534790370579 195.15969946331165
135.21582036224828 196.00321145109717
136.05933235003386 196.8467234388827
136.62167367522414 197.6902354266682
137.1840150004145 198.53374741445376
137.7463563256049 199.3772594022393
138.30869765079524 200.2207713900248
138.30869765079524 201.06428337781034
138.87103897598556 201.90779536559583
139.43338030117593 202.75130735338138
139.99572162636628 203.5948193411669
140.5580629515566 204.43833132895242
141.12040427674697 205.28184331673793
141.9639162645325 205.84418464192828
142.52625758972283 206.68769662971383
143.36976957750835 206.96886729230897
144.21328156529387 207.8123792800945
145.0567935530794 208.65589126788004
145.9003055408649 209.21823259307035
146.74381752865048 209.78057391826076
147.587329516436 210.34291524345107
148.43084150422152 210.90525656864142
149.27435349200704 211.4675978938318
150.11786547979256 211.74876855642697
150.68020680498287 212.59228054421249
151.52371879276842 212.87345120680766
152.6484014431491 213.435792531998
153.77308409352977 213.99813385718835
154.61659608131532 214.27930451978352
155.46010806910084 214.27930451978352
156.30362005688636 214.27930451978352
157.1471320446719 214.27930451978352
157.99064403245742 214.27930451978352
158.55298535764777 213.435792531998
159.3964973454333 212.87345120680766
159.3964973454333 212.02993921902214
159.3964973454333 211.18642723123662
159.3964973454333 210.34291524345107
159.3964973454333 209.49940325566556
159.3964973454333 208.65589126788004
159.3964973454333 207.8123792800945
159.3964973454333 206.96886729230897
159.11532668283812 206.12535530452345
158.27181469505257 205.28184331673793
157.42830270726705 204.43833132895242
156.5847907194816 203.87599000376207
155.741278731696 203.31364867857172
154.8977667439105 203.31364867857172
154.05425475612498 202.75130735338138
153.21074276833946 202.4701366907862
152.36723078055394 202.4701366907862
151.52371879276842 202.18896602819103
150.68020680498287 202.18896602819103
149.83669481719735 202.18896602819103
148.99318282941184 202.18896602819103
148.14967084162632 201.90779536559583
147.3061588538408 201.3454540404055
146.46264686605525 200.78311271521517
145.61913487826973 199.93960072742965
145.33796421567462 198.8149180770489
144.77562289048421 197.97140608926344
144.77562289048421 197.12789410147786
144.77562289048421 196.28438211369235
145.0567935530794 195.44087012590683
145.0567935530794 194.5973581381213
145.0567935530794 193.7538461503358
145.0567935530794 192.91033416255027
145.0567935530794 192.06682217476475
144.77562289048421 191.22331018697923
144.77562289048421 190.37979819919371
144.77562289048421 189.5362862114082
144.77562289048421 188.69277422362265
144.77562289048421 187.84926223583713
145.33796421567462 187.00575024805158
146.18147620346014 186.16223826026607
147.02498819124565 185.31872627248055
148.14967084162632 184.47521428469503
148.71201216681666 183.6317022969095
149.83669481719735 183.06936097171916
150.68020680498287 182.50701964652882
151.52371879276842 182.50701964652882
152.36723078055394 182.50701964652882
153.21074276833946 182.50701964652882
154.05425475612498 182.50701964652882
154.8977667439105 182.50701964652882
156.0224493942912 182.50701964652882
156.8659613820767 182.788190309124
157.70947336986225 182.788190309124
158.55298535764777 182.788190309124
159.3964973454333 182.788190309124
160.2400093332188 182.788190309124
161.08352132100433 182.788190309124
161.9270333087899 182.50701964652882
162.77054529657542 182.22584898393364
163.61405728436088 181.38233699614813
163.89522794695608 180.5388250083626
164.17639860955126 179.69531302057706
164.17639860955126 178.85180103279154
163.89522794695608 177.72711838241088
163.33288662176574 176.8836063946253
162.77054529657542 175.7589237442446
161.9270333087899 175.19658241905427
161.08352132100433 174.63424109386392
160.52117999581398 173.7907291060784
159.67766800802846 173.22838778088806
159.11532668283812 172.38487579310254
158.55298535764777 171.54136380531702
157.99064403245742 170.6978518175315
157.70947336986225 169.85433982974595
157.70947336986225 169.2919985045556
157.70947336986225 168.4484865167701
157.70947336986225 167.60497452898457
157.70947336986225 166.76146254119902
157.70947336986225 165.9179505534135
157.99064403245745 165.074438565628
158.5529853576478 164.23092657784247
159.39649734543332 163.66858525265212
160.24000933321884 163.10624392746178
161.08352132100435 162.8250732648666
161.9270333087899 162.54390260227143
161.3646919835995 163.9497559152473
161.3646919835995 165.074438565628
161.64586264619467 166.19912121600868
162.20820397138502 167.32380386638943
162.77054529657542 168.1673158541749
163.61405728436088 169.01082784196043
164.45756927214643 169.01082784196043
165.58225192252712 169.01082784196043
167.2692758980982 168.1673158541749
168.11278788588373 167.32380386638943
168.9562998736692 166.19912121600868
169.51864119885957 165.074438565628
169.51864119885957 163.9497559152473
169.51864119885957 163.10624392746178
169.51864119885957 162.26273193967626
169.51864119885957 161.41921995189074
169.51864119885957 160.5757079641052
169.51864119885957 159.4510253137245
169.51864119885957 158.60751332593898
169.51864119885957 157.76400133815343
169.51864119885957 156.92048935036792
169.51864119885957 156.0769773625824
169.51864119885957 155.23346537479688
169.51864119885957 154.38995338701136
169.51864119885957 153.26527073663067
169.51864119885957 152.42175874884515
169.51864119885957 151.57824676105963
169.51864119885957 150.4535641106789
169.51864119885957 149.6100521228934
169.51864119885957 148.4853694725127
169.51864119885957 147.64185748472718
169.51864119885957 146.79834549694164
169.51864119885957 145.95483350915612
169.51864119885957 145.1113215213706
169.51864119885957 144.26780953358508
slice_number: 8
nb_points_on_contour: 211
170.08098252404994 150.17239344808374
170.6433238492403 149.32888146029822
171.4868358370258 148.76654013510787
172.04917716221615 147.64185748472718
172.61151848740653 146.79834549694164
173.45503047519205 145.95483350915612
174.29854246297757 145.1113215213706
175.14205445076308 144.54898019618025
175.70439577595343 143.70546820839473
176.2667371011438 142.86195622060922
177.11024908892932 142.29961489541887
177.95376107671484 141.45610290763335
178.5161024019052 140.61259091984783
179.07844372709553 139.76907893206229
179.07844372709553 138.92556694427677
179.07844372709553 138.08205495649125
179.07844372709553 136.95737230611056
178.5161024019052 136.113860318325
178.23493173930999 135.2703483305395
177.39141975152447 134.70800700534915
177.11024908892932 133.86449501756363
176.2667371011438 133.0209830297781
175.14205445076308 132.45864170458776
174.29854246297757 131.61512971680224
173.45503047519205 131.33395905420707
172.61151848740653 130.77161772901673
171.768006499621 129.92810574123118
170.92449451183546 129.36576441604083
170.08098252404994 128.8034230908505
169.23747053626442 128.5222524282553
168.3939585484789 128.24108176566014
167.55044656069336 127.95991110306497
166.70693457290784 127.95991110306497
165.86342258512232 127.6787404404698
165.0199105973368 127.39756977787462
163.8952279469561 127.39756977787462
162.77054529657542 127.39756977787462
161.9270333087899 127.11639911527945
161.08352132100435 127.11639911527945
160.24000933321884 127.11639911527945
159.39649734543332 127.11639911527945
158.5529853576478 127.11639911527945
157.70947336986225 126.83522845268428
156.86596138207673 126.83522845268428
156.02244939429121 126.83522845268428
155.1789374065057 126.83522845268428
154.33542541872018 126.55405779008909
153.49191343093463 126.55405779008909
152.36723078055394 126.55405779008909
151.52371879276842 126.27288712749393
150.6802068049829 126.27288712749393
149.5555241546022 126.27288712749393
148.7120121668167 126.27288712749393
147.86850017903114 126.27288712749393
147.02498819124565 126.27288712749393
146.18147620346014 126.27288712749393
145.33796421567462 126.27288712749393
144.49445222788904 126.27288712749393
143.65094024010352 126.27288712749393
142.807428252318 126.27288712749393
141.9639162645325 126.27288712749393
141.12040427674697 126.27288712749393
140.27689228896145 126.27288712749393
139.43338030117593 126.55405779008909
138.5898683133904 126.83522845268428
137.7463563256049 127.6787404404698
136.90284433781937 128.5222524282553
136.05933235003386 129.36576441604083
135.4969910248435 130.20927640382635
134.65347903705793 130.77161772901673
134.09113771186762 131.61512971680224
133.24762572408207 132.1774710419926
132.40411373629655 132.45864170458776
131.56060174851103 132.73981236718294
130.71708976072551 133.30215369237328
130.15474843553517 134.1456656801588
129.31123644774965 134.98917766794432
128.7488951225593 135.83268965572984
128.18655379736896 136.67620164351536
127.34304180958341 137.5197136313009
126.49952982179789 138.6443962816816
125.65601783401237 139.4879082694671
125.3748471714172 140.33142025725263
124.53133518363168 140.893761582443
123.96899385844132 141.73727357022852
123.40665253325098 142.58078555801404
122.84431120806065 143.42429754579956
122.0007992202751 143.9866388709899
121.71962855767994 144.83015085877543
120.87611656989442 145.67366284656094
120.03260458210889 146.51717483434646
119.47026325691853 147.360686822132
118.34558060653785 148.20419880991753
117.78323928134749 149.32888146029822
116.93972729356197 150.17239344808374
116.37738596837163 151.01590543586929
115.81504464318127 151.8594174236548
115.25270331799092 152.70292941144032
114.69036199280058 153.54644139922584
113.84685000501506 154.38995338701136
113.2845086798247 155.23346537479688
112.44099669203918 156.0769773625824
111.59748470425366 156.92048935036792
110.75397271646813 157.4828306755583
110.19163139127778 158.3263426633438
109.34811940349226 158.88868398853415
108.7857780783019 159.73219597631967
108.22343675311156 160.8568786267004
108.22343675311156 161.7003906144859
107.94226609051638 162.54390260227143
107.94226609051638 163.66858525265212
107.94226609051638 164.51209724043764
107.94226609051638 165.35560922822316
108.50460741570674 166.19912121600868
108.7857780783019 167.3238038663894
109.34811940349226 168.16731585417492
109.62929006608744 169.01082784196043
110.75397271646813 170.13551049234115
111.59748470425366 170.97902248012667
112.44099669203918 171.8225344679122
113.2845086798247 172.10370513050736
114.12802066761023 172.6660464556977
114.97153265539575 173.7907291060784
116.09621530577644 174.35307043126875
117.22089795615715 174.9154117564591
118.06440994394266 175.19658241905427
118.9079219317282 175.47775308164944
119.75143391951372 175.7589237442446
120.59494590729923 175.7589237442446
121.43845789508475 176.32126506943496
122.28196988287029 176.32126506943496
123.40665253325098 176.60243573203013
124.25016452103651 176.8836063946253
125.65601783401237 176.8836063946253
126.49952982179789 177.16477705722048
127.34304180958341 177.16477705722048
128.46772445996413 177.16477705722048
129.31123644774965 177.16477705722048
130.15474843553517 177.16477705722048
130.9982604233207 177.16477705722048
131.8417724111062 177.16477705722048
132.68528439889172 177.16477705722048
133.52879638667727 176.8836063946253
134.3723083744628 176.04009440683978
135.2158203622483 175.47775308164944
135.77816168743865 174.63424109386392
136.62167367522417 174.07189976867357
136.90284433781937 173.22838778088806
137.46518566300972 172.38487579310254
138.30869765079524 172.10370513050736
138.87103897598558 171.26019314272185
139.15220963858076 170.41668115493633
139.7145509637711 169.57316916715078
140.55806295155662 168.72965717936526
141.12040427674697 167.88614519157971
141.6827456019373 167.0426332037942
142.52625758972283 166.48029187860385
143.36976957750838 165.63677989081833
144.2132815652939 165.074438565628
145.05679355307942 165.074438565628
145.90030554086493 165.074438565628
146.74381752865048 165.074438565628
147.587329516436 165.074438565628
148.43084150422152 165.074438565628
148.99318282941186 164.23092657784247
149.27435349200704 163.38741459005695
149.27435349200704 162.54390260227143
149.27435349200704 161.7003906144859
148.7120121668167 160.8568786267004
148.43084150422152 160.01336663891487
147.86850017903114 159.16985465112933
147.587329516436 158.3263426633438
146.74381752865048 157.4828306755583
146.18147620346014 156.63931868777274
145.61913487826976 155.79580669998722
145.33796421567462 154.9522947122017
145.33796421567462 154.1087827244162
145.33796421567462 153.26527073663067
145.33796421567462 152.42175874884515
145.33796421567462 151.57824676105963
145.61913487826976 150.7347347732741
145.90030554086493 149.89122278548857
146.46264686605528 149.04771079770305
147.30615885384083 148.4853694725127
148.14967084162635 147.92302814732236
148.7120121668167 147.07951615953684
149.5555241546022 146.79834549694164
150.39903614238773 146.2360041717513
151.24254813017325 145.95483350915612
152.08606011795877 145.95483350915612
152.92957210574428 145.95483350915612
153.7730840935298 145.95483350915612
154.61659608131535 145.95483350915612
155.46010806910087 145.95483350915612
156.3036200568864 145.95483350915612
157.42830270726708 146.2360041717513
158.2718146950526 146.51717483434646
159.11532668283814 147.07951615953684
159.95883867062366 147.360686822132
160.80235065840918 147.360686822132
161.9270333087899 147.64185748472718
162.77054529657542 147.92302814732236
163.6140572843609 147.92302814732236
164.45756927214646 148.4853694725127
165.30108125993198 148.4853694725127
166.1445932477175 148.4853694725127
166.988105235503 148.4853694725127
167.83161722328856 148.76654013510787
168.67512921107408 148.76654013510787
169.5186411988596 148.76654013510787
170.36215318664512 148.76654013510787
nb_points_on_contour: 132
285.36095418807145 157.20166001296312
284.5174422002858 156.35814802517757
283.6739302125004 155.51463603739205
282.8304182247149 154.67112404960653
281.98690623692937 154.1087827244162
281.1433942491438 152.9841000740355
280.29988226135833 152.70292941144032
279.17519961097764 151.8594174236548
278.331687623192 151.29707609846446
277.4881756354065 150.7347347732741
276.6446636476211 150.4535641106789
275.23881033464505 149.6100521228934
274.1141276842644 149.3288814602982
273.270615696479 149.3288814602982
272.4271037086933 149.3288814602982
271.5835917209079 149.6100521228934
270.74007973312234 150.17239344808374
270.1777384079318 151.01590543586929
269.05305575755125 152.14058808624998
268.771885094956 152.9841000740355
268.20954376976584 153.82761206182101
267.92837310717067 154.67112404960653
267.36603178198027 155.51463603739205
267.0848611193851 156.35814802517757
267.0848611193851 157.4828306755583
266.8036904567898 158.88868398853415
266.8036904567898 160.01336663891487
266.8036904567898 161.13804928929557
266.8036904567898 162.26273193967626
266.8036904567898 163.10624392746178
266.8036904567898 164.23092657784247
266.8036904567898 165.074438565628
266.8036904567898 166.19912121600868
266.8036904567898 167.32380386638943
266.8036904567898 168.1673158541749
266.8036904567898 169.01082784196043
266.8036904567898 169.85433982974595
266.8036904567898 170.6978518175315
266.8036904567898 171.54136380531702
266.8036904567898 172.38487579310254
266.5225197941947 173.22838778088806
266.5225197941947 174.07189976867357
266.2413491315995 174.9154117564591
266.2413491315995 175.7589237442446
266.2413491315995 176.60243573203013
266.2413491315995 177.44594771981568
266.2413491315995 178.28945970760117
266.2413491315995 179.13297169538674
266.2413491315995 179.9764836831722
266.2413491315995 180.81999567095778
266.5225197941947 181.6635076587433
266.5225197941947 182.50701964652882
266.8036904567898 183.35053163431434
267.0848611193851 184.19404362209985
267.36603178198027 185.03755560988537
267.36603178198027 185.8810675976709
267.36603178198027 186.72457958545644
267.64720244457544 187.56809157324193
267.92837310717067 188.69277422362265
268.20954376976584 189.5362862114082
269.05305575755125 189.81745687400334
269.3342264201464 190.6609688617889
270.1777384079318 191.22331018697923
271.30242105831275 192.06682217476475
272.1459330460983 192.6291634999551
272.98944503388384 193.19150482514544
274.1141276842644 194.03501681293096
274.95763967205 194.31618747552614
275.80115165983557 194.87852880071648
276.92583431021626 195.15969946331165
277.7693462980017 195.44087012590683
278.89402894838247 195.722040788502
279.737540936168 195.722040788502
280.5810529239534 195.722040788502
281.42456491173897 195.722040788502
282.5492475621197 196.00321145109717
283.39275954990524 196.28438211369235
284.23627153769064 196.28438211369235
285.36095418807145 196.28438211369235
286.48563683845214 196.28438211369235
287.32914882623766 196.28438211369235
288.45383147661823 196.28438211369235
289.57851412699904 196.28438211369235
290.70319677737984 196.28438211369235
291.54670876516536 196.00321145109717
292.3902207529509 195.722040788502
293.2337327407363 195.15969946331165
293.79607406592675 194.31618747552614
294.63958605371226 193.7538461503358
295.4830980414978 193.19150482514544
296.3266100292832 192.34799283735993
297.1701220170688 191.78565151216958
297.73246334225917 190.94213952438406
298.5759753300447 190.0986275365985
299.4194873178301 189.255115548813
299.70065798042526 188.41160356102745
299.98182864302044 187.56809157324193
300.82534063080607 187.00575024805158
300.82534063080607 186.16223826026607
300.82534063080607 185.31872627248055
300.82534063080607 184.47521428469503
300.82534063080607 183.6317022969095
300.5441699682109 182.788190309124
300.5441699682109 181.94467832133847
300.2629993056157 181.10116633355292
299.7006579804254 180.25765434576743
299.4194873178302 179.41414235798192
298.85714599263986 178.57063037019637
298.2948046674495 177.72711838241085
297.73246334225917 176.8836063946253
297.1701220170688 176.04009440683978
296.3266100292833 175.19658241905427
296.04543936668813 174.35307043126875
295.4830980414978 173.50955844348323
295.2019273789026 172.6660464556977
294.92075671630744 171.8225344679122
294.3584153911171 170.97902248012667
294.0772447285219 170.13551049234115
293.79607406592675 169.2919985045556
293.5149034033316 168.4484865167701
292.9525620781412 167.3238038663894
292.3902207529509 166.19912121600868
291.54670876516536 165.35560922822316
290.9843674399749 164.51209724043764
290.42202611478467 163.66858525265212
289.8596847895942 162.8250732648666
289.0161728018088 161.98156127708108
288.1726608140232 161.13804928929557
287.32914882623766 160.29453730151005
286.7668075010473 159.4510253137245
285.9232955132618 158.88868398853415
286.20446617585696 158.32634266334384
slice_number: 9
nb_points_on_contour: 125
264.9789745420673 177.13540526367933
265.22956815888097 178.1377797309339
265.98134900932183 178.88956058137478
266.9837234765764 179.6413414318157
267.98609794383094 180.14252866544297
268.73787879427186 180.64371589907023
269.99084687834 181.14490313269752
270.7426277287809 181.64609036632478
271.99559581284916 181.89668398313842
272.74737666329 182.14727759995208
273.4991575137309 182.39787121676568
274.2509383641719 182.64846483357934
275.00271921461274 182.89905845039297
275.75450006505366 183.1496520672066
277.00746814912185 183.40024568402023
277.7592489995628 183.40024568402023
279.0122170836309 183.40024568402023
280.0145915508855 183.40024568402023
281.01696601814 183.40024568402023
281.76874686858093 183.40024568402023
283.0217149526491 183.40024568402023
284.02408941990365 183.40024568402023
285.02646388715823 183.1496520672066
286.0288383544127 182.89905845039297
286.7806192048537 182.64846483357934
287.7829936721082 182.39787121676568
288.78536813936273 182.14727759995208
289.53714898980365 181.89668398313842
290.2889298402446 181.64609036632478
291.2913043074991 181.14490313269752
292.5442723915673 180.64371589907023
293.29605324200816 180.39312228225663
294.0478340924491 180.14252866544297
295.0502085597036 179.6413414318157
295.8019894101446 179.14015419818844
296.55377026058545 178.63896696456118
297.3055511110263 178.1377797309339
298.3079255782809 177.385998880493
298.80911281190816 176.63421803005207
299.5608936623491 175.88243717961114
299.81148727916275 175.13065632917025
300.31267451279 174.37887547872936
300.31267451279 173.62709462828843
300.31267451279 172.37412654422025
300.31267451279 171.62234569377935
300.31267451279 170.87056484333846
299.81148727916275 169.61759675927027
299.5608936623491 168.86581590882935
299.3103000455355 167.61284782476116
298.80911281190816 166.86106697432027
298.5585191950945 165.8586925070657
298.0573319614673 164.85631803981119
297.80673834465364 164.10453718937026
297.3055511110263 163.10216272211574
296.80436387739906 162.09978825486115
296.55377026058545 160.846820170793
296.3031766437718 160.0950393203521
296.0525830269582 158.8420712362839
295.5513957933309 157.83969676902936
295.30080217651727 156.8373223017748
294.79961494289 156.0855414513339
294.0478340924491 154.83257336726572
293.7972404756355 154.08079251682483
293.29605324200816 153.07841804957027
292.7948660083809 152.32663719912938
292.29367877475363 151.57485634868846
291.79249154112637 150.82307549824756
291.04071069068544 150.32188826462027
290.2889298402446 149.57010741417938
289.53714898980365 149.06892018055208
288.78536813936273 148.3171393301112
288.0335872889218 147.81595209648393
287.28180643848094 147.31476486285663
286.53002558804 146.56298401241574
285.7782447375991 146.06179677878848
285.27705750397183 145.31001592834755
284.5252766535309 144.55823507790666
283.77349580309 143.80645422746574
283.2723085694627 143.05467337702484
282.5205277190218 142.55348614339755
281.76874686858093 142.0522989097703
281.01696601814 142.0522989097703
280.2651851676991 142.30289252658392
279.5134043172582 142.55348614339755
278.51102985000364 143.30526699383847
277.7592489995628 144.0570478442794
277.00746814912185 144.8088286947203
276.5062809154946 145.56060954516118
276.0050936818673 146.3123903956021
275.50390644824 147.064171246043
275.25331283142634 147.81595209648393
275.00271921461274 148.81832656373848
274.75212559779914 149.57010741417938
274.5015319809855 150.82307549824756
274.2509383641719 152.07604358231572
274.2509383641719 153.3290116663839
274.2509383641719 154.33138613363846
274.2509383641719 155.33376060089302
274.2509383641719 156.0855414513339
274.2509383641719 157.08791591858846
274.2509383641719 157.83969676902936
274.2509383641719 159.09266485309755
274.2509383641719 160.0950393203521
274.2509383641719 161.09741378760663
274.2509383641719 161.84919463804755
274.2509383641719 162.60097548848847
274.2509383641719 163.35275633892937
274.0003447473582 164.10453718937026
274.0003447473582 165.35750527343845
274.0003447473582 166.10928612387937
273.74975113054455 166.86106697432027
273.74975113054455 167.61284782476116
273.74975113054455 168.36462867520208
272.99797028010363 168.61522229201572
272.24618942966276 169.116409525643
271.49440857922184 169.3670031424566
270.9932213455946 170.11878399289753
270.24144049515365 170.6199712265248
269.48965964471273 171.12115846015206
268.4872851774582 171.62234569377935
268.23669156064454 172.37412654422025
267.4849107102037 172.8753137778475
266.9837234765764 173.62709462828843
266.4825362429491 174.37887547872936
265.73075539250823 174.88006271235662
slice_number: 11
nb_points_on_contour: 186
150.45769165823543 235.02253074762928
149.20472357416742 233.5189690467475
148.2023491069127 232.2660009626793
146.94938102284465 231.0130328786111
145.4458193219627 229.76006479454293
144.19285123789467 228.50709671047474
142.68928953701277 227.25412862640655
141.18572783613104 226.25175415915203
139.9327597520628 225.2493796918975
138.93038528480832 224.24700522464292
137.67741720074002 223.495224374202
136.92563635029921 222.74344352376113
135.9232618830447 221.7410690565066
134.6702937989765 220.48810097243836
133.66791933172198 219.7363201219975
132.91613848128094 218.98453927155657
131.91376401402653 218.23275842111565
131.1619831635856 217.73157118748838
130.15960869633102 216.97979033704746
129.40782784589015 216.4786031034202
128.40545337863546 215.72682225297928
127.40307891138096 214.97504140253838
126.15011082731277 213.97266693528383
124.64654912643095 212.9702924680293
123.3935810423628 211.96791800077477
121.63942572466733 210.9655435335202
120.1358640237855 209.96316906626566
118.1311150892764 208.71020098219748
116.37695977158097 207.70782651494295
114.87339807069912 206.70545204768842
113.36983636981743 205.9536711972475
111.87865536684878 205.28184331673793
111.03514337906321 205.28184331673793
110.19163139127778 205.5630139793331
109.34811940349226 206.40652596711863
108.50460741570674 206.96886729230897
107.94226609051631 207.8123792800945
107.37992476532598 208.65589126788004
107.0987541027308 209.49940325566556
106.81758344013565 210.34291524345107
106.81758344013565 211.18642723123662
106.53641277754046 212.02993921902214
106.53641277754046 212.87345120680766
106.25524211494528 213.71696319459318
105.97407145235013 214.5604751823787
105.4117301271598 215.4039871701642
104.84938880196947 216.24749915794973
104.56821813937428 217.09101114573528
104.56821813937428 218.21569379611594
104.56821813937428 219.05920578390146
104.56821813937428 220.1838884342822
104.56821813937428 221.3085710846629
104.56821813937428 222.4332537350436
104.56821813937428 223.55793638542428
104.56821813937428 224.4014483732098
104.56821813937428 225.5261310235905
104.56821813937428 226.369643011376
104.84938880196947 227.21315499916153
104.84938880196947 228.33783764954228
105.13055946456461 229.1813496373278
105.4117301271598 230.02486162511332
105.4117301271598 231.149544275494
105.69290078975494 231.99305626327953
105.69290078975494 232.83656825106505
105.69290078975494 233.68008023885056
105.97407145235013 235.08593355182643
105.97407145235013 235.92944553961195
106.25524211494529 237.3352988525878
106.25524211494529 238.1788108403734
106.53641277754046 239.0223228281589
106.53641277754046 239.86583481594437
106.81758344013565 240.7093468037299
107.09875410273081 241.55285879151546
107.37992476532598 242.39637077930098
107.94226609051633 243.52105342968167
108.22343675311149 244.3645654174672
108.78577807830185 245.2080774052527
109.06694874089708 246.05158939303823
109.34811940349226 246.89510138082375
109.9104607286826 247.73861336860926
109.9104607286826 248.58212535639484
110.47280205387293 249.42563734418036
110.75397271646811 250.26914933196588
111.31631404165844 251.1126613197514
111.5974847042536 251.95617330753691
112.15982602944396 253.0808559579176
112.7221673546343 254.2055386082983
113.00333801722947 255.04905059608382
113.28450867982464 255.89256258386933
113.5656793424198 257.01724523425
114.12802066761017 257.86075722203555
114.69036199280058 258.70426920982106
114.97153265539569 259.5477811976066
115.5338739805861 260.39129318539216
116.37738596837157 261.2348051731777
117.50206861875228 262.0783171609632
118.62675126913295 262.9218291487487
119.1890925943233 263.76534113653423
120.03260458210882 264.3276824617246
120.8761165698944 264.8900237869149
122.00079922027504 265.73353577470044
122.5631405454654 266.57704776248596
123.40665253325092 267.1393890876763
124.25016452103645 267.70173041286665
125.09367650882197 267.9829010754619
125.93718849660749 268.8264130632474
126.78070048439301 269.38875438843775
127.62421247217854 270.23226637622327
128.18655379736887 271.0757783640088
128.7488951225593 271.63811968919913
129.31123644774965 272.48163167698465
129.87357777293994 273.32514366477017
130.43591909813034 274.44982631515086
130.9982604233207 275.2933383029364
131.56060174851098 276.1368502907219
132.4041137362965 277.2615329411026
132.9664550614869 278.1050449288881
133.52879638667724 278.3862155914833
134.37230837446276 278.3862155914833
135.4969910248435 278.66738625407845
136.34050301262897 279.22972757926885
137.1840150004145 279.22972757926885
138.30869765079524 279.22972757926885
139.15220963858076 279.22972757926885
140.27689228896145 279.51089824186397
141.12040427674697 279.51089824186397
142.24508692712763 279.51089824186397
143.08859891491315 279.51089824186397
143.93211090269867 279.51089824186397
145.0567935530794 279.51089824186397
146.18147620346014 279.51089824186397
147.3061588538408 279.7920689044592
148.43084150422152 279.7920689044592
148.99318282941186 280.9167515548399
149.5555241546022 280.0732395670544
150.39903614238773 279.51089824186397
151.24254813017325 279.22972757926885
152.08606011795877 278.9485569166736
152.36723078055394 278.1050449288881
153.2107427683395 277.54270360369776
154.054254756125 276.69919161591224
154.33542541872018 275.8556796281267
154.89776674391052 275.0121676403412
155.46010806910087 274.1686556525557
156.02244939429121 273.32514366477017
156.3036200568864 272.48163167698465
156.86596138207673 271.63811968919913
157.14713204467193 270.7946077014136
157.42830270726708 269.95109571362804
157.42830270726708 269.1075837258425
157.42830270726708 268.264071738057
157.42830270726708 267.4205597502715
157.42830270726702 266.85821842508113
157.42830270726702 266.0147064372956
157.42830270726702 265.1711944495101
157.14713204467188 264.3276824617246
156.86596138207668 262.9218291487487
156.86596138207668 262.0783171609632
156.5847907194816 261.2348051731777
156.02244939429116 260.1101225227969
155.4601080691008 259.2666105350114
155.4601080691008 258.4230985472259
154.89776674391047 257.57958655944043
154.6165960813153 256.73607457165485
154.33542541872012 255.89256258386933
154.05425475612498 254.76787993348864
154.05425475612498 253.92436794570312
153.77308409352975 253.0808559579176
153.21074276833946 252.2373439701321
152.92957210574423 251.39383198234657
152.6484014431491 250.55031999456105
152.36723078055394 249.70680800677547
152.0860601179587 248.86329601898996
151.52371879276842 247.73861336860926
150.96137746757807 246.61393071822857
150.68020680498284 245.77041873044305
150.11786547979256 244.92690674265754
150.11786547979256 244.08339475487202
149.55552415460215 242.95871210449133
149.55552415460215 242.1152001167058
149.55552415460215 241.2716881289203
149.55552415460215 240.42817614113477
149.55552415460215 239.30349349075402
149.83669481719733 238.4599815029685
149.83669481719733 237.61646951518298
150.68020680498284 237.05412818999264
slice_number: 12
nb_points_on_contour: 216
182.0324873767537 250.80992860688838
181.28070652631274 250.30874137326106
180.77951929268553 249.5569605228202
180.02773844224458 249.30636690600653
179.2759575918037 248.80517967237927
178.2735831245491 248.303992438752
177.5218022741082 247.55221158831108
176.77002142366732 247.30161797149748
176.0182405732264 246.80043073787016
175.01586610597187 246.2992435042429
173.455030475192 246.05158939303823
172.61151848740647 245.77041873044305
171.76800649962095 245.48924806784788
170.64332384924023 245.2080774052527
169.7998118614547 245.2080774052527
168.95629987366917 244.92690674265754
168.39395854847885 245.77041873044305
167.8316172232885 246.61393071822857
166.98810523550296 247.4574427060141
166.14459324771744 248.01978403120444
165.5822519225271 248.86329601898996
164.7387399347416 249.14446668158513
163.89522794695608 249.42563734418036
163.0517159591705 249.9879786693707
162.208203971385 250.26914933196588
161.0835213210043 250.55031999456105
159.9588386706236 250.55031999456105
159.1153266828381 250.55031999456105
158.55298535764777 249.70680800677547
157.70947336986225 248.86329601898996
157.42830270726702 248.01978403120444
156.5847907194816 247.73861336860926
155.74127873169599 248.01978403120444
155.17893740650564 248.86329601898996
155.17893740650564 249.70680800677547
154.89776674391047 250.55031999456105
154.6165960813153 251.39383198234657
154.33542541872012 252.2373439701321
154.05425475612498 253.0808559579176
153.77308409352975 253.92436794570312
153.21074276833946 254.76787993348864
152.36723078055394 255.61139192127416
151.8048894553636 256.4549039090597
151.2425481301732 257.2984158968452
150.68020680498284 258.1419278846307
150.11786547979256 258.9854398724163
149.27435349200704 259.8289518602018
148.43084150422152 260.67246384798733
147.587329516436 261.2348051731777
146.74381752865048 261.797146498368
145.9003055408649 261.797146498368
145.0567935530794 262.0783171609632
144.21328156529387 262.0783171609632
143.08859891491312 262.0783171609632
142.2450869271276 262.0783171609632
141.40157493934208 262.0783171609632
140.27689228896145 262.0783171609632
139.43338030117593 262.0783171609632
138.30869765079524 262.0783171609632
137.46518566300966 262.0783171609632
136.62167367522414 261.51597583577285
136.34050301262894 260.67246384798733
136.34050301262894 259.8289518602018
136.34050301262894 258.9854398724163
136.62167367522414 258.1419278846307
136.62167367522414 257.2984158968452
136.90284433781937 256.4549039090597
137.46518566300966 255.61139192127416
137.7463563256049 254.76787993348864
138.0275269882 253.92436794570312
138.30869765079524 253.0808559579176
138.5898683133904 252.2373439701321
138.87103897598553 251.39383198234657
139.71455096377105 250.55031999456105
140.55806295155656 249.70680800677547
140.8392336141518 248.86329601898996
141.6827456019373 248.01978403120444
142.2450869271276 247.17627204341892
142.807428252318 246.3327600556334
143.36976957750835 245.48924806784788
143.65094024010352 244.64573608006236
143.93211090269864 243.80222409227684
144.49445222788898 242.95871210449133
145.33796421567462 242.1152001167058
145.6191348782697 241.2716881289203
146.18147620346014 240.42817614113477
146.74381752865048 239.58466415334925
147.587329516436 238.74115216556373
147.587329516436 237.89764017777816
147.587329516436 237.05412818999264
147.587329516436 236.21061620220712
147.587329516436 235.3671042144216
147.587329516436 234.2424215640409
147.587329516436 233.3989095762554
147.587329516436 232.2742269258747
147.02498819124565 231.43071493808918
146.18147620346014 230.86837361289884
145.9003055408649 230.02486162511332
144.69403847152188 229.50947117772932
142.93988315382643 228.7576903272884
141.6869150697583 228.00590947684748
139.9327597520628 227.25412862640655
138.42919805118106 226.7529413927793
136.92563635029921 226.25175415915203
135.9232618830447 225.7505669255247
134.4197001821629 225.2493796918975
133.1667320980947 224.74819245827018
131.91376401402653 224.24700522464292
130.66079592995825 223.99641160782926
129.6584214627038 223.495224374202
128.15485976182188 223.2446307573884
126.21835915920273 223.83910704801946
125.3748471714172 223.2767657228291
124.53133518363168 222.71442439763877
123.68782319584616 222.4332537350436
122.84431120806065 222.4332537350436
122.0007992202751 222.4332537350436
121.15728723248958 222.4332537350436
120.31377524470406 222.71442439763877
119.47026325691853 222.71442439763877
118.62675126913301 222.71442439763877
117.78323928134749 223.2767657228291
116.93972729356197 224.12027771061463
116.09621530577644 224.96378969840015
115.25270331799092 226.08847234878084
114.40919133020539 226.93198433656636
113.84685000501506 227.77549632435188
113.2845086798247 228.6190083121374
112.72216735463435 229.46252029992291
112.44099669203918 230.30603228770843
111.87865536684883 231.149544275494
111.0351433790633 231.99305626327953
110.75397271646813 232.83656825106505
110.19163139127778 233.68008023885056
109.91046072868261 234.52359222663608
109.34811940349226 235.3671042144216
108.50460741570674 236.4917868648023
108.22343675311156 237.3352988525878
107.94226609051638 238.1788108403734
107.66109542792121 239.0223228281589
107.37992476532604 239.86583481594437
106.81758344013568 240.7093468037299
106.53641277754052 241.55285879151546
105.97407145235016 242.39637077930098
105.69290078975499 243.2398827670865
105.41173012715981 244.08339475487202
105.41173012715981 244.92690674265754
104.59905978134013 245.54746265380203
105.10024701496747 246.80043073787016
105.35084063178107 247.55221158831108
105.60143424859467 248.303992438752
106.35321509903558 249.30636690600653
106.60380871584921 250.05814775644745
107.35558956629013 250.55933499007472
107.60618318310375 251.31111584051564
108.35796403354466 251.8123030741429
109.1097448839856 253.0652711582111
110.11211935124012 254.56883285909288
110.36271296805381 255.3206137095338
110.86390020168103 256.3229881767884
111.36508743530837 257.07476902722925
111.86627466893557 257.8265498776702
112.61805551937648 258.82892434492476
113.62042998663104 260.0818924289929
114.87339807069918 261.3348605130611
115.3745853043265 262.33723498031566
115.87577253795381 263.0890158307565
116.37695977158103 263.84079668119745
117.12874062202197 265.09376476526563
117.88052147246285 265.84554561570656
118.38170870609011 266.5973264661474
119.38408317334465 267.8502945502156
120.13586402378556 268.35148178384287
121.38883210785376 269.60444986791106
122.39120657510831 270.356230718352
123.64417465917649 271.3586051856065
124.89714274324466 272.11038603604743
126.15011082731284 273.6139477369292
126.40070444412646 274.6163222041838
127.1524852945674 275.61869667143833
127.40307891138102 276.37047752187925
127.90426614500831 277.6234456059474
128.15485976182188 278.3752264563883
128.65604699544923 279.37760092364283
128.9066406122629 280.12938177408375
129.40782784589015 280.8811626245247
130.41020231314462 281.8835370917792
131.66317039721287 283.38709879266105
132.66554486446734 284.138879643102
133.66791933172198 284.64006687672924
134.9208874157901 284.64006687672924
135.67266826623097 284.64006687672924
136.42444911667195 284.64006687672924
137.17622996711287 284.64006687672924
137.9280108175537 284.64006687672924
138.93038528480832 284.64006687672924
140.18335336887642 284.64006687672924
141.18572783613104 284.64006687672924
142.18810230338556 284.64006687672924
143.44107038745375 284.64006687672924
144.44344485470833 284.64006687672924
145.6964129387764 284.64006687672924
146.44819378921738 284.64006687672924
147.45056825647188 284.64006687672924
148.4529427237265 284.64006687672924
149.45531719098102 284.64006687672924
150.70828527504915 284.64006687672924
151.96125335911734 284.64006687672924
153.46481505999924 284.64006687672924
154.7177831440673 284.64006687672924
155.46956399450823 284.64006687672924
156.47193846176276 284.3894732599156
157.97550016264464 284.138879643102
158.7272810130855 284.138879643102
159.47906186352643 284.138879643102
159.9802490971537 283.38709879266105
nb_points_on_contour: 281
310.33641918533533 193.92517759019296
309.8352319517081 193.17339673975204
309.0834511012672 192.1710222724975
308.5822638676399 190.66746057161572
307.83048301719896 189.41449248754753
307.32929578357164 188.6627116371066
307.07870216675815 187.9109307866657
306.82810854994443 186.90855631941116
306.3269213163171 186.15677546897024
305.8257340826899 184.90380738490205
305.5751404658763 184.15202653446113
304.8233596154354 183.40024568402023
304.07157876499434 182.39787121676568
303.31979791455353 181.39549674951115
302.5680170641126 180.8943095158839
301.8162362136717 180.14252866544297
300.8138617464173 179.6413414318157
300.06208089597624 179.14015419818844
299.0597064287217 179.14015419818844
298.0573319614673 178.88956058137478
297.30555111102626 178.88956058137478
296.55377026058534 179.14015419818844
295.80198941014453 180.14252866544297
294.7996149428899 180.8943095158839
294.0478340924491 181.64609036632478
293.29605324200804 182.64846483357934
292.2936787747535 183.40024568402023
291.7924915411263 184.4026201512748
291.0407106906854 185.1544010017157
290.7901170738718 185.9061818521566
290.28892984024446 186.6579627025975
290.03833622343086 187.40974355303842
289.78774260661714 188.16152440347935
289.53714898980354 189.16389887073387
289.03596175617633 190.16627333798843
288.7853681393626 191.4192414220566
288.2841809057354 192.67220950612477
288.0335872889217 193.4239903565657
287.7829936721082 194.17577120700662
287.5324000552945 195.42873929107475
287.2818064384809 196.43111375832933
287.03121282166717 197.43348822558386
286.78061920485356 198.18526907602478
286.78061920485356 199.43823716009297
286.53002558803996 200.4406116273475
286.02883835441264 201.69357971141568
285.7782447375989 202.94654779548387
285.2770575039717 204.19951587955205
285.02646388715823 205.45248396362024
284.7758702703445 206.70545204768842
284.5252766535308 207.4572328981293
284.0240894199036 208.45960736538387
283.77349580309 209.2113882158248
283.52290218627627 210.46435629989293
283.27230856946267 211.7173243839611
283.02171495264895 212.46910523440204
282.77112133583535 213.22088608484296
282.26993410220814 214.47385416891115
281.2675596349536 215.72682225297928
281.01696601814 216.72919672023386
280.0145915508854 218.4833520379293
279.2628107004445 219.9869137388111
278.76162346681724 220.73869458925202
277.7592489995627 221.9916626733202
277.508655382749 222.74344352376113
276.50628091549453 223.99641160782926
276.00509368186727 224.74819245827018
275.25331283142634 225.2493796918975
274.2509383641718 226.25175415915203
273.2485638969172 227.00353500959295
272.49678304647637 227.25412862640655
271.2438149624082 228.00590947684748
270.2414404951536 228.50709671047474
268.98847241108547 229.00828394410206
267.9860979438308 229.00828394410206
267.23431709338996 229.2588775609156
266.482536242949 229.50947117772932
264.8354958186237 230.30603228770843
264.8354958186237 231.149544275494
263.9919838308382 231.71188560068435
263.9919838308382 232.55539758846987
263.9919838308382 233.3989095762554
263.9919838308382 234.2424215640409
264.27315449343337 235.08593355182643
264.8354958186237 235.92944553961195
265.39783714381406 236.77295752739747
266.2413491315996 237.61646951518298
266.80369045679 238.4599815029685
266.80369045679 239.30349349075402
266.80369045679 240.1470054785396
266.80369045679 240.99051746632512
266.80369045679 241.83402945411063
266.5225197941948 242.67754144189615
266.2413491315996 243.52105342968167
265.67900780640923 244.64573608006236
265.39783714381406 245.48924806784788
265.11666648121894 246.3327600556334
263.9919838308382 246.61393071822857
263.1484718430527 247.17627204341892
262.30495985526716 247.73861336860926
261.46144786748164 248.3009546937996
260.6179358796961 248.58212535639484
259.7744238919106 248.86329601898996
258.9309119041251 249.14446668158513
258.08739991633956 249.42563734418036
257.24388792855405 249.70680800677547
256.4003759407685 249.70680800677547
255.55686395298298 249.9879786693707
254.71335196519746 249.9879786693707
253.86983997741194 249.9879786693707
253.0263279896264 249.9879786693707
252.1828160018409 249.9879786693707
251.33930401405536 249.9879786693707
250.49579202626987 249.9879786693707
249.65228003848432 249.9879786693707
248.80876805069877 249.70680800677547
247.96525606291328 249.14446668158513
247.12174407512774 248.86329601898996
245.99706142474705 248.3009546937996
245.1535494369615 247.73861336860926
244.310037449176 246.89510138082375
243.46652546139046 246.05158939303823
242.42554902884 247.30161797149748
241.6737681783991 248.5545860555656
241.6737681783991 249.5569605228202
241.42317456158543 250.80992860688838
241.17258094477177 251.56170945732924
241.17258094477177 252.56408392458383
240.9219873279581 253.56645839183835
240.9219873279581 254.31823924227928
240.9219873279581 255.0700200927202
240.9219873279581 255.82180094316107
240.9219873279581 256.573581793602
240.9219873279581 257.5759562608565
240.9219873279581 258.32773711129744
240.9219873279581 259.07951796173836
240.9219873279581 260.3324860458065
240.9219873279581 261.0842668962474
241.17258094477177 262.33723498031566
241.42317456158543 263.3396094475702
242.42554902884 264.5925775316383
242.92673626246716 265.59495199889284
243.67851711290817 266.8479200829611
245.18207881379007 268.35148178384287
246.18445328104448 269.10326263428374
246.93623413148546 269.60444986791106
247.6880149819264 270.6068243351656
248.4397958323672 271.3586051856065
249.44217029962178 272.36097965286103
250.44454476687642 273.3633541201156
251.19632561731717 274.1151349705565
251.94810646775818 274.8669158209974
252.95048093501268 275.3681030546247
253.95285540226732 275.86929028825193
254.70463625270816 276.11988390506565
256.45879157040355 277.3728519891338
257.46116603765813 277.87403922276104
258.21294688809905 278.1246328395747
258.96472773854003 278.1246328395747
259.9671022057945 278.6258200732019
261.47066390667635 278.6258200732019
262.2224447571173 278.6258200732019
264.72838092525365 279.37760092364283
265.48016177569457 279.62819454045655
266.2319426261355 279.87878815727015
266.98372347657636 280.12938177408375
267.7355043270172 280.12938177408375
268.4872851774582 280.3799753908974
269.4896596447127 280.6305690077111
270.7426277287808 280.6305690077111
271.49440857922184 280.8811626245247
272.24618942966276 281.13175624133834
272.9979702801036 281.13175624133834
274.00034474735816 281.13175624133834
274.752125597799 281.38234985815194
275.50390644823995 281.38234985815194
276.25568729868087 281.38234985815194
277.0074681491218 281.38234985815194
277.7592489995627 281.38234985815194
278.51102985000364 281.38234985815194
279.51340431725816 281.38234985815194
280.7663724013263 281.13175624133834
281.76874686858093 280.8811626245247
282.52052771902174 280.8811626245247
283.27230856946267 280.6305690077111
284.0240894199036 280.3799753908974
284.7758702703445 279.87878815727015
285.27705750397183 279.1270073068292
286.02883835441264 278.1246328395747
286.53002558803996 277.3728519891338
287.2818064384809 276.37047752187925
287.5324000552945 275.61869667143833
288.0335872889218 274.8669158209974
288.5347745225491 273.8645413537429
289.28655537298994 273.11276050330196
289.78774260661714 272.11038603604743
290.5395234570582 271.1080115687929
291.7924915411263 269.60444986791106
292.54427239156723 268.35148178384287
293.54664685882176 267.0985136997747
294.0478340924491 266.09613923252016
294.79961494289 264.843171148452
295.5513957933309 263.84079668119745
296.05258302695813 263.0890158307565
296.55377026058545 261.83604774668834
297.05495749421266 261.0842668962474
297.8067383446536 260.0818924289929
298.3079255782809 258.82892434492476
298.8091128119081 258.07714349448383
299.3103000455354 257.3253626440429
299.81148727916263 256.3229881767884
300.56326812960356 255.07002009272014
300.8138617464173 254.31823924227928
301.8162362136717 253.0652711582111
302.317423447299 251.8123030741429
303.06920429773993 250.80992860688838
303.31979791455365 249.8075541396338
303.82098514818085 249.05577328919293
304.07157876499446 248.05339882193834
304.3221723818082 247.30161797149748
304.8233596154354 246.2992435042429
305.0739532322491 245.54746265380203
305.5751404658763 244.7956818033611
306.3269213163172 243.79330733610652
306.82810854994455 242.28974563522473
307.32929578357175 241.5379647847838
307.8304830171991 240.53559031752928
308.5822638676399 239.2826222334611
309.0834511012672 238.53084138302017
309.8352319517081 237.277873298952
310.08582556852184 236.27549883169746
310.58701280214905 235.27312436444294
311.08820003577637 234.2707498971884
311.33879365258986 233.5189690467475
311.8399808862172 232.51659457949296
312.0905745030308 231.76481372905204
312.5917617366581 230.76243926179745
312.8423553534718 229.76006479454293
313.343542587099 228.50709671047474
313.84472982072634 227.75531586003382
314.09532343753995 226.7529413927793
314.34591705435355 226.00116054233837
314.59651067116715 225.2493796918975
314.59651067116715 224.49759884145652
315.0976979047945 223.495224374202
315.3482915216081 222.49284990694747
315.5988851384218 221.23988182287928
316.100072372049 220.23750735562476
316.3506659888627 219.23513288837017
316.3506659888627 217.98216480430204
316.6012596056763 216.97979033704746
316.6012596056763 216.2280094866066
316.6012596056763 215.47622863616567
316.6012596056763 214.72444778572475
316.6012596056763 213.97266693528383
316.6012596056763 213.22088608484296
316.6012596056763 212.46910523440204
316.6012596056763 211.46673076714748
316.6012596056763 210.7149499167066
316.6012596056763 209.96316906626566
316.6012596056763 208.96079459901114
316.6012596056763 208.20901374857021
316.6012596056763 207.4572328981293
316.6012596056763 206.45485843087476
316.6012596056763 205.7030775804339
316.6012596056763 204.95129672999295
316.6012596056763 204.19951587955205
316.6012596056763 203.44773502911113
316.6012596056763 202.69595417867026
316.6012596056763 201.9441733282293
316.3506659888627 201.19239247778842
316.3506659888627 200.19001801053386
315.8494787552354 199.43823716009297
315.5988851384218 198.68645630965204
315.0976979047945 197.93467545921112
314.34591705435355 197.43348822558386
313.343542587099 196.9323009919566
313.0929489702854 196.18052014151567
312.3411681198445 195.6793329078884
311.5893872694036 195.17814567426115
310.83760641896265 194.67695844063388
slice_number: 13
nb_points_on_contour: 188
315.09769790479453 212.71969885121567
314.59651067116727 211.96791800077477
313.84472982072634 211.46673076714748
313.0929489702854 210.9655435335202
312.34116811984455 210.7149499167066
311.8399808862173 209.96316906626566
311.08820003577637 209.4619818326384
310.33641918533544 208.71020098219748
309.33404471808086 207.95842013175658
308.58226386764 207.70782651494295
307.3292957835718 206.95604566450203
306.57751493313094 206.45485843087476
305.57514046587636 206.20426481406113
304.82335961543544 205.9536711972475
304.0715787649945 205.45248396362024
303.31979791455365 205.20189034680658
302.06682983048546 204.95129672999295
301.31504898004454 204.95129672999295
300.5632681296036 204.95129672999295
299.81148727916275 204.95129672999295
298.5585191950945 204.95129672999295
297.80673834465364 204.95129672999295
297.0549574942127 205.20189034680658
296.3031766437718 205.70307758043387
295.5513957933309 205.9536711972475
294.29842770926274 206.45485843087476
293.5466468588218 206.70545204768842
292.29367877475363 207.2066392813157
291.5418979243127 207.4572328981293
290.79011707387184 207.95842013175658
290.0383362234309 208.20901374857021
289.28655537299 208.45960736538385
288.5347745225491 208.45960736538385
287.7829936721082 208.96079459901114
287.0312128216673 209.4619818326384
286.27943197122636 209.96316906626566
285.27705750397183 210.46435629989293
284.5252766535309 210.9655435335202
283.77349580309 211.46673076714748
282.77112133583546 211.7173243839611
281.76874686858093 212.2185116175884
280.51577878451275 212.71969885121567
279.7639979340718 212.9702924680293
279.0122170836309 213.47147970165656
278.0098426163764 213.47147970165656
277.00746814912185 213.72207331847022
276.2556872986809 213.72207331847022
275.50390644824 213.72207331847022
274.5015319809855 214.22326055209749
273.74975113054455 214.22326055209749
272.99797028010363 214.47385416891112
271.74500219603544 214.97504140253838
270.9932213455946 215.225635019352
269.7402532615264 215.97741586979294
268.98847241108547 215.97741586979294
267.98609794383094 216.72919672023386
266.9837234765764 217.23038395386112
266.2319426261355 218.23275842111565
265.22956815888097 218.73394565474294
264.47778730844 219.2351328883702
263.7260064579991 219.7363201219975
262.72363199074454 220.48810097243836
261.72125752349007 221.23988182287928
260.7188830562355 221.74106905650657
259.46591497216735 222.49284990694747
258.46354050491277 223.2446307573884
257.4611660376582 223.74581799101566
256.45879157040366 224.49759884145655
255.7070107199628 224.99878607508384
255.20582348633548 225.75056692552474
254.20344901908095 226.00116054233837
253.70226178545363 226.7529413927793
252.95048093501276 227.50472224322021
252.1987000845719 228.50709671047474
251.44691923413092 229.76006479454293
250.44454476687645 230.76243926179745
249.44217029962186 232.01540734586567
248.9409830659946 233.26837542993383
248.43979583236734 234.02015628037475
247.93860859874005 235.2731243644429
247.43742136511278 236.27549883169746
246.93623413148552 237.02727968213838
246.4350468978582 238.0296541493929
246.18445328104457 238.7814349998338
245.68326604741733 239.78380946708836
245.4326724306037 240.53559031752928
245.4326724306037 241.28737116797018
245.18207881379007 242.0391520184111
244.68089158016275 243.04152648566563
244.43029796334912 243.79330733610652
244.43029796334912 245.04627542017474
244.1797043465355 245.79805627061563
244.1797043465355 246.54983712105656
243.92911072972186 247.30161797149745
243.92911072972186 248.05339882193834
243.42792349609462 248.80517967237927
243.42792349609462 249.55696052282016
243.42792349609462 250.30874137326106
243.42792349609462 251.06052222370198
243.42792349609462 251.81230307414287
243.177329879281 252.5640839245838
243.177329879281 253.31586477502472
243.177329879281 254.31823924227928
243.177329879281 255.3206137095338
243.177329879281 256.07239455997467
243.177329879281 257.3253626440429
243.177329879281 258.07714349448383
243.177329879281 258.82892434492476
243.177329879281 260.0818924289929
242.9267362624673 261.0842668962474
242.67614264565367 262.83842221394286
242.67614264565367 263.5902030643838
242.67614264565367 264.3419839148247
242.9267362624673 265.34435838207924
243.177329879281 266.34673284933376
243.42792349609462 267.0985136997747
243.67851711290822 267.8502945502156
243.67851711290822 268.85266901747013
243.92911072972186 269.60444986791106
244.68089158016275 270.1056371015383
246.18445328104457 271.3586051856065
246.93623413148552 271.8597924192338
247.93860859874005 272.36097965286103
248.9409830659946 272.36097965286103
249.6927639164355 272.6115732696747
250.69513838369005 272.86216688648835
251.44691923413092 273.11276050330196
252.95048093501276 273.8645413537429
253.95285540226735 273.8645413537429
254.95522986952187 273.8645413537429
256.20819795359006 273.8645413537429
257.2105724208446 273.8645413537429
258.2129468880991 273.8645413537429
259.71650858898096 273.8645413537429
260.4682894394218 274.1151349705565
261.4706639066764 274.1151349705565
262.97422560755825 274.36572858737014
263.9766000748128 274.36572858737014
264.72838092525365 274.36572858737014
265.48016177569457 274.36572858737014
266.4825362429491 274.36572858737014
267.23431709339 274.36572858737014
268.23669156064454 274.1151349705565
269.2390660278991 273.8645413537429
270.24144049515365 273.6139477369292
271.49440857922184 273.11276050330196
272.24618942966276 272.86216688648835
273.4991575137309 272.6115732696747
274.2509383641719 272.36097965286103
275.00271921461274 272.11038603604743
276.2556872986809 271.3586051856065
277.25806176593545 270.85741795197924
278.0098426163764 270.356230718352
278.7616234668173 269.85504348472466
279.5134043172582 269.35385625109745
280.51577878451275 268.35148178384287
281.26755963495367 267.599700933402
282.01934048539454 267.0985136997747
282.77112133583546 266.09613923252016
283.5229021862764 265.34435838207924
284.02408941990365 264.5925775316383
285.27705750397183 263.84079668119745
286.0288383544127 263.0890158307565
286.7806192048537 262.33723498031566
287.53240005529454 261.83604774668834
287.7829936721082 261.0842668962474
288.5347745225491 260.58307966262015
289.53714898980365 259.8312988121793
290.5395234570582 259.33011157855196
291.79249154112637 258.32773711129744
293.04545962519455 257.3253626440429
293.7972404756355 256.8241754104156
294.54902132607634 256.3229881767884
295.30080217651727 255.57120732634743
295.8019894101446 254.81942647590654
296.0525830269582 254.06764562546562
296.80436387739906 252.81467754139746
297.3055511110263 251.81230307414287
297.80673834465364 251.06052222370198
297.80673834465364 250.30874137326106
298.3079255782809 249.30636690600653
298.80911281190816 248.55458605556564
299.5608936623491 247.30161797149745
300.06208089597635 246.54983712105656
300.8138617464173 245.79805627061563
301.5656425968582 244.79568180336108
301.8162362136718 244.04390095292018
302.31742344729906 243.29212010247926
nb_points_on_contour: 261
185.290204395331 222.49284990694747
184.78901716170373 221.4904754396929
184.0372363112628 220.11221054721796
183.2854554608219 218.73394565474294
182.78426822719464 217.98216480430204
182.28308099356735 216.97979033704746
181.5313001431265 215.97741586979294
180.77951929268553 214.72444778572475
180.27833205905827 213.72207331847022
179.52655120861738 213.22088608484296
179.02536397499009 212.46910523440204
178.02298950773553 211.7173243839611
177.52180227410827 210.9655435335202
176.26883419004008 209.96316906626566
175.26645972278553 209.4619818326384
174.51467887234463 208.96079459901114
173.26171078827645 207.95842013175658
172.25933632102192 207.2066392813157
171.00636823695373 206.45485843087476
170.25458738651284 205.7030775804339
169.50280653607192 204.70070311317932
168.5004320688174 203.9489222627384
167.9992448351901 203.19714141229753
167.24746398474917 202.94654779548387
166.49568313430828 201.9441733282293
165.49330866705373 200.94179886097476
164.74152781661283 200.4406116273475
163.73915334935828 199.68883077690657
162.98737249891738 199.1876435432793
162.23559164847646 198.9370499264657
161.23321718122193 198.4358626928384
160.481436330781 198.18526907602478
159.22846824671282 197.68408184239752
158.22609377945827 197.43348822558386
157.4743129290174 197.1828946087702
156.72253207857648 196.9323009919566
155.97075122813555 196.9323009919566
155.21897037769466 196.9323009919566
154.46718952725374 196.68170737514296
153.71540867681284 196.9323009919566
153.21422144318558 197.68408184239752
152.46244059274466 198.4358626928384
151.96125335911736 199.1876435432793
151.20947250867653 199.93942439372023
150.7082852750492 200.94179886097476
150.20709804142192 201.9441733282293
149.95650442460828 202.69595417867026
149.45531719098102 203.6983286459248
149.20472357416742 204.70070311317932
148.70353634054015 205.9536711972475
148.70353634054015 207.2066392813157
149.27435349200704 208.0935499426897
149.27435349200704 208.9370619304752
149.27435349200704 209.78057391826076
149.27435349200704 210.62408590604628
149.27435349200704 211.4675978938318
149.27435349200704 212.3111098816173
149.27435349200704 213.15462186940283
149.27435349200704 213.99813385718835
149.83669481719738 214.84164584497387
150.39903614238773 215.6851578327594
150.96137746757807 216.5286698205449
151.8048894553636 217.37218180833042
152.36723078055394 218.21569379611594
153.2107427683395 219.05920578390146
153.7730840935298 219.90271777168698
154.61659608131535 220.46505909687733
154.89776674391052 221.3085710846629
155.74127873169604 222.15208307244842
155.74127873169604 223.2767657228291
155.74127873169604 224.12027771061463
155.74127873169604 225.24496036099532
155.74127873169604 226.08847234878084
155.46010806910087 226.93198433656636
154.61659608131535 227.77549632435188
153.7730840935298 228.6190083121374
152.92957210574428 229.1813496373278
152.08606011795877 229.74369096251814
151.24254813017325 230.30603228770843
150.6802068049829 231.149544275494
149.83669481719738 231.43071493808918
148.99318282941186 231.99305626327953
148.14967084162635 232.55539758846987
147.30615885384083 233.11773891366022
146.18147620346014 233.96125090144574
145.33796421567462 234.52359222663608
144.49445222788904 234.80476288923126
143.36976957750838 235.3671042144216
142.52625758972283 236.21061620220712
141.6827456019373 237.05412818999264
140.8392336141518 237.61646951518298
139.99572162636628 238.4599815029685
139.15220963858076 239.0223228281589
138.30869765079524 239.58466415334925
137.46518566300972 240.42817614113477
136.62167367522417 241.2716881289203
135.77816168743865 241.83402945411063
135.2158203622483 242.67754144189615
134.3723083744628 243.2398827670865
133.52879638667727 243.80222409227684
132.9664550614869 244.64573608006236
132.12294307370138 245.2080774052527
131.27943108591586 246.05158939303823
130.43591909813034 246.61393071822857
129.59240711034482 246.89510138082375
128.7488951225593 247.4574427060141
127.90538313477377 248.01978403120444
127.06187114698825 248.3009546937996
126.21835915920273 248.58212535639484
125.09367650882203 248.86329601898996
124.25016452103651 248.86329601898996
123.40665253325098 248.86329601898996
122.56314054546546 248.58212535639484
121.43845789508475 248.58212535639484
120.31377524470406 248.01978403120444
119.47026325691853 247.73861336860926
118.62675126913301 247.17627204341892
117.78323928134749 246.61393071822857
116.93972729356197 246.05158939303823
116.09621530577644 245.48924806784788
115.5338739805861 244.64573608006236
114.69036199280058 244.08339475487202
114.12802066761023 243.2398827670865
113.2845086798247 242.39637077930098
112.72216735463435 241.55285879151546
112.44099669203918 240.7093468037299
111.59748470425366 239.86583481594437
111.0351433790633 239.0223228281589
110.19163139127778 238.4599815029685
109.34811940349226 237.61646951518298
108.50460741570674 236.77295752739747
107.09875410273087 235.64827487701677
106.25524211494535 234.80476288923126
105.41173012715981 234.52359222663608
104.5682181393743 233.68008023885056
103.16236482639842 232.55539758846987
102.03768217601773 232.2742269258747
101.19417018823219 231.71188560068435
100.35065820044667 231.149544275494
99.50714621266116 231.149544275494
98.66363422487564 231.149544275494
98.08362574418564 232.51659457949296
97.83303212737201 233.26837542993383
97.58243851055836 234.02015628037475
97.33184489374473 234.77193713081567
97.33184489374473 235.5237179812566
97.33184489374473 236.27549883169746
97.08125127693108 237.277873298952
97.08125127693108 238.28024776620657
96.83065766011745 239.2826222334611
96.83065766011745 240.03440308390202
96.83065766011745 240.78618393434294
96.83065766011745 242.03915201841113
96.83065766011745 243.04152648566566
96.83065766011745 243.79330733610652
96.83065766011745 245.0462754201747
96.83065766011745 246.0486498874293
96.83065766011745 247.30161797149748
97.08125127693108 248.5545860555656
97.08125127693108 249.30636690600653
97.08125127693108 250.05814775644745
97.08125127693108 250.80992860688838
97.08125127693108 251.8123030741429
97.08125127693108 252.81467754139743
97.58243851055836 253.81705200865196
97.83303212737201 254.56883285909288
98.33421936099927 255.3206137095338
98.58481297781292 256.07239455997467
99.33659382825383 257.07476902722925
100.33896829550835 258.57833072811104
100.84015552913561 259.5807051953656
101.59193637957655 260.58307966262015
101.84252999639017 261.58545412987473
102.59431084683108 262.58782859712926
103.59668531408563 263.5902030643838
104.59905978134017 264.5925775316383
105.6014342485947 265.34435838207924
106.60380871584925 266.09613923252016
107.35558956629016 266.8479200829611
108.3579640335447 267.34910731658834
109.10974488398563 267.8502945502156
109.86152573442654 268.35148178384287
110.86390020168108 269.10326263428374
112.3674619025629 270.1056371015383
113.11924275300383 270.6068243351656
114.62280445388562 271.3586051856065
115.37458530432653 272.11038603604743
116.12636615476744 272.6115732696747
116.62755338839469 273.3633541201156
117.62992785564924 274.36572858737014
118.38170870609015 274.6163222041838
119.88527040697197 275.86929028825193
120.63705125741288 276.37047752187925
121.3888321078538 277.1222583723201
122.14061295829468 277.6234456059474
123.14298742554926 278.3752264563883
123.89476827599013 279.1270073068292
125.14773636005835 279.87878815727015
126.15011082731287 280.6305690077111
128.15485976182194 281.6329434749656
128.9066406122629 282.13413070859286
129.6584214627038 282.3847243254065
130.41020231314468 282.88591155903373
131.1619831635856 282.88591155903373
131.91376401402653 283.38709879266105
132.6655448644674 283.63769240947465
133.66791933172198 284.3894732599156
134.4197001821629 284.3894732599156
135.67266826623103 285.1412541103565
137.42682358392648 285.6424413439838
138.42919805118106 286.143628577611
139.4315725184356 286.64481581123835
140.43394698569014 287.14600304486555
141.6869150697583 287.8977838953065
142.68928953701285 288.3989711289338
143.6916640042674 288.900158362561
144.44344485470833 288.900158362561
145.44581932196283 288.900158362561
146.19760017240378 288.900158362561
146.94938102284468 288.900158362561
147.70116187328557 288.900158362561
148.95412995735376 288.900158362561
149.70591080779465 288.900158362561
150.7082852750492 288.900158362561
151.46006612549013 288.6495647457474
152.21184697593102 288.6495647457474
153.46481505999924 288.14837751212013
154.2165959104401 288.14837751212013
155.21897037769466 287.8977838953065
156.2213448449492 287.8977838953065
156.9731256953901 287.3965966616792
157.22371931220374 286.64481581123835
158.72728101308556 285.6424413439838
159.7296554803401 285.1412541103565
160.481436330781 284.3894732599156
160.98262356440827 283.38709879266105
161.7344044148492 282.88591155903373
162.23559164847646 281.8835370917792
162.73677888210372 281.13175624133834
163.237966115731 280.12938177408375
163.98974696617194 278.8764136900156
164.99212143342646 278.1246328395747
165.74390228386738 277.3728519891338
165.99449590068102 276.62107113869286
166.49568313430828 275.86929028825193
166.99687036793554 275.117509437811
167.9992448351901 273.8645413537429
168.751025685631 273.11276050330196
169.50280653607192 272.36097965286103
169.50280653607192 271.6091988024201
170.00399376969918 270.85741795197924
170.7557746201401 270.1056371015383
171.25696185376736 269.35385625109745
171.25696185376736 268.60207540065653
172.0087427042083 267.599700933402
172.25933632102192 266.8479200829611
172.25933632102192 266.09613923252016
172.50992993783555 265.09376476526563
172.50992993783555 264.3419839148247
172.76052355464918 262.83842221394286
172.76052355464918 262.08664136350194
slice_number: 14
nb_points_on_contour: 292
245.15354943696144 231.149544275494
244.59120811177118 232.2742269258747
244.02886678658078 233.11773891366022
243.46652546139043 233.96125090144574
242.90418413620012 234.80476288923126
242.62301347360494 235.64827487701677
241.77950148581937 237.05412818999264
241.21716016062894 237.89764017777816
240.9359894980338 238.74115216556373
240.37364817284353 239.58466415334925
239.81130684765313 240.42817614113477
238.9677948598677 241.2716881289203
238.68662419727247 242.1152001167058
238.12428287208212 242.95871210449133
237.5619415468918 243.80222409227684
237.28077088429663 244.64573608006236
237.28077088429663 245.48924806784788
236.99960022170146 246.3327600556334
236.99960022170146 247.17627204341892
236.99960022170146 248.01978403120444
236.99960022170146 248.86329601898996
236.99960022170146 249.70680800677547
236.99960022170146 250.55031999456105
236.99960022170146 251.39383198234657
236.99960022170146 252.2373439701321
236.99960022170146 253.0808559579176
236.99960022170146 253.92436794570312
236.99960022170146 254.76787993348864
236.99960022170146 255.61139192127416
236.99960022170146 256.4549039090597
236.99960022170146 257.2984158968452
236.99960022170146 258.4230985472259
236.99960022170146 259.2666105350114
236.99960022170146 260.1101225227969
236.99960022170146 260.9536345105825
236.99960022170146 262.0783171609632
236.99960022170146 262.9218291487487
237.28077088429663 263.76534113653423
237.28077088429663 264.60885312431975
237.28077088429663 265.45236511210527
237.28077088429663 266.2958770998908
237.5619415468918 267.1393890876763
237.5619415468918 267.9829010754619
237.84311220948686 269.38875438843775
237.84311220948686 270.51343703881844
238.12428287208212 271.63811968919913
238.68662419727247 272.7628023395798
239.24896552246287 273.60631432736534
239.53013618505804 274.44982631515086
240.6548188354387 275.2933383029364
241.21716016062894 276.1368502907219
242.06067214841445 276.9803622785074
243.18535479879517 278.1050449288881
244.02886678658078 278.66738625407845
244.87237877436635 279.22972757926885
245.71589076215184 279.7920689044592
246.8405734125326 280.6355808922447
247.68408540031808 281.19792221743506
248.5275973881035 281.7602635426254
249.65228003848418 282.6037755304109
250.49579202626975 283.1661168556013
251.33930401405533 283.7284581807916
252.1828160018409 284.29079950598197
253.0263279896264 284.57197016857714
253.8698399774118 285.1343114937675
254.7133519651974 285.69665281895783
255.55686395298298 285.977823481553
256.40037594076847 286.54016480674335
257.24388792855405 286.8213354693385
258.08739991633956 287.38367679452887
258.9309119041251 287.66484745712404
259.77442389191054 288.22718878231444
260.6179358796961 288.78953010750473
261.46144786748164 289.3518714326951
262.30495985526704 289.9142127578855
263.1484718430526 289.9142127578855
263.9919838308382 290.19538342048065
265.11666648121894 290.4765540830758
265.9601784690043 290.75772474567094
267.0848611193851 290.75772474567094
267.92837310717067 290.75772474567094
269.05305575755125 291.03889540826617
270.1777384079318 291.03889540826617
271.5835917209079 291.03889540826617
272.4271037086933 291.03889540826617
273.83295702166936 291.03889540826617
274.6764690094548 291.03889540826617
275.80115165983557 291.03889540826617
276.6446636476211 291.03889540826617
277.4881756354065 291.03889540826617
278.331687623192 290.4765540830758
279.17519961097764 289.9142127578855
280.01871159876316 289.3518714326951
280.86222358654857 288.50835944490956
281.42456491173897 287.66484745712404
281.7057355743341 286.8213354693385
282.26807689952454 285.977823481553
282.26807689952454 285.1343114937675
282.26807689952454 284.29079950598197
282.26807689952454 283.44728751819645
282.26807689952454 282.04143420522064
282.26807689952454 281.19792221743506
281.98690623692937 280.3544102296495
281.7057355743341 279.51089824186397
281.1433942491438 278.3862155914833
280.5810529239534 276.9803622785074
279.737540936168 276.1368502907219
279.4563702735728 275.2933383029364
278.89402894838247 274.44982631515086
278.331687623192 273.60631432736534
277.7693462980017 272.7628023395798
277.2070049728113 271.9192903517943
276.3634929850259 271.0757783640088
275.80115165983557 270.23226637622327
275.23881033464505 269.38875438843775
274.6764690094548 268.54524240065217
274.1141276842644 267.70173041286665
273.270615696479 266.57704776248596
272.7082743712885 265.73353577470044
272.4271037086933 264.8900237869149
272.1459330460983 264.0465117991294
271.86476238350303 263.2029998113439
271.5835917209079 262.0783171609632
271.0212503957175 260.9536345105825
270.74007973312234 260.1101225227969
270.74007973312234 258.9854398724163
270.4589090705273 258.1419278846307
269.8965677453367 257.2984158968452
269.8965677453367 256.4549039090597
269.6153970827416 255.61139192127416
269.6153970827416 254.76787993348864
269.6153970827416 253.92436794570312
269.6153970827416 253.0808559579176
269.6153970827416 251.95617330753691
269.8965677453367 250.83149065715622
270.74007973312234 249.14446668158513
271.30242105831275 248.01978403120444
271.86476238350303 247.17627204341892
272.4271037086933 246.05158939303823
272.98944503388384 244.92690674265754
273.5517863590742 244.08339475487202
274.1141276842644 242.95871210449133
274.95763967205 241.83402945411063
276.08232232243074 240.42817614113477
276.92583431021626 239.30349349075402
277.7693462980017 238.4599815029685
278.331687623192 237.61646951518298
279.17519961097764 236.77295752739747
280.8622235865486 236.77295752739747
281.42456491173897 235.92944553961195
282.26807689952454 235.64827487701677
283.11158888731006 235.08593355182643
284.5174422002859 234.52359222663608
285.36095418807145 234.52359222663608
286.20446617585696 234.52359222663608
287.0479781636425 234.52359222663608
288.1726608140232 234.52359222663608
289.0161728018088 234.52359222663608
289.8596847895942 234.52359222663608
290.9843674399749 234.52359222663608
291.82787942776054 234.52359222663608
293.2337327407364 234.52359222663608
294.0772447285219 234.52359222663608
295.2019273789026 234.52359222663608
296.3266100292833 234.52359222663608
297.1701220170688 234.2424215640409
298.2948046674495 233.96125090144574
299.4194873178302 233.68008023885056
300.5441699682109 233.3989095762554
301.3876819559964 232.83656825106505
302.23119394378193 232.55539758846987
303.07470593156745 231.99305626327953
303.91821791935297 231.43071493808918
305.04290056973366 230.86837361289884
306.16758322011435 230.02486162511332
307.01109520789987 229.46252029992291
307.8546071956854 228.6190083121374
308.13577785828056 227.77549632435188
308.9792898460662 226.93198433656636
309.5416311712564 226.08847234878084
310.1039724964469 224.96378969840015
310.66631382163723 224.12027771061463
311.2286551468276 223.2767657228291
311.7909964720179 222.4332537350436
312.35333779720816 221.58974174725807
312.9156791223986 220.74622975947256
313.1968497849938 219.90271777168698
313.75919111018413 219.05920578390146
314.3215324353745 218.21569379611594
314.3215324353745 217.37218180833042
314.60270309796965 216.5286698205449
314.60270309796965 215.6851578327594
315.16504442316 214.84164584497387
315.16504442316 213.99813385718835
315.72738574835034 213.15462186940283
315.72738574835034 212.3111098816173
315.72738574835034 211.18642723123662
315.72738574835034 210.34291524345107
315.72738574835034 209.49940325566556
315.72738574835034 208.65589126788004
315.72738574835034 207.53120861749935
315.72738574835034 206.68769662971383
315.72738574835034 205.84418464192828
315.72738574835034 205.00067265414276
315.72738574835034 203.87599000376207
315.72738574835034 203.03247801597655
315.44621508575517 202.18896602819103
314.8838737605648 201.3454540404055
314.0403617727793 200.50194205261997
313.1968497849938 199.65843006483448
312.35333779720816 198.81491807704893
311.2286551468276 198.25257675185858
310.1039724964469 197.6902354266682
309.26046050866125 197.12789410147786
308.41694852087574 197.12789410147786
307.5734365330902 196.8467234388827
306.4487538827095 196.56555277628752
305.605241894924 196.28438211369235
304.4805592445433 196.00321145109717
303.6370472567578 196.00321145109717
302.5123646063771 196.00321145109717
301.6688526185916 196.00321145109717
300.82534063080607 196.00321145109717
299.7006579804254 196.00321145109717
298.85714599263986 196.00321145109717
298.01363400485434 196.00321145109717
297.1701220170688 196.00321145109717
296.3266100292833 196.00321145109717
295.4830980414978 196.00321145109717
294.3584153911171 196.28438211369235
293.5149034033316 196.28438211369235
292.3902207529509 196.28438211369235
291.2655381025701 196.28438211369235
290.42202611478467 196.56555277628752
289.57851412699904 196.56555277628752
288.45383147661835 196.8467234388827
287.61031948883294 196.8467234388827
286.7668075010473 196.8467234388827
285.9232955132618 196.8467234388827
284.7986128628811 197.12789410147786
283.9551008750956 197.40906476407304
283.11158888731006 197.6902354266682
281.98690623692937 198.25257675185858
281.14339424914385 198.81491807704893
280.29988226135833 199.37725940223928
279.4563702735728 199.93960072742965
278.6128582857873 200.50194205261997
277.7693462980018 200.78311271521517
276.92583431021626 201.3454540404055
276.08232232243074 201.90779536559583
274.95763967205005 202.75130735338138
273.83295702166936 203.31364867857172
272.98944503388384 203.87599000376207
271.86476238350315 204.7195019915476
271.0212503957176 205.28184331673793
270.177738407932 205.84418464192828
269.33422642014654 206.68769662971383
268.490714432361 207.8123792800945
267.6472024445755 208.37472060528484
266.80369045679 209.21823259307035
266.2413491315996 210.0617445808559
265.39783714381406 210.62408590604628
264.55432515602854 211.4675978938318
263.710813168243 212.59228054421249
262.8673011804575 213.15462186940283
262.023789192672 213.71696319459318
261.18027720488647 214.27930451978352
260.33676521710095 214.84164584497387
259.7744238919106 215.6851578327594
258.9309119041251 216.24749915794973
258.36857057893474 217.09101114573528
257.5250585911492 217.37218180833042
256.6815466033637 217.9345231335208
256.11920527817335 218.77803512130635
255.55686395298298 219.62154710909186
254.71335196519746 219.90271777168698
253.86983997741194 220.46505909687733
253.0263279896264 220.74622975947256
252.1828160018409 221.02740042206773
251.33930401405536 221.3085710846629
250.49579202626987 221.87091240985325
249.65228003848432 222.4332537350436
248.80876805069877 222.99559506023394
248.52759738810363 223.83910704801946
247.96525606291328 224.68261903580498
247.68408540031808 225.5261310235905
247.4029147377229 226.369643011376
247.12174407512774 227.21315499916153
246.8405734125326 228.05666698694705
246.8405734125326 228.90017897473257
246.27823208734222 229.74369096251814
245.43472009955673 229.74369096251814
