Study: 1.2.840.113619.2.30.1.1762288805.1974.1101138754.927
Series: 1.2.840.113619.2.30.1.1762288805.1974.1101138754.931
SpacingX: 0.703125
SpacingY: 0.703125
SpacingZ: 10.0

label: ground_glass
localisation: non-relevant
slice_number: 9
nb_points_on_contour: 157
256.4658247472442 193.28723761098485
256.8407718519104 192.16239629698617
257.96561316590913 190.66260787832124
259.0904544799078 189.91271366898877
260.2152957939065 188.4129252503239
261.34013710790515 187.66303104099143
262.4649784219039 186.91313683165896
264.140419953362 187.2402437335818
264.9839319411475 186.39673174579627
265.82744392893306 185.83439042060593
266.6709559167185 184.9908784328204
267.5144679045041 184.70970777022524
268.3579798922896 184.1473664450349
269.20149188007514 183.8661957824397
270.04500386786066 183.58502511984454
270.8885158556462 183.30385445724934
271.7320278434317 183.0226837946542
272.5755398312172 183.0226837946542
273.4190518190028 183.0226837946542
274.26256380678825 183.0226837946542
275.1060757945738 183.0226837946542
276.2307584449545 183.0226837946542
277.07427043274 183.0226837946542
277.91778242052555 183.0226837946542
278.7612944083111 183.0226837946542
279.6048063960966 183.0226837946542
280.4483183838821 183.0226837946542
280.7294890464773 182.17917180686865
281.29183037166763 181.3356598190831
282.13534235945315 180.77331849389276
282.69768368464355 179.92980650610724
282.97885434723867 179.08629451832172
283.26002500983384 178.2427825305362
283.26002500983384 177.39927054275068
283.26002500983384 176.55575855496517
283.26002500983384 175.71224656717965
283.26002500983384 174.86873457939413
282.71212207388015 172.2901997496761
283.0870691785464 171.1653584356774
283.0870691785464 170.0405171216787
283.4620162832126 168.91567580768003
283.4620162832126 167.79083449368136
283.4620162832126 166.66599317968263
283.4620162832126 165.541151865684
283.4620162832126 164.41631055168529
283.4620162832126 163.2914692376866
283.4620162832126 162.16662792368794
282.71212207388015 161.04178660968927
282.71212207388015 159.91694529569054
282.71212207388015 158.79210398169187
282.71212207388015 157.6672626676932
282.71212207388015 156.54242135369452
282.71212207388015 155.41758003969585
282.71212207388015 154.29273872569712
282.71212207388015 152.79295030703224
282.71212207388015 151.66810899303357
282.71212207388015 150.54326767903484
282.71212207388015 149.41842636503617
282.71212207388015 148.2935850510375
282.71212207388015 147.16874373703882
281.96222786454774 145.6689553183739
281.2123336552152 144.54411400437522
280.46243944588275 143.41927269037654
278.9626510272179 142.29443137637787
278.21275681788546 141.1695900623792
276.7129683992205 140.41969585304673
275.96307418988806 138.9199074343818
274.83823287588945 138.9199074343818
273.7133915618907 138.17001322504933
272.588550247892 137.42011901571686
271.4637089338933 136.67022480638445
270.33886761989464 136.67022480638445
269.2140263058959 135.920330597052
268.0891849918972 135.920330597052
266.9643436778985 136.2952777017182
265.8395023639 136.2952777017182
264.7146610499012 136.67022480638445
263.58981973590255 137.42011901571686
262.4649784219039 138.17001322504933
261.34013710790515 138.9199074343818
260.2152957939065 140.04474874838047
259.0904544799078 141.1695900623792
257.96561316590913 142.29443137637787
256.8407718519104 143.41927269037654
256.090877642578 144.91906110904142
254.96603632857932 145.6689553183739
253.8411950145807 146.41884952770636
253.09130080524818 147.54369084170506
251.96645949124945 148.2935850510375
251.2165652819171 149.41842636503617
249.71677686325205 150.54326767903484
248.5919355492534 151.66810899303357
247.842041339921 152.79295030703224
246.34225292125615 153.5428445163647
246.34225292125615 154.66768583036338
246.34225292125615 155.79252714436205
245.59235871192362 156.91736845836073
244.8424645025911 158.04220977235943
244.0925702932587 159.16705108635813
244.0925702932587 160.2918924003568
244.0925702932587 161.41673371435547
244.0925702932587 162.54157502835415
244.0925702932587 163.66641634235285
244.0925702932587 164.79125765635155
244.0925702932587 165.91609897035022
244.0925702932587 167.0409402843489
244.0925702932587 168.16578159834756
244.0925702932587 169.29062291234624
242.59278187459392 169.6655700170125
241.84288766526137 170.79041133101117
241.09299345592885 171.91525264500984
239.96815214193015 172.66514685434228
239.21825793259774 173.78998816834098
239.21825793259774 174.91482948233966
238.46836372326527 176.03967079633838
238.46836372326527 177.164512110337
238.46836372326527 178.28935342433573
238.8433108279316 179.4141947383344
239.59320503726394 180.5390360523331
239.59320503726394 181.66387736633175
239.96815214193015 182.78871868033048
239.96815214193015 183.91355999432915
239.96815214193015 185.03840130832782
239.96815214193015 186.16324262232655
239.59320503726394 187.28808393632522
239.59320503726394 188.4129252503239
239.59320503726394 189.53776656432257
239.59320503726394 190.66260787832124
239.96815214193015 191.7874491923199
239.96815214193015 192.91229050631864
239.21825793259774 194.0371318203173
239.59320503726394 195.16197313431596
239.59320503726394 196.28681444831466
240.71804635126264 196.66176155298092
241.8428876652614 195.91186734364845
242.96772897926013 195.5369202389822
244.09257029325877 195.5369202389822
245.21741160725742 195.16197313431596
246.34225292125615 195.16197313431596
247.55135086024674 197.36238758700807
247.83252152284186 198.2058995747936
247.83252152284186 199.0494115625791
248.11369218543703 199.89292355036466
248.95720417322258 200.1740942129598
249.8007161610081 200.1740942129598
250.64422814879364 200.1740942129598
251.48774013657913 200.1740942129598
252.33125212436468 200.1740942129598
253.17476411215017 200.1740942129598
254.01827609993572 199.89292355036466
254.8617880877212 199.61175288776946
255.70530007550676 199.33058222517428
255.98647073810196 198.48707023738876
255.98647073810196 197.64355824960325
255.98647073810196 196.80004626181773
255.98647073810196 195.9565342740322
255.98647073810196 195.1130222862467
nb_points_on_contour: 26
255.34098343324558 179.0392476336682
254.2161421192469 178.66430052900196
253.09130080524818 177.53945921500326
251.9664594912495 176.78956500567082
250.84161817725084 176.78956500567082
249.71677686325216 177.16451211033706
248.9668826539197 178.28935342433573
248.21698844458723 179.4141947383344
247.09214713058856 179.78914184300066
245.96730581658989 180.5390360523331
245.21741160725742 181.66387736633177
245.21741160725742 182.78871868033048
244.46751739792495 183.91355999432915
245.59235871192362 184.66345420366162
246.34225292125615 185.7882955176603
247.46709423525482 185.7882955176603
248.5919355492535 186.53818972699275
249.71677686325216 186.53818972699275
250.84161817725084 185.03840130832782
251.9664594912495 185.03840130832782
253.09130080524818 183.53861288966291
254.2161421192469 183.53861288966291
255.34098343324558 182.038824470998
256.46582474724426 181.28893026166554
257.590666061243 180.5390360523331
257.9656131659092 179.0392476336682
slice_number: 10
nb_points_on_contour: 354
121.21146893198159 105.29877426431598
119.83320403950671 105.17347745590907
118.4549391470319 105.04818064750225
116.95137744614996 105.04818064750225
115.94900297889552 104.7975870306887
114.94662851164071 104.7975870306887
114.19484766119987 104.7975870306887
111.93950510987727 104.29639979706144
110.93713064262249 104.29639979706144
109.93475617536802 104.29639979706144
107.93000724085903 104.29639979706144
106.92763277360464 104.29639979706144
105.9252583063498 104.29639979706144
105.17347745590897 104.29639979706144
104.42169660546827 104.29639979706144
103.41932213821346 104.29639979706144
102.16635405414527 104.54699341387507
101.1639795868908 105.79996149794326
100.91338597007712 106.55174234838417
100.66279235326371 107.55411681563861
100.66279235326371 108.30589766607963
100.66279235326371 109.68416255855459
100.66279235326371 111.06242745102952
100.66279235326371 112.06480191828416
100.91338597007712 113.06717638553869
101.1639795868908 113.81895723597961
101.66516682051821 115.0719253200478
101.9157604373319 115.82370617048863
102.9181349045864 117.07667425455679
103.41932213821346 118.0790487218114
103.92050937184081 118.83082957225233
104.92288383909533 119.83320403950688
106.48698288075312 121.29739351506909
107.23687709008556 122.42223482906778
107.986771299418 123.54707614306645
108.73666550875046 124.67191745706515
108.73666550875046 125.79675877106382
109.48655971808293 126.92160008506251
109.48655971808293 128.0464413990612
110.2364539274154 129.1712827130599
110.2364539274154 130.29612402705857
110.98634813674784 131.42096534105724
111.73624234608027 132.5458066550559
112.48613655541277 134.04559507372085
113.61097786941141 134.79548928305329
114.73581918341011 134.79548928305329
116.23560760207505 135.54538349238572
117.36044891607372 135.54538349238572
118.4852902300724 136.2952777017182
119.98507864873733 137.04517191105066
120.73497285806977 138.5449603297156
122.23476127673467 139.29485453904803
122.98465548606714 140.41969585304673
124.10949680006584 140.79464295771294
124.10949680006584 141.9194842717116
124.10949680006584 143.41927269037654
125.23433811406423 144.54411400437522
125.98423232339695 145.6689553183739
126.73412653272928 146.79379663237256
127.85896784672806 147.9186379463713
127.48402074206169 149.04347926036996
128.2339149513941 150.16832057436864
128.2339149513941 151.2931618883673
128.2339149513941 152.41800320236598
128.2339149513941 153.5428445163647
128.2339149513941 154.66768583036338
128.2339149513941 155.79252714436205
128.2339149513941 156.91736845836073
128.2339149513941 158.04220977235943
128.2339149513941 159.16705108635813
128.2339149513941 160.2918924003568
127.48402074206169 161.41673371435547
127.48402074206169 162.54157502835415
127.48402074206169 164.04136344701908
126.73412653272928 165.16620476101775
125.98423232339695 166.29104607501642
124.48444390473185 167.0409402843489
122.98465548606706 167.79083449368136
121.85981417206827 168.16578159834756
121.85981417206827 169.29062291234624
120.7349728580696 169.6655700170125
119.23518443940483 170.79041133101117
118.48529023007217 171.91525264500984
117.73539602073976 173.04009395900854
116.98550181140732 174.16493527300707
116.98550181140732 175.28977658700592
116.23560760207499 176.4146179010046
116.23560760207499 177.53945921500326
116.23560760207499 178.66430052900182
116.23560760207499 179.78914184300066
115.4857133927423 180.91398315699934
115.4857133927423 182.038824470998
113.98592497407748 182.78871868033048
113.2360307647451 183.91355999432915
112.11118945074637 184.66345420366162
111.36129524141398 185.7882955176603
109.86150682274891 186.53818972699275
108.7366655087502 187.28808393632522
107.23687709008539 188.4129252503239
105.73708867142065 188.7878723549901
104.61224735742192 188.7878723549901
103.48740604342314 188.7878723549901
102.36256472942443 189.16281945965636
101.2377234154257 188.4129252503239
100.11288210142698 188.4129252503239
98.98804078742853 186.91313683165896
97.8631994734298 186.53818972699275
97.11330526409742 185.03840130832782
95.61351684543231 184.2885070989954
94.48867553143364 183.53861288966291
93.73878132210118 182.038824470998
92.98888711276885 180.91398315699934
91.86404579877006 180.91398315699934
90.76434448912505 179.85037526637274
89.38607959664986 179.47448484115228
87.3813306621409 179.1403600187341
85.37658172763196 178.80623519631592
83.37183279312265 178.47211037389775
81.49238066702037 178.47211037389775
79.61292854091815 178.47211037389775
77.85877322322261 178.47211037389775
76.85639875596812 178.47211037389775
75.85402428871365 178.2215167570841
75.10224343827284 178.2215167570841
74.35046258783174 178.2215167570841
72.34571365332283 178.2215167570841
71.59393280288174 178.2215167570841
70.84215195244096 178.2215167570841
70.09037110200009 178.2215167570841
68.0856221674909 178.973297607525
66.83265408342265 179.97567207477954
65.83027961616821 180.97804654203406
65.07849876572718 181.98042100928865
64.32671791528634 182.98279547654317
63.574937064845585 183.98516994379776
63.07374983121815 185.2381380278659
62.57256259759086 186.86699653715453
62.07137536396371 188.49585504644318
62.07137536396371 189.74882313051137
62.07137536396371 191.00179121457955
62.07137536396371 192.00416568183408
62.1966721723704 193.63302419112273
62.3219689807774 195.26188270041138
62.82315621440449 196.0136635508523
63.3243434480319 196.76544440129317
64.07612429847265 197.76781886854775
64.82790514891371 198.51959971898862
65.5796859993545 199.27138056942954
66.83265408342265 200.02316141987046
68.58680940111827 200.77494227031139
70.34096471881355 201.52672312075225
72.59630727013646 202.02791035437957
74.51752499904086 202.44556638240226
76.11626740278848 201.91102101830808
77.61605582145356 201.53607391364187
78.74089713545223 201.53607391364187
79.86573844945073 201.16112680897567
80.99057976344946 201.16112680897567
82.11542107744813 201.91102101830808
83.24026239144683 202.66091522764054
84.36510370544562 203.410809436973
85.48994501944435 203.410809436973
86.61478633344282 203.0358623323067
87.73962764744155 203.0358623323067
88.86446896144025 203.0358623323067
89.98931027543895 202.66091522764054
91.11415158943774 202.66091522764054
92.23899290343641 202.66091522764054
93.36383421743491 202.66091522764054
94.48867553143367 202.66091522764054
95.61351684543234 202.66091522764054
96.73835815943104 202.28596812297434
97.8631994734298 202.28596812297434
98.98804078742853 201.91102101830808
100.112882101427 201.91102101830808
101.61267052009202 201.16112680897567
102.73751183409081 200.7861797043094
103.86235314808926 200.4112325996432
105.36214156675427 201.16112680897567
106.48698288075298 201.91102101830808
107.61182419475176 202.66091522764054
108.36171840408412 203.78575654163922
109.48655971808287 204.16070364630548
110.61140103208135 203.78575654163922
110.9863481367477 202.66091522764054
112.1111894507464 201.53607391364187
112.1111894507464 200.4112325996432
112.8610836600788 199.28639128564447
114.36087207874388 198.91144418097826
115.1107662880762 197.7866028669796
116.61055470674106 197.41165576231333
117.73539602073978 197.7866028669796
118.4852902300722 198.91144418097826
119.98507864873719 200.03628549497694
119.61013154407092 201.16112680897567
120.3600257534033 202.28596812297434
121.10991996273594 203.410809436973
121.8598141720683 204.53565075097163
122.60970838140076 206.03543916963656
123.73454969539944 206.78533337896903
124.85939100939817 207.5352275883015
125.98423232339695 208.28512179763396
127.1090736373954 208.28512179763396
128.23391495139413 209.03501600696637
129.73370337005917 209.40996311163263
130.48359757939156 208.28512179763396
131.98338599805638 207.5352275883015
133.1082273120551 207.1602804836353
134.23306862605384 206.78533337896903
135.3579099400525 207.5352275883015
136.8576983587174 208.28512179763396
137.23264546338365 209.40996311163263
137.98253967271611 210.5348044256313
138.73243388204853 211.65964573963004
139.4823280913809 212.7844870536287
140.60716940537966 213.53438126296112
142.10695782404463 214.65922257695985
143.2317991380432 215.40911678629232
144.3566404520419 214.65922257695985
145.48148176604062 214.2842754722936
146.60632308003935 213.90932836762738
147.35621728937173 212.7844870536287
147.35621728937173 211.65964573963004
147.35621728937173 210.5348044256313
147.35621728937173 209.40996311163263
148.10611149870417 208.28512179763396
148.10611149870417 207.1602804836353
148.10611149870422 205.66049206497036
148.10611149870422 204.53565075097163
148.10611149870422 203.410809436973
148.10611149870422 201.91102101830808
148.10611149870422 200.7861797043094
148.10611149870422 199.66133839031073
148.10611149870422 198.53649707631195
148.10611149870422 197.41165576231333
147.35621728937176 195.91186734364845
147.35621728937176 194.78702602964978
146.60632308003937 193.28723761098485
146.60632308003937 192.16239629698617
146.60632308003937 191.03755498298744
146.60632308003937 189.91271366898877
146.60632308003937 188.7878723549901
145.85642887070694 187.66303104099143
145.85642887070694 186.53818972699275
145.85642887070694 185.41334841299408
145.85642887070694 184.2885070989954
146.6063230800394 183.53861288966291
145.10653466137447 182.78871868033048
145.10653466137447 181.6638773663317
143.60674624270956 180.91398315699934
142.85685203337712 179.78914184300066
142.10695782404468 178.66430052900188
141.35706361471213 177.53945921500326
140.60716940537972 176.4146179010046
139.8572751960473 175.28977658700592
139.10738098671484 174.16493527300713
139.10738098671484 173.04009395900854
138.3574867773824 171.54030554034364
138.3574867773824 170.4154642263449
138.3574867773824 169.29062291234624
138.3574867773824 168.16578159834756
138.3574867773824 167.0409402843489
137.2326454633837 165.91609897035022
137.2326454633837 164.79125765635155
136.48275125405124 163.66641634235285
136.48275125405124 162.54157502835415
136.10780414938503 161.41673371435547
136.10780414938503 160.2918924003568
136.10780414938503 159.16705108635813
136.48275125405124 158.04220977235943
136.85769835871747 156.91736845836073
137.60759256804985 155.41758003969585
137.98253967271617 154.29273872569712
138.73243388204858 152.79295030703224
139.10738098671484 151.66810899303357
140.23222230071354 150.9182147837011
140.98211651004598 149.41842636503617
142.10695782404468 148.66853215570373
143.2317991380433 147.16874373703882
143.98169334737582 146.04390242304015
145.10653466137447 145.29400821370768
146.23137597537308 144.54411400437522
146.98127018470564 143.0443255857103
148.10611149870428 142.29443137637787
148.85600570803678 141.16959006237917
149.60589991736924 142.66937848104408
149.9808470220355 141.5445371670454
151.1056883360341 141.5445371670454
151.85558254536664 140.41969585304673
152.98042385936523 140.41969585304673
153.73031806869778 139.29485453904803
154.8551593826964 138.17001322504933
155.98000069669507 137.04517191105066
155.6050535920289 135.920330597052
155.98000069669507 134.42054217838705
156.72989490602757 132.92075375972217
157.47978911536003 131.42096534105724
158.2296833246925 129.9211769223923
159.35452463869117 129.1712827130599
159.72947174335735 127.67149429439496
160.85431305735602 127.67149429439496
161.97915437135475 126.92160008506251
163.10399568535345 125.4218116663976
163.8538898946859 123.92202324773267
164.9787312086846 122.42223482906776
166.1035725226833 121.67234061973531
167.2284138366819 120.92244641040286
167.60336094134817 119.79760509640411
168.35325515068058 118.6727637824055
169.10314936001305 117.17297536374059
169.4780964646793 116.04813404974188
169.85304356934552 114.92329273574322
169.85304356934552 113.79845142174455
169.85304356934552 112.67361010774584
168.35325515068058 111.9237158984134
167.2284138366819 111.17382168908094
166.1035725226833 110.42392747974847
164.9787312086846 109.67403327041603
163.8538898946859 109.67403327041603
162.72904858068716 109.67403327041603
161.60420726668852 109.67403327041603
160.10441884802364 109.67403327041603
158.9795775340249 109.67403327041603
157.8547362200262 109.67403327041603
156.35494780136136 108.92413906108357
155.23010648736266 109.2990861657498
154.10526517336393 109.2990861657498
152.98042385936523 109.2990861657498
151.85558254536664 109.2990861657498
150.73074123136794 109.2990861657498
149.60589991736924 109.2990861657498
148.48105860337057 108.54919195641735
147.3562172893718 107.79929774708489
145.48148176604073 108.17424485175113
143.98169334737588 107.42435064241866
142.85685203337718 107.42435064241866
141.73201071937848 107.42435064241866
140.60716940537978 107.79929774708489
139.48232809138108 107.04940353775243
138.35748677738246 107.04940353775243
137.23264546338376 107.04940353775243
136.1078041493851 106.29950932841999
134.9829628353864 106.29950932841999
133.85812152138772 106.29950932841999
132.73328020738902 105.54961511908752
131.60843889339034 105.54961511908752
130.48359757939167 105.54961511908752
129.35875626539297 104.79972090975507
128.23391495139427 104.79972090975507
127.10907363739554 104.79972090975507
125.98423232339695 104.79972090975507
124.85939100939822 104.79972090975507
123.73454969539952 105.17466801442129
122.60970838140085 105.17466801442129
nb_points_on_contour: 250
274.26256380678825 169.24532132749061
274.26256380678825 168.4018093397051
273.4190518190028 168.12063867710992
272.5755398312172 168.12063867710992
271.7320278434317 168.12063867710992
270.8885158556462 168.12063867710992
270.04500386786066 168.12063867710992
269.20149188007514 168.12063867710992
268.3579798922896 168.12063867710992
267.5144679045041 168.12063867710992
266.6709559167185 168.12063867710992
265.82744392893306 168.12063867710992
264.9839319411475 168.12063867710992
264.140419953362 168.12063867710992
263.29690796557645 167.83946801451475
262.45339597779093 167.55829735191958
261.6098839900054 167.2771266893244
260.7663720022199 166.71478536413406
259.6416893518392 166.1524440389437
259.07934802664886 165.3089320511582
258.23583603886334 164.74659072596782
257.95466537626817 163.9030787381823
257.95466537626817 163.0595667503968
257.95466537626817 162.21605476261126
257.95466537626817 161.37254277482572
258.7981773640537 160.5290307870402
259.36051868924403 159.68551879925468
260.20403067702955 159.12317747406433
261.04754266481507 158.84200681146916
261.8910546526006 158.84200681146916
263.01573730298134 158.84200681146916
263.8592492907668 158.84200681146916
264.9839319411475 158.84200681146916
265.82744392893306 159.12317747406433
266.6709559167185 159.12317747406433
267.5144679045041 159.4043481366595
268.3579798922896 159.4043481366595
269.20149188007514 159.4043481366595
270.32617453045583 159.4043481366595
271.4508571808365 159.4043481366595
272.29436916862204 159.4043481366595
273.13788115640756 159.4043481366595
273.9813931441931 159.4043481366595
274.82490513197865 159.4043481366595
275.6684171197641 159.4043481366595
276.5119291075497 159.4043481366595
277.3554410953352 159.4043481366595
278.1989530831207 159.4043481366595
279.04246507090625 159.4043481366595
280.3384156086407 157.9234337951796
280.3384156086407 156.67046571111138
280.3384156086407 155.1669040102296
280.3384156086407 153.41274869253414
280.3384156086407 151.9091869916523
280.3384156086407 150.15503167395684
280.3384156086407 148.4008763562614
280.3384156086407 146.64672103856594
280.3384156086407 144.8925657208705
280.08782199182707 143.6395976368023
279.8372283750133 142.13603593592046
279.58663475819975 141.13366146866596
279.58663475819975 140.1312870014114
279.08544752457254 139.12891253415688
279.08544752457254 138.37713168371596
278.4589634825384 137.24946040805457
277.8324794405043 136.12178913239325
276.8301049732497 134.86882104832506
276.0783241228088 134.3676338146978
275.5771368891814 133.61585296425687
274.32416880511335 132.86407211381595
273.0712007210453 132.11229126337503
272.31941987060435 131.86169764656142
270.3146709360952 131.1099167961205
268.81110923521345 130.85932317930687
267.55814115114526 130.3581359456796
266.05457945026336 130.10754232886597
264.3004241325682 129.85694871205231
262.29567519805875 129.60635509523865
260.792113497177 129.35576147842505
258.78736456266813 128.8545742447978
257.5343964785999 128.72927743639093
256.2814283945317 128.60398062798416
254.77786669364977 128.35338701117053
253.27430499276795 128.10279339435687
252.5225241423272 127.85219977754326
251.77074329188605 127.85219977754326
250.76836882463164 127.85219977754326
249.2648071237497 127.85219977754326
247.76124542286794 127.85219977754326
246.00709010517255 128.10279339435687
244.7541220211043 128.10279339435687
243.75174755384998 128.60398062798416
242.24818585296796 129.1051678616114
240.74462415208623 129.60635509523865
239.74224968483168 129.85694871205231
238.99046883439078 129.85694871205231
238.23868798394994 130.10754232886597
237.48690713350908 130.85932317930687
236.48453266625438 131.86169764656142
234.98097096537265 133.3652593474432
233.96899846727064 133.29570086438838
232.84415715327188 134.04559507372085
231.71931583927318 134.04559507372085
230.5944745252745 134.79548928305329
229.46963321127578 135.54538349238572
228.71973900194325 137.04517191105066
227.59489768794452 137.79506612038313
226.47005637394608 137.79506612038313
225.34521505994732 138.5449603297156
224.970267955281 140.04474874838047
223.8454266412823 140.04474874838047
222.72058532728357 140.79464295771294
221.9706911179513 142.29443137637787
220.8458498039525 143.04432558571034
219.72100848995385 142.66937848104408
218.5961671759552 141.9194842717116
217.47132586195644 141.1695900623792
216.72143165262406 140.04474874838047
215.5965903386254 139.66980164371427
214.47174902462675 138.5449603297156
213.34690771062805 137.79506612038313
212.2220663966293 137.79506612038313
211.09722508263064 137.79506612038313
209.97238376863191 138.5449603297156
208.84754245463319 138.5449603297156
207.7227011406345 139.29485453904803
207.3477540359683 140.79464295771294
206.22291272196966 140.79464295771294
205.09807140797093 141.5445371670454
204.3481771986386 142.66937848104408
204.3481771986386 143.79421979504278
205.09807140797093 144.91906110904142
205.8479656173035 146.04390242304015
206.5978598266359 147.16874373703882
207.3477540359683 148.2935850510375
208.09764824530083 149.41842636503617
208.84754245463319 150.54326767903484
209.5974366639657 151.66810899303357
209.5974366639657 152.79295030703224
210.34733087329812 153.91779162103091
211.09722508263064 155.0426329350296
211.84711929196317 156.16747424902826
212.5970135012955 157.292315563027
213.34690771062805 158.41715687702566
214.09680191996034 159.54199819102433
215.22164323395907 160.666839505023
215.22164323395907 161.79168081902168
216.34648454795774 162.54157502835415
216.34648454795774 163.66641634235285
216.72143165262406 164.79125765635155
217.47132586195644 165.91609897035022
217.47132586195644 167.0409402843489
218.22122007128908 168.16578159834756
218.97111428062132 169.29062291234624
218.97111428062132 170.4154642263449
218.97111428062132 171.54030554034364
218.97111428062132 172.66514685434225
218.97111428062132 173.78998816834098
218.97111428062132 174.91482948233966
218.97111428062132 176.03967079633838
219.72100848995385 177.164512110337
219.72100848995385 178.28935342433573
219.72100848995385 179.4141947383344
219.72100848995385 180.5390360523331
220.4709026992864 181.6638773663317
220.4709026992864 182.78871868033048
221.2207969086187 183.91355999432915
221.9706911179513 185.03840130832782
221.9706911179513 186.16324262232655
221.9706911179513 187.28808393632522
221.9706911179513 188.7878723549901
221.9706911179513 189.91271366898877
221.9706911179513 191.03755498298742
222.72058532728357 192.16239629698617
222.72058532728357 193.28723761098485
222.72058532728357 194.41207892498352
222.72058532728357 195.5369202389822
222.34563822261742 196.66176155298092
221.2207969086188 197.03670865764713
221.2207969086188 198.1615499716458
221.97069111795133 199.28639128564447
222.72058532728374 200.4112325996432
223.47047953661627 201.53607391364187
223.47047953661627 202.66091522764054
224.97026795528112 203.78575654163922
224.97026795528112 204.9105978556379
224.97026795528112 206.03543916963656
226.47005637394608 207.5352275883015
227.59489768794452 207.1602804836353
228.71973900194325 206.78533337896903
229.84458031594198 206.41038627430282
230.96942162994065 206.41038627430282
232.09426294393936 206.41038627430282
233.219104257938 206.41038627430282
234.34394557193673 206.41038627430282
235.8437339906016 207.1602804836353
236.9685753046003 207.1602804836353
238.09341661859906 206.78533337896903
239.2182579325977 206.03543916963656
240.34309924659644 206.03543916963656
241.09299345592876 204.9105978556379
240.52208429536736 202.70463017631636
240.52208429536736 201.86111818853087
239.959742970177 201.01760620074535
239.39740164498664 200.1740942129598
238.83506031979627 199.33058222517428
238.27271899460595 198.48707023738876
237.4292070068204 197.64355824960325
237.14803634422523 196.80004626181773
237.14803634422523 195.9565342740322
237.4292070068204 195.1130222862467
237.99154833201078 194.26951029846117
238.27271899460595 193.42599831067562
239.11623098239147 193.14482764808048
239.959742970177 193.42599831067562
240.8032549579625 193.70716897327083
241.64676694574803 193.98833963586597
242.2091082709384 194.83185162365152
243.05262025872392 195.39419294884186
243.89613224650944 195.9565342740322
244.73964423429496 196.80004626181773
245.02081489689013 197.64355824960325
245.58315622208045 198.48707023738876
245.58315622208045 199.33058222517428
246.71720002592224 198.91144418097824
248.21698844458712 197.7866028669796
248.96688265391964 196.66176155298092
249.71677686325197 195.5369202389822
250.46667107258452 194.41207892498352
251.01896244144527 192.5053529154614
251.77074329188605 191.75357206502045
253.02371137595424 190.5006039809523
254.27667946002245 189.2476358968841
255.27905392727706 188.24526142962958
256.0308347777179 187.49348057918866
256.53202201134525 186.74169972874773
257.2838028617861 186.24051249512047
257.78499009541343 185.2381380278659
259.03795817948156 183.98516994379776
260.04033264673626 182.73220185972957
261.29330073080445 181.2286401588476
261.7944879644314 180.4768593084068
262.0450815812453 179.72507845796594
262.5462688148725 178.973297607525
263.2980496653134 177.9709231402705
263.7992368989407 177.21914228982956
264.55101774938163 176.46736143938855
265.80398583344976 175.4649869721341
267.056953917518 174.46261250487956
268.05932838477264 173.7108316544386
nb_points_on_contour: 85
247.46709423525482 184.2885070989954
247.84204133992102 183.16366578499668
248.9668826539197 181.66387736633177
250.09172396791843 180.5390360523331
251.2165652819171 179.0392476336682
250.46667107258463 177.9144063196695
251.2165652819171 176.78956500567082
251.5915123865833 175.66472369167212
251.5915123865833 174.53988237767345
251.5915123865833 173.41504106367478
251.5915123865833 172.2901997496761
251.9664594912495 171.1653584356774
251.9664594912495 170.0405171216787
251.9664594912495 168.91567580768003
251.9664594912495 167.79083449368136
251.9664594912495 166.66599317968266
251.9664594912495 165.541151865684
251.9664594912495 164.41631055168529
251.9664594912495 162.9165221330204
251.5915123865833 161.41673371435547
250.84161817725084 160.2918924003568
250.09172396791843 159.16705108635813
248.9668826539197 158.41715687702566
247.84204133992102 158.41715687702566
246.71720002592235 158.41715687702566
245.59235871192362 158.41715687702566
244.09257029325875 158.41715687702566
242.2178347699276 158.41715687702566
240.71804635126267 158.41715687702566
239.593205037264 158.41715687702566
238.46836372326533 158.41715687702566
237.3435224092666 158.41715687702566
236.21868109526793 158.41715687702566
235.0938397812693 158.41715687702566
233.96899846727064 158.79210398169187
232.8441571532719 158.79210398169187
231.34436873460697 159.54199819102433
229.8445803159421 160.2918924003568
228.71973900194337 161.04178660968927
227.96984479261096 162.16662792368794
227.2199505832785 163.2914692376866
227.2199505832785 164.41631055168529
226.47005637394608 165.541151865684
226.47005637394608 166.66599317968266
226.47005637394608 167.79083449368136
226.47005637394608 168.91567580768003
226.84500347861228 170.0405171216787
227.2199505832785 171.1653584356774
227.2199505832785 172.2901997496761
227.2199505832785 173.41504106367478
227.2199505832785 174.53988237767345
227.2199505832785 175.66472369167212
227.2199505832785 176.78956500567082
227.2199505832785 177.9144063196695
226.47005637394608 179.0392476336682
226.47005637394608 180.16408894766687
226.84500347861228 181.28893026166554
226.84500347861228 182.4137715756642
226.84500347861228 183.53861288966291
226.84500347861228 184.66345420366162
226.84500347861228 185.7882955176603
226.84500347861228 186.91313683165896
226.84500347861228 188.4129252503239
226.84500347861228 189.53776656432257
227.2199505832785 190.66260787832124
227.5948976879447 191.7874491923199
228.34479189727716 192.91229050631864
229.09468610660963 194.0371318203173
229.8445803159421 195.16197313431599
230.96942162994077 195.91186734364845
232.09426294393944 196.28681444831466
233.2191042579381 195.5369202389822
233.96899846727064 194.41207892498352
234.71889267660305 192.91229050631864
235.46878688593551 191.7874491923199
236.5936281999342 190.66260787832124
237.71846951393286 190.66260787832124
238.46836372326533 189.16281945965636
239.593205037264 189.16281945965636
240.34309924659647 187.66303104099143
241.46794056059514 186.16324262232655
242.59278187459387 186.16324262232655
243.71762318859254 186.16324262232655
244.84246450259116 185.41334841299408
245.96730581658989 184.66345420366162
nb_points_on_contour: 98
272.21360314322567 254.77856277624608
273.3384444572243 254.40361567157998
273.3384444572243 253.2787743575813
274.0883386665568 252.15393304358264
274.8382328758893 251.02909172958397
275.96307418988795 249.52930331091903
276.33802129455415 248.4044619969202
276.33802129455415 247.2796206829217
275.2131799805555 246.90467357825526
273.7133915618906 246.90467357825526
272.5885502478919 246.90467357825526
271.4637089338932 246.90467357825526
270.3388676198946 246.52972647358922
268.83907920122965 246.52972647358922
267.714237887231 246.9046735782553
266.5893965732323 246.9046735782553
265.4645552592336 246.9046735782553
264.33971394523485 246.9046735782553
262.83992552657 246.9046735782553
261.71508421257136 246.9046735782553
260.59024289857257 247.2796206829217
259.09045447990775 247.2796206829217
257.9656131659091 247.2796206829217
256.84077185191035 247.6545677875879
255.71593053791167 247.6545677875879
254.59108922391295 247.6545677875879
253.46624790991416 247.6545677875879
252.34140659591577 248.02951489225416
251.2165652819171 248.02951489225416
249.71677686325194 248.40446199692025
248.21698844458712 248.40446199692025
247.09214713058844 248.40446199692025
245.96730581658971 248.77940910158645
244.46751739792484 249.15435620625283
241.84288766526134 248.02951489225416
240.71804635126261 248.4044619969203
239.59320503726394 248.7794091015865
238.09341661859906 249.52930331091903
236.96857530460034 249.90425041558518
235.84373399060166 249.90425041558518
234.718892676603 250.65414462491765
233.59405136260426 251.40403883425017
232.4692100486056 252.15393304358264
231.71931583927318 253.2787743575813
230.2195274206083 254.40361567157998
229.84458031594204 255.5284569855787
229.84458031594204 256.65329829957733
229.09468610660963 257.778139613576
229.09468610660963 258.9029809275747
229.09468610660963 260.0278222415734
229.09468610660963 261.1526635555721
229.84458031594204 262.2775048695708
230.2195274206083 263.4023461835695
230.2195274206083 264.5271874975681
229.46963321127583 266.4019230208993
229.46963321127583 267.52676433489796
230.21952742060836 268.65160564889663
230.96942162994077 269.77644696289536
232.09426294393944 270.52634117222783
232.8441571532719 271.6511824862265
234.34394557193684 272.7760238002252
234.71889267660305 273.90086511422385
235.84373399060172 274.6507593235563
236.9685753046004 274.6507593235563
237.71846951393286 276.1505477422212
238.8433108279316 276.90044195155366
239.9681521419302 276.90044195155366
241.09299345592888 276.90044195155366
242.2178347699276 276.52549484688745
243.71762318859254 276.1505477422212
244.84246450259116 275.775600637555
245.96730581658989 275.0257064282225
247.09214713058856 274.27581221889005
248.21698844458723 273.52591800955764
249.3418297585859 272.7760238002252
250.46667107258463 272.4010766955589
251.5915123865833 272.0261295908927
252.71635370058198 271.6511824862265
253.8411950145807 271.27623538156024
254.96603632857938 271.27623538156024
256.09087764257805 270.52634117222783
257.2157189565767 270.15139406756157
258.3405602705754 269.4014998582291
259.46540158457407 269.0265527535629
260.59024289857274 268.65160564889663
261.3401371079052 267.52676433489796
262.46497842190394 266.7768701255655
263.9647668405688 266.0269759162331
264.7146610499013 264.90213460223436
265.8395023639 264.15224039290194
266.9643436778986 263.4023461835695
266.5893965732324 262.2775048695708
267.7142378872311 261.52761066023834
268.46413209656356 260.4027693462396
269.5889734105623 259.27792803224094
270.71381472456096 258.15308671824226
272.21360314322584 257.4031925089098
272.21360314322584 256.2783511949111
nb_points_on_contour: 38
125.52328329394098 197.36238758700807
126.3667952817265 197.36238758700807
127.21030726951201 197.36238758700807
128.05381925729756 197.36238758700807
128.89733124508308 197.36238758700807
129.7408432328686 197.36238758700807
130.58435522065412 196.80004626181773
130.8655258832493 195.9565342740322
130.8655258832493 195.1130222862467
130.8655258832493 194.26951029846117
130.8655258832493 193.42599831067562
130.8655258832493 192.58248632289008
130.8655258832493 191.7389743351046
130.58435522065412 190.89546234731907
130.30318455805894 190.05195035953352
129.45967257027343 189.48960903434318
128.6161605824879 188.92726770915283
127.77264859470237 188.64609704655766
126.92913660691686 188.64609704655766
126.08562461913134 188.64609704655766
125.24211263134579 188.64609704655766
124.39860064356027 188.64609704655766
123.55508865577475 188.64609704655766
122.71157666798923 188.64609704655766
121.8680646802037 188.64609704655766
121.02455269241818 188.92726770915283
120.74338202982302 189.77077969693838
120.46221136722784 190.89546234731907
120.46221136722784 191.7389743351046
120.46221136722784 192.58248632289008
120.46221136722784 193.42599831067562
120.74338202982302 194.26951029846117
121.02455269241818 195.1130222862467
121.8680646802037 195.9565342740322
122.71157666798923 196.51887559922255
123.55508865577475 197.0812169244129
124.39860064356027 197.36238758700807
125.24211263134579 197.36238758700807
slice_number: 11
nb_points_on_contour: 88
111.4383178762499 186.49110611193407
110.68653702580914 185.48873164467955
109.93475617536805 184.48635717742502
108.18060085767277 183.48398271017038
107.4288200072317 183.23338909335683
106.6770391567909 182.73220185972957
105.92525830634983 182.73220185972957
105.173477455909 182.4816082429159
104.42169660546827 182.23101462610225
103.66991575502718 182.23101462610225
102.41694767095902 181.98042100928865
101.66516682051821 181.98042100928865
100.66279235326371 181.98042100928865
99.91101150282267 181.98042100928865
99.1592306523819 181.729827392475
98.4074498019408 181.729827392475
97.86319947342986 181.28893026166554
97.11330526409742 180.16408894766687
95.98846395009872 179.4141947383344
95.23856974076628 178.28935342433573
93.73878132210135 178.66430052900196
92.61394000810267 179.0392476336682
91.48909869410397 179.4141947383344
90.36425738010533 179.78914184300066
88.11457475210787 180.91398315699934
86.9897334381092 180.91398315699934
85.8648921241105 180.5390360523331
84.74005081011177 180.5390360523331
83.61520949611318 180.1640889476668
82.49036818211451 180.1640889476668
81.36552686811578 180.1640889476668
80.24068555411708 179.78914184300066
79.1158442401184 179.78914184300066
77.99100292611968 179.78914184300066
76.86616161212112 179.4141947383344
75.36637319345613 179.4141947383344
74.24153187945743 180.1640889476668
74.61647898412372 182.4137715756642
74.61647898412372 183.53861288966291
75.36637319345616 185.03840130832782
76.86616161212112 185.7882955176603
77.61605582145356 186.91313683165896
77.61605582145356 188.03797814565763
78.74089713545223 188.03797814565763
79.11584424011843 189.16281945965636
80.6156326587834 189.91271366898877
81.36552686811581 191.03755498298744
78.74089713545223 192.91229050631864
80.24068555411705 193.6621847156511
81.36552686811578 194.0371318203173
81.74047397278207 195.16197313431599
82.86531528678066 195.91186734364845
83.61520949611318 197.03670865764713
84.74005081011174 197.7866028669796
86.23983922877673 198.53649707631195
87.73962764744158 198.91144418097826
88.86446896144028 198.91144418097826
89.98931027543895 198.91144418097826
91.11415158943774 198.53649707631195
92.23899290343641 198.53649707631195
93.73878132210123 199.28639128564447
94.4886755314337 200.7861797043094
95.61351684543237 201.53607391364187
96.36341105476481 202.66091522764054
97.48825236876351 203.410809436973
98.61309368276221 204.16070364630548
99.73793499676091 204.16070364630548
100.8627763107597 203.78575654163922
102.73751183409081 203.0358623323067
103.86235314808928 202.66091522764054
104.98719446208801 201.91102101830808
106.11203577608674 201.16112680897567
107.23687709008544 200.7861797043094
107.98677129941788 199.66133839031073
107.67941362404537 198.51959971898862
107.93000724085903 197.76781886854775
108.18060085767277 196.76544440129317
108.43119447448618 196.0136635508523
108.6817880912999 195.26188270041138
109.18297532492721 194.25950823315685
109.68416255855465 193.50772738271593
109.93475617536805 192.755946532275
110.4359434089954 192.00416568183408
110.93713064262252 191.25238483139321
111.18772425943621 190.5006039809523
111.68891149306356 189.74882313051137
111.93950510987727 188.99704228007045
112.19009872669102 188.24526142962958
slice_number: 12
nb_points_on_contour: 84
104.17110298865452 186.24051249512047
102.9181349045864 186.9922933455614
102.16635405414536 187.49348057918866
101.41457320370452 188.24526142962958
100.9133859700772 188.99704228007045
99.91101150282273 190.5006039809523
99.66041788600901 191.25238483139321
99.1592306523819 192.00416568183408
98.65804341875452 193.00654014908866
97.90626256831371 194.0089146163432
97.65566895149999 194.7606954667841
97.40507533468636 195.51247631722504
96.90388810105898 196.89074120970002
96.4027008674318 198.269006102175
96.15210725061817 199.02078695261594
96.15210725061817 199.7725678030568
96.73835815943119 201.16112680897567
96.73835815943119 202.28596812297434
97.48825236876363 203.410809436973
98.61309368276233 204.53565075097168
100.1128821014272 205.28554496030415
101.2377234154259 204.9105978556379
102.3625647294246 204.53565075097168
103.48740604342328 205.28554496030415
103.48740604342328 206.41038627430282
104.23730025275574 207.5352275883015
104.61224735742198 208.66006890230022
105.73708867142065 208.66006890230022
107.23687709008556 208.66006890230022
108.36171840408426 208.66006890230022
109.1116126134167 207.5352275883015
109.86150682274913 206.41038627430282
110.98634813674784 206.03543916963656
112.11118945074654 205.66049206497036
113.61097786941141 206.03543916963656
113.61097786941141 207.1602804836353
113.61097786941141 208.28512179763396
113.61097786941141 209.40996311163263
113.61097786941141 210.5348044256313
113.61097786941141 211.65964573963004
115.11076628807626 212.40953994896245
115.8606604974087 213.53438126296112
116.9855018114074 214.65922257695985
117.36044891607372 215.78406389095852
117.73539602073984 216.9089052049572
118.86023733473854 217.65879941428966
119.98507864873724 217.65879941428966
121.10991996273594 217.65879941428966
122.23476127673453 216.15901099562478
122.98465548606706 214.65922257695985
124.10949680006584 213.90932836762738
124.8593910093982 212.7844870536287
125.23433811406431 211.28469863496377
125.98423232339695 210.1598573209651
126.35917942806307 209.03501600696637
126.73412653272933 207.91017469296776
127.48402074206177 206.03543916963656
127.85896784672806 204.9105978556379
128.23391495139418 203.78575654163922
128.23391495139418 202.66091522764054
127.48402074206177 201.53607391364187
126.35917942806307 201.53607391364187
125.23433811406431 200.7861797043094
123.35960259073326 200.4112325996432
122.23476127673459 200.4112325996432
121.10991996273594 200.4112325996432
119.61013154407101 200.03628549497694
118.11034312540613 199.28639128564447
117.36044891607372 197.7866028669796
117.36044891607372 196.66176155298092
118.48529023007237 195.91186734364845
118.48529023007237 194.78702602964978
117.7353960207399 193.28723761098485
116.23560760207502 192.53734340165238
115.48571339274253 191.03755498298744
113.98592497407762 190.28766077365503
113.23603076474518 188.7878723549901
112.11118945074651 188.7878723549901
112.11118945074651 187.66303104099143
110.98634813674781 187.28808393632522
109.86150682274908 187.28808393632522
108.36171840408423 186.53818972699275
107.23687709008553 186.53818972699275
106.11203577608683 186.91313683165896
nb_points_on_contour: 199
250.5177752078178 112.31539553509774
249.26480712374962 113.06717638553869
248.2624326564952 113.81895723597961
247.00946457242702 114.82133170323411
245.25530925473163 116.57548702092961
243.50115393703607 118.32964233862495
242.49877946978177 119.58261042269325
240.9952177688997 121.08617212357507
239.74224968483162 122.58973382445687
238.48928160076343 124.0932955253387
237.23631351669525 125.59685722622052
236.23393904944083 126.59923169347505
235.23156458218614 127.35101254391596
234.73037734855887 128.35338701117053
233.4774092644907 129.60635509523865
232.72562841404977 130.60872956249324
231.973847563609 131.61110402974776
230.97147309635432 132.61347849700235
229.46791139547264 134.4929306231046
227.96434969459068 136.37238274920685
226.4607879937089 137.8759444500887
225.4584135264543 139.12891253415688
223.95485182557263 140.63247423503867
222.95247735831794 141.3842550854796
221.95010289106352 142.38662955273415
220.94772842380883 143.38900401998868
220.19594757336807 144.14078487042957
219.44416672292726 144.64197210405683
218.69238587248606 145.39375295449776
217.81530821363862 146.39612742175228
216.93823055479078 147.39850188900687
215.6852624707227 148.90206358988866
215.18407523709533 149.65384444032958
214.18170076984063 151.15740614121142
213.93110715302726 151.9091869916523
213.68051353621337 153.16215507572048
213.42991991939982 154.41512315978866
213.42991991939982 155.1669040102296
213.42991991939982 156.1692784774841
213.68051353621337 157.17165294473867
215.18407523709533 158.67521464562049
215.93585608753614 158.9258082624341
217.18882417160438 159.4269954960614
217.9406050220452 159.4269954960614
218.9429794892999 159.4269954960614
220.57183799858842 159.4269954960614
222.200696507877 159.4269954960614
224.5953208506147 158.04220977235943
225.3452150599473 156.91736845836073
226.09510926927965 155.79252714436205
227.59489768794447 155.0426329350296
228.7197390019432 155.0426329350296
229.09468610660963 156.1674742490283
230.2195274206083 157.292315563027
230.9694216299406 158.41715687702566
231.71931583927318 159.54199819102433
232.46921004860542 160.666839505023
233.21910425793794 161.79168081902168
233.21910425793794 162.9165221330204
233.21910425793794 164.04136344701908
233.96899846727064 165.16620476101775
234.71889267660288 166.29104607501642
235.4687868859354 167.79083449368136
236.5936281999342 168.16578159834756
237.34352240926637 169.29062291234624
238.09341661859895 170.4154642263449
239.59320503726383 170.4154642263449
240.7180463512625 170.0405171216787
241.84288766526123 170.0405171216787
242.59278187459387 169.6655700170125
242.96772897925996 168.54072870301383
242.96772897925996 167.4158873890151
242.96772897925996 166.29104607501642
243.34267608392616 164.79125765635155
244.46751739792484 164.41631055168529
244.84246450259093 162.9165221330204
245.96730581658971 162.9165221330204
247.09214713058844 162.16662792368794
248.21698844458712 161.41673371435547
249.3418297585858 162.16662792368794
249.71677686325194 163.2914692376866
251.2165652819171 164.41631055168529
252.34140659591577 165.16620476101775
252.34140659591577 166.29104607501642
252.34140659591577 167.4158873890151
251.96645949124934 168.54072870301383
251.96645949124934 169.6655700170125
251.2165652819171 170.79041133101117
250.46667107258446 172.2901997496761
249.71677686325188 173.41504106367478
248.59193554925315 174.53988237767345
247.46709423525476 175.66472369167204
246.71720002592218 176.7895650056708
247.7612454228679 176.96854867301593
249.01421350693607 177.72032952345683
251.01896244144518 178.7227039907113
252.27193052551337 179.47448484115228
253.02371137595412 179.72507845796594
253.77549222639533 179.97567207477954
254.52727307683608 180.2262656915932
255.279053927277 180.4768593084068
256.7826156281591 180.85274973362726
258.2861773290407 181.2286401588476
259.5391454131088 181.98042100928865
260.29092626354975 182.23101462610225
261.5438943476179 182.73220185972957
262.2956751980587 182.98279547654317
263.0474560484995 183.23338909335683
264.7146610499012 184.2885070989954
265.8395023639 183.16366578499665
266.58939657323236 182.038824470998
267.33929078256483 180.5390360523331
267.71423788723104 179.4141947383344
267.71423788723104 178.28935342433573
268.0891849918972 177.16451211033703
268.46413209656356 176.03967079633838
268.8390792012297 174.91482948233966
269.58897341056223 173.78998816834098
270.33886761989464 172.66514685434228
271.0887618292271 171.1653584356774
272.2136031432258 170.0405171216787
273.33844445722445 168.91567580768003
274.0883386665569 167.79083449368136
275.2131799805556 167.0409402843489
276.33802129455427 166.29104607501642
277.08791550388673 164.79125765635155
278.21275681788546 163.66641634235285
279.3375981318841 162.9165221330204
279.3375981318841 161.41673371435547
280.46243944588275 160.2918924003568
280.837386550549 159.16705108635813
281.2123336552152 158.04220977235943
281.96222786454774 156.91736845836073
283.0870691785464 156.1674742490283
284.211910492545 155.0426329350296
285.3367518065437 154.29273872569712
286.4615931205425 153.91779162103091
285.3367518065438 153.16789741169845
284.58685759721135 152.04305609769978
283.8369633878789 150.9182147837011
283.8369633878789 149.79337346970243
283.08706917854647 148.66853215570373
283.4620162832127 147.54369084170506
284.2119104925451 146.04390242304015
285.3367518065438 144.54411400437522
286.4615931205425 144.54411400437522
287.58643443454116 143.79421979504278
287.9613815392074 142.29443137637787
288.71127574853983 140.79464295771294
289.46116995787236 139.66980164371427
289.83611706253856 138.5449603297156
290.21106416720477 137.4201190157169
290.58601127187103 136.2952777017182
290.58601127187103 135.17043638771952
289.83611706253856 134.04559507372085
289.46116995787236 132.5458066550559
289.46116995787236 131.42096534105724
288.71127574853983 130.29612402705857
287.58643443454116 129.1712827130599
286.83654022520875 128.0464413990612
286.83654022520875 126.92160008506251
286.0866460158763 125.79675877106382
285.3367518065438 124.67191745706515
283.8369633878789 123.92202324773268
283.8369633878789 122.797181933734
282.337174969214 122.04728772440154
282.337174969214 120.92244641040287
281.2123336552153 120.17255220107042
280.4624394458828 118.6727637824055
279.7125452365504 117.54792246840682
278.5877039225517 116.79802825907436
277.83780971321926 115.67318694507568
276.3380212945543 114.54834563107698
275.21317998055565 113.79845142174455
274.46328577122324 112.29866300307962
272.96349735255825 111.54876879374717
272.58855024789204 110.42392747974849
271.4637089338934 110.04898037508227
270.71381472456096 108.92413906108357
269.5889734105623 108.17424485175113
269.21402630589597 107.04940353775243
267.7142378872311 106.29950932841999
266.5893965732324 105.54961511908752
265.8395023639 104.04982670042261
264.7146610499013 104.04982670042261
264.7146610499013 102.92498538642393
263.5898197359026 102.92498538642393
262.46497842190394 102.17509117709147
261.3401371079052 102.17509117709147
260.21529579390653 102.55003828175771
259.09045447990786 102.92498538642393
257.590666061243 103.67487959575638
256.09087764257805 104.42477380508885
254.96603632857938 105.17466801442129
254.2161421192469 106.29950932841999
253.4662479099144 107.42435064241866
252.71635370058198 108.54919195641735
251.9664594912495 109.67403327041603
251.9664594912495 110.7988745844147
slice_number: 15
nb_points_on_contour: 357
279.0854475245726 110.06005298377505
278.3336666741317 109.55886575014779
277.3312922068771 109.05767851652053
276.5795113564361 108.80708489970687
275.8277305059953 108.55649128289323
274.8253560387407 108.55649128289323
273.32179433785893 108.55649128289323
272.31941987060435 108.80708489970687
271.8386560385596 110.79887458441469
270.71381472456096 111.54876879374717
270.71381472456096 112.67361010774583
269.5889734105623 113.42350431707831
268.46413209656356 113.42350431707831
267.7142378872311 114.54834563107697
267.3392907825649 116.04813404974189
266.2144494685662 116.79802825907436
265.8395023639 117.92286957307303
264.7146610499013 119.04771088707173
263.9647668405688 120.54749930573664
263.58981973590267 121.67234061973532
263.58981973590267 122.79718193373398
262.46497842190394 123.54707614306645
262.46497842190394 124.67191745706515
263.21487263123635 125.79675877106382
264.7146610499013 126.54665298039626
265.0896081545675 127.67149429439496
266.2144494685662 128.42138850372743
266.2144494685662 129.5462298177261
267.7142378872311 130.29612402705857
267.7142378872311 131.42096534105724
268.46413209656356 132.92075375972217
269.21402630589597 134.42054217838705
269.21402630589597 135.54538349238572
268.83907920122977 136.67022480638445
268.83907920122977 137.79506612038313
268.0891849918973 139.29485453904803
267.3392907825649 140.79464295771294
266.2144494685662 141.1695900623792
265.0896081545675 142.29443137637787
264.7146610499013 143.41927269037654
263.58981973590267 144.169166899709
262.83992552657014 145.29400821370768
261.71508421257147 144.54411400437522
260.59024289857274 143.79421979504278
259.4654015845741 143.04432558571034
258.71550737524166 141.9194842717116
257.9656131659092 140.79464295771294
256.8407718519105 140.41969585304673
256.0908776425781 139.29485453904803
254.9660363285794 138.5449603297156
254.2161421192469 137.4201190157169
252.02133690869982 137.62535083327504
251.5201496750726 138.62772530052956
251.0189624414453 139.37950615097049
250.51777520781798 140.1312870014114
250.01658797419077 141.6348487022932
249.51540074056348 142.63722316954778
249.26480712374982 143.6395976368023
249.0142135069362 144.39137848724323
248.7636198901226 145.14315933768412
248.51302627330895 145.89494018812502
248.01183903968163 146.8973146553796
247.51065180605443 147.89968912263413
247.00946457242708 149.40325082351598
246.75887095561342 150.4056252907705
245.756496488359 152.6609678420932
245.25530925473177 153.9139359261614
244.75412202110437 155.1669040102296
244.50352840429082 155.91868486067045
244.25293478747707 156.67046571111138
244.00234117066356 158.17402741199322
244.17730290910458 159.12317747406433
243.89613224650944 159.96668946184985
243.05262025872392 160.5290307870402
242.2091082709384 161.09137211223054
241.64676694574803 161.9348841000161
241.08442562055768 162.7783960878016
240.24091363277213 163.34073741299196
239.959742970177 164.18424940077747
239.959742970177 165.027761388563
239.959742970177 166.1524440389437
239.959742970177 166.99595602672923
240.24091363277213 167.83946801451475
240.24091363277213 168.68298000230027
240.24091363277213 169.5264919900858
241.08442562055768 169.80766265268096
241.92793760834323 170.08883331527613
242.77144959612872 170.08883331527613
243.61496158391427 170.08883331527613
244.45847357169978 170.08883331527613
245.3019855594853 170.08883331527613
246.14549754727082 170.08883331527613
246.98900953505637 170.08883331527613
247.83252152284186 170.08883331527613
248.6760335106274 169.5264919900858
249.5195454984129 168.96415066489544
250.36305748619844 168.12063867710992
250.92539881138882 167.2771266893244
251.206569473984 166.4336147015389
251.7689107991743 165.59010271375337
251.7689107991743 164.74659072596782
251.7689107991743 163.9030787381823
252.05008146176948 163.05956675039678
252.33125212436468 162.21605476261126
252.89359344955503 161.37254277482572
253.73710543734055 161.09137211223054
254.2994467625309 160.24786012444503
255.1429587503164 159.96668946184985
255.98647073810193 159.12317747406433
256.8299827258875 158.27966548627882
257.673494713673 157.71732416108847
258.23583603886334 156.87381217330295
259.07934802664886 156.3114708481126
259.6416893518392 155.4679588603271
260.4852013396247 154.9056175351367
261.04754266481507 154.0621055473512
261.8910546526006 153.78093488475602
262.45339597779093 152.9374228969705
263.29690796557645 152.37508157178016
263.8592492907668 151.5315695839946
264.7027612785523 150.96922825880426
266.80636030070445 149.40325082351598
267.55814115114526 149.15265720670232
268.3099220015862 148.90206358988866
269.31229646884066 148.4008763562614
270.06407731928164 147.89968912263413
271.81823263697703 147.1479082721932
272.8206071042316 146.64672103856594
273.57238795467254 146.14553380493868
274.57476242192706 145.64434657131142
276.83010497324983 144.8925657208705
277.58188582369075 144.64197210405683
278.8348539077589 144.14078487042957
279.8372283750134 143.89019125361597
280.58900922545433 143.38900401998868
281.34079007589526 143.13841040317504
282.0925709263362 143.13841040317504
283.0949453935907 143.13841040317504
283.84672624403163 143.13841040317504
284.59850709447255 143.13841040317504
285.6008815617271 143.38900401998868
285.85147517854085 144.39137848724323
285.3502879449135 146.39612742175228
285.0996943280999 147.39850188900687
284.09731986084535 148.1502827394478
283.3455390104043 148.90206358988866
282.8443517767771 149.90443805714324
281.59138369270886 150.90681252439776
281.34079007589526 151.6585933748387
280.0878219918271 153.16215507572048
279.5866347581998 153.9139359261614
278.5842602909452 154.66571677660232
277.83247944050436 155.66809124385685
276.83010497324983 156.41987209429777
275.57713688918153 158.04873060358642
274.32416880511346 159.67758911287504
273.57238795467254 160.42936996331593
272.8206071042316 161.18115081375686
271.9435294453839 162.18352528101138
271.06645178653616 163.1858997482659
270.31467093609524 164.18827421552044
269.31229646884066 165.19064868277502
268.56051561839973 165.69183591640228
267.80873476795887 166.69421038365687
266.80636030070445 167.5712880425046
265.8039858334498 168.44836570135232
265.0522049830089 169.2001465517932
264.5510177493817 169.9519274022341
263.79923689894076 170.70370825267503
263.0474560484997 171.70608271992955
262.29567519805886 172.70845718718408
261.29330073080445 173.7108316544386
260.04033264673626 175.21439335532045
259.28855179629545 175.96617420576138
258.78736456266813 176.7179550562023
258.53677094585436 177.46973590664317
258.53677094585436 178.2215167570841
259.53914541310894 178.7227039907113
261.543894347618 178.973297607525
262.5462688148725 178.973297607525
263.29804966531344 178.973297607525
264.3004241325682 178.973297607525
265.0522049830089 178.973297607525
265.8039858334498 178.973297607525
266.55576668389074 178.973297607525
267.3075475343316 178.973297607525
268.05932838477264 179.22389122433867
268.8111092352135 179.47448484115228
270.06407731928164 179.97567207477954
271.31704540334994 179.97567207477954
272.0688262537908 180.2262656915932
273.07120072104533 181.22864015884767
273.57238795467254 181.98042100928865
273.57238795467254 182.98279547654317
272.8206071042316 183.73457632698404
272.0688262537908 183.98516994379776
271.31704540334994 184.23576356061136
270.56526455290896 184.486357177425
269.81348370246803 184.486357177425
268.8111092352135 184.98754441105228
267.3075475343316 185.2381380278659
266.3051730670772 185.7393252614932
265.3027985998226 186.24051249512047
264.5510177493817 186.74169972874773
263.548643282127 187.49348057918866
262.5462688148725 188.24526142962958
261.79448796443154 188.99704228007045
261.04270711399073 189.74882313051134
260.29092626354986 190.7511975977659
259.53914541310894 191.50297844820682
259.28855179629545 192.5053529154614
258.78736456266813 193.25713376590227
258.2861773290408 194.0089146163432
257.5343964785999 194.7606954667841
257.03320924497257 195.51247631722504
256.53202201134525 196.2642571676659
255.78024116090438 196.51485078447956
255.02846031046352 197.0160380181068
254.27667946002256 197.2666316349205
253.5248986095816 198.01841248536135
253.02371137595438 199.0207869526159
253.02371137595438 199.7725678030568
253.02371137595438 200.52434865349773
253.77549222639536 200.52434865349773
254.52727307683622 200.52434865349773
256.2814283945317 200.27375503668407
257.28380286178617 200.27375503668407
258.035583712227 200.27375503668407
259.0379581794816 200.27375503668407
260.29092626354986 200.27375503668407
261.29330073080445 200.02316141987046
262.67156562327926 199.64727099464997
264.0498305157544 199.27138056942954
265.4280954082294 198.77019333580228
266.80636030070445 198.269006102175
268.05932838477264 197.5172252517341
269.06170285202705 196.76544440129317
270.06407731928164 196.0136635508523
271.5676390201635 195.0112890835977
272.31941987060435 194.25950823315685
273.57238795467254 193.50772738271593
275.0759496555544 192.5053529154614
276.07832412280885 192.00416568183408
277.08069859006343 191.75357206502045
278.3336666741317 191.50297844820682
279.5866347581998 191.00179121457955
280.33841560864073 191.00179121457955
281.59138369270886 190.7511975977659
282.8443517767771 190.5006039809523
283.5961326272179 190.5006039809523
284.59850709447255 190.5006039809523
285.3502879449135 190.5006039809523
286.1020687953543 190.5006039809523
287.1044432626089 190.5006039809523
288.10681772986345 190.5006039809523
288.8585985803044 190.5006039809523
290.6127538979998 190.5006039809523
292.3669092156952 190.5006039809523
293.9957677249839 190.5006039809523
295.62462623427257 190.5006039809523
296.6270007015271 190.5006039809523
297.6293751687816 190.5006039809523
298.38115601922254 190.5006039809523
299.1329368696634 190.5006039809523
299.8847177201044 190.5006039809523
300.6364985705453 190.5006039809523
302.64124750505437 190.7511975977659
303.8942155891226 190.7511975977659
304.89659005637714 190.7511975977659
305.64837090681795 190.5006039809523
307.08368387718497 190.66260787832124
307.83357808651743 189.53776656432257
308.9584194005161 189.53776656432257
309.33336650518237 188.03797814565763
310.45820781918104 187.28808393632522
311.2081020285134 185.7882955176603
312.3329433425121 185.03840130832782
313.08283755184465 183.5386128896629
313.08283755184465 182.4137715756642
313.08283755184465 181.28893026166554
313.08283755184465 180.16408894766687
313.08283755184465 179.0392476336682
313.08283755184465 177.91440631966947
312.3329433425121 176.7895650056708
312.3329433425121 175.6647236916721
312.3329433425121 174.53988237767345
311.5830491331797 173.41504106367478
311.5830491331797 172.2901997496761
311.5830491331797 170.79041133101117
311.5830491331797 169.6655700170125
310.83315492384725 168.54072870301383
310.83315492384725 167.4158873890151
310.83315492384725 166.29104607501642
310.83315492384725 164.79125765635155
310.83315492384725 163.2914692376866
310.0832607145148 161.79168081902168
310.0832607145148 160.666839505023
310.0832607145148 159.54199819102433
310.0832607145148 158.41715687702566
309.33336650518237 157.292315563027
309.33336650518237 156.16747424902826
309.33336650518237 155.0426329350296
309.33336650518237 153.91779162103091
308.58347229584984 152.41800320236598
307.83357808651743 151.2931618883673
307.83357808651743 149.79337346970243
307.08368387718497 148.6685321557037
307.08368387718497 147.54369084170506
306.33378966785244 146.04390242304015
306.33378966785244 144.91906110904142
305.5838954585201 143.79421979504278
304.83400124918757 142.66937848104408
304.08410703985516 141.5445371670454
303.3342128305227 140.41969585304673
301.83442441185787 139.29485453904803
301.83442441185787 138.17001322504933
301.08453020252534 137.04517191105066
301.08453020252534 135.920330597052
300.3346359931929 134.42054217838705
299.5847417838604 132.92075375972217
298.45990046986174 132.92075375972217
297.33505915586306 133.29570086438838
295.83527073719813 134.04559507372085
294.71042942319946 134.79548928305329
293.5855881092008 135.54538349238572
292.46074679520206 136.2952777017182
291.71085258586965 137.42011901571686
291.71085258586965 136.2952777017182
290.9609583765372 135.17043638771952
290.9609583765372 134.04559507372085
290.21106416720477 132.92075375972217
290.21106416720477 131.79591244572345
290.586011271871 130.67107113172477
291.71085258586965 129.5462298177261
292.46074679520206 128.42138850372743
293.1186900661362 125.97274765144095
292.11631559888167 124.0932955253387
291.86572198206807 123.34151467489771
291.3645347484408 122.58973382445689
290.3621602811861 121.08617212357507
289.6103794307453 120.5849848899478
289.3597858139316 119.83320403950688
288.10681772986345 118.329642338625
287.85622411304985 117.57786148818415
287.1044432626089 116.5754870209296
286.35266241216806 115.82370617048868
285.85147517854085 115.0719253200478
284.8491007112861 114.32014446960687
284.34791347765895 113.56836361916595
283.5961326272179 113.06717638553869
282.8443517767771 112.56598915191142
282.0925709263362 112.06480191828416
280.33841560864073 111.06242745102958
279.5866347581998 110.56124021740234
278.5842602909452 109.80945936696142
277.83247944050436 109.55886575014779
276.5795113564361 109.30827213333414
slice_number: 16
nb_points_on_contour: 170
257.5906660612429 146.41884952770636
256.4658247472442 147.16874373703882
256.090877642578 148.2935850510375
256.090877642578 149.41842636503617
256.090877642578 150.54326767903487
257.5906660612429 151.2931618883673
258.3405602705753 152.41800320236598
259.0904544799078 153.5428445163647
260.2152957939065 153.5428445163647
260.965190003239 154.66768583036338
261.34013710790515 155.79252714436205
262.8399255265701 156.54242135369452
262.8399255265701 157.6672626676932
262.46497842190377 158.41715687702566
262.46497842190377 159.54199819102433
262.83992552656974 160.666839505023
262.83992552656974 161.79168081902168
263.21487263123583 162.9165221330204
263.58981973590255 164.04136344701908
264.7146610499012 165.16620476101775
265.4645552592333 166.29104607501642
266.589396573232 166.66599317968266
266.96434367789806 167.79083449368136
267.3392907825648 168.91567580768003
267.3392907825648 170.0405171216787
267.3392907825648 171.1653584356774
265.8395023639 171.91525264500984
264.7146610499012 172.66514685434214
263.58981973590255 173.78998816834098
262.46497842190377 174.53988237767345
260.965190003239 175.28977658700592
259.84034868924033 175.664723691672
259.09045447990746 176.7895650056708
259.84034868924033 177.91440631966947
260.965190003239 178.28935342433573
261.71508421257107 179.4141947383344
262.83992552656974 179.4141947383344
263.9647668405684 179.78914184300066
265.4645552592333 179.78914184300066
266.589396573232 180.16408894766676
267.7142378872307 180.91398315699934
269.2140263058957 181.28893026166554
270.3388676198944 180.91398315699934
271.4637089338931 180.16408894766676
272.58855024789176 179.78914184300066
273.7133915618905 179.78914184300066
273.7133915618905 180.91398315699934
274.83823287588916 181.66387736633163
276.33802129455404 182.4137715756642
275.96307418988783 183.53861288966291
274.83823287588916 184.2885070989954
273.7133915618905 185.03840130832782
274.8382328758892 185.41334841299408
273.71339156189055 186.16324262232655
272.963497352558 187.28808393632522
271.83865603855935 188.03797814565763
270.7138147245607 188.7878723549901
269.588973410562 189.53776656432257
269.21402630589574 190.66260787832124
270.3388676198945 190.66260787832124
271.83865603855935 189.91271366898877
273.33844445722417 189.16281945965636
274.4632857712229 188.7878723549901
274.8382328758892 187.66303104099143
275.9630741898879 187.66303104099143
277.4628626085527 188.03797814565763
278.5877039225514 187.28808393632522
279.71254523655006 187.28808393632522
280.8373865505486 186.91313683165896
281.96222786454734 186.91313683165896
283.087069178546 186.53818972699275
284.2119104925447 186.53818972699275
286.08664601587617 186.16324262232655
287.21148732987484 186.16324262232655
288.3363286438735 185.41334841299408
289.46116995787224 183.91355999432915
290.5860112718709 183.16366578499662
291.71085258586953 182.4137715756642
292.83569389986815 182.4137715756642
293.9605352138669 182.4137715756642
295.0853765278656 182.4137715756642
296.2102178418643 182.4137715756642
297.335059155863 182.4137715756642
298.4599004698617 182.4137715756642
299.58474178386035 182.4137715756642
300.709583097859 182.4137715756642
301.83442441185775 182.78871868033048
302.9592657258564 182.78871868033048
304.0841070398551 182.78871868033048
305.20894835385377 182.4137715756642
305.95884256318624 180.91398315699934
307.0836838771849 180.91398315699934
308.2085251911836 180.1640889476668
309.3333665051823 179.4141947383344
310.08326071451467 177.91440631966947
311.2081020285133 176.7895650056708
312.332943342512 176.03967079633838
313.4577846565108 175.28977658700592
313.4577846565108 174.16493527300716
313.832731761177 173.04009395900854
313.832731761177 171.91525264500984
313.832731761177 170.79041133101117
313.832731761177 169.6655700170125
313.832731761177 168.54072870301383
313.832731761177 167.4158873890151
313.0828375518446 166.29104607501642
312.332943342512 165.16620476101775
311.58304913317966 164.04136344701908
311.58304913317966 162.9165221330204
311.58304913317966 161.79168081902168
311.58304913317966 160.666839505023
310.8331549238472 159.54199819102433
310.08326071451467 158.41715687702566
309.3333665051823 157.292315563027
309.3333665051823 156.1674742490283
308.5834722958498 155.0426329350296
308.5834722958498 153.91779162103091
307.8335780865174 152.41800320236598
307.8335780865174 151.2931618883673
307.0836838771849 150.16832057436864
307.0836838771849 149.04347926036996
307.0836838771849 147.9186379463713
307.0836838771849 146.79379663237256
306.33378966785233 145.6689553183739
306.33378966785233 144.54411400437522
305.58389545852003 143.41927269037654
304.8340012491875 142.29443137637787
304.0841070398551 140.79464295771294
302.9592657258564 140.79464295771294
302.20937151652396 139.66980164371427
301.45947730719143 138.5449603297156
300.709583097859 137.42011901571686
299.58474178386035 137.79506612038313
298.4599004698617 138.5449603297156
297.335059155863 138.9199074343818
296.96011205119675 140.04474874838047
295.8352707371981 140.41969585304673
294.7104294231994 141.16959006237917
293.9605352138669 142.29443137637787
292.460746795202 143.0443255857103
291.71085258586953 144.169166899709
290.5860112718709 144.54411400437522
289.83611706253845 145.6689553183739
288.3363286438735 146.41884952770636
287.21148732987496 147.54369084170506
286.4615931205425 146.41884952770636
284.96180470187755 145.6689553183739
283.8369633878789 144.91906110904145
283.08706917854647 143.79421979504278
281.9622278645478 143.79421979504278
280.83738655054907 143.79421979504278
279.7125452365504 143.79421979504278
278.5877039225517 143.79421979504278
277.46286260855305 143.79421979504278
276.3380212945543 143.79421979504278
275.21317998055565 143.79421979504278
274.088338666557 144.169166899709
272.96349735255825 144.169166899709
271.8386560385596 144.169166899709
270.71381472456096 144.169166899709
269.5889734105623 144.54411400437522
268.46413209656356 144.54411400437522
267.3392907825649 144.54411400437522
266.2144494685662 144.54411400437522
265.0896081545675 144.91906110904145
263.9647668405688 144.91906110904145
262.46497842190394 145.6689553183739
261.3401371079052 146.04390242304015
260.21529579390653 146.41884952770636
259.09045447990786 146.7937966323726
slice_number: 18
nb_points_on_contour: 148
142.48190492871097 211.28469863496377
142.48190492871097 210.1598573209651
141.7320107193785 209.03501600696643
140.98211651004607 207.91017469296776
139.8572751960474 207.91017469296776
138.7324338820487 207.91017469296776
137.60759256805 207.91017469296776
136.48275125405135 208.66006890230022
135.35790994005265 209.40996311163263
134.98296283538642 210.5348044256313
133.4831744167215 211.28469863496377
133.4831744167215 212.40953994896245
133.4831744167215 213.53438126296112
132.73328020738907 214.65922257695985
132.73328020738907 215.78406389095852
132.73328020738907 216.9089052049572
132.73328020738907 218.03374651895587
132.73328020738907 219.1585878329546
133.4831744167215 220.28342914695327
133.4831744167215 221.40827046095194
133.4831744167215 222.5331117749506
133.4831744167215 223.65795308894934
133.4831744167215 224.782794402948
132.73328020738907 225.9076357169467
132.73328020738907 227.03247703094536
132.73328020738907 228.15731834494403
132.73328020738907 229.2821596589427
132.73328020738907 230.40700097294138
131.23349178872414 231.5318422869401
130.10865047472547 232.28173649627257
128.98380916072676 232.65668360093878
127.48402074206186 233.78152491493745
125.98423232339698 234.90636622893612
125.23433811406449 236.03120754293485
124.48444390473205 237.15604885693352
124.48444390473205 238.2808901709322
123.73454969539958 239.40573148493087
123.73454969539958 240.5305727989296
122.98465548606714 241.65541411292827
122.23476127673467 242.78025542692694
121.109919962736 243.5301496362594
120.36002575340353 245.0299380549243
119.61013154407107 246.15477936892296
118.86023733473863 247.2796206829217
118.11034312540619 248.40446199692036
117.36044891607372 249.52930331091903
116.23560760207505 250.2791975202515
115.48571339274255 251.40403883425017
113.98592497407765 252.52888014824885
113.23603076474521 253.65372146224752
113.23603076474521 254.77856277624625
113.23603076474521 255.90340409024492
112.48613655541277 257.0282454042436
112.48613655541277 258.15308671824226
111.73624234608027 259.27792803224094
111.73624234608027 260.4027693462396
111.73624234608027 262.2775048695708
111.73624234608027 263.4023461835695
111.73624234608027 264.52718749756815
111.73624234608027 265.6520288115668
112.11118945074654 266.7768701255655
112.11118945074654 267.90171143956417
112.11118945074654 269.0265527535629
112.11118945074654 270.15139406756157
112.11118945074654 271.27623538156024
112.11118945074654 272.4010766955589
112.11118945074654 273.52591800955764
112.11118945074654 275.0257064282225
112.48613655541277 276.52549484688745
112.48613655541277 277.6503361608861
112.48613655541277 279.52507168421727
112.48613655541277 280.64991299821594
113.23603076474521 281.7747543122146
114.36087207874391 282.5246485215471
115.48571339274255 283.27454273087955
116.61055470674125 283.64948983554575
117.73539602073993 283.64948983554575
118.86023733473863 283.64948983554575
119.98507864873733 283.64948983554575
121.109919962736 283.64948983554575
122.23476127673467 283.64948983554575
123.35960259073335 283.64948983554575
124.48444390473205 283.64948983554575
125.60928521873072 283.64948983554575
126.73412653272942 282.1497014168809
127.85896784672809 282.1497014168809
128.98380916072676 280.64991299821594
130.10865047472547 280.64991299821594
130.8585446840579 279.15012457955106
131.9833859980566 278.4002303702186
133.10822731205528 278.4002303702186
133.4831744167215 277.27538905621986
134.6080157307202 277.27538905621986
135.35790994005265 275.775600637555
135.73285704471886 274.6507593235563
136.10780414938512 273.52591800955764
136.10780414938512 272.4010766955589
136.10780414938512 271.27623538156024
135.35790994005265 270.15139406756157
134.6080157307202 269.0265527535629
133.85812152138774 267.90171143956417
133.85812152138774 266.7768701255655
133.85812152138774 265.6520288115668
134.23306862605398 264.15224039290194
134.98296283538642 263.0273990789033
135.73285704471886 261.90255776490454
136.48275125405135 260.77771645090587
136.85769835871756 259.6528751369072
137.2326454633838 258.5280338229085
137.60759256805 257.4031925089098
138.3574867773825 256.2783511949111
138.7324338820487 255.15350988091245
139.10738098671493 254.02866856691378
140.23222230071363 252.90382725291505
140.98211651004607 251.77898593891638
141.7320107193785 250.2791975202515
142.48190492871097 249.15435620625283
142.8568520333772 248.02951489225416
143.23179913804344 246.90467357825543
143.60674624270965 245.77983226425675
143.9816933473759 244.65499095025808
144.73158755670835 243.15520253159315
145.10653466137458 242.03036121759447
145.10653466137458 240.9055199035958
145.4814817660408 239.78067858959713
145.4814817660408 238.65583727559846
145.4814817660408 237.53099596159973
145.4814817660408 236.40615464760106
145.85642887070705 235.28131333360238
145.85642887070705 234.1564720196037
145.10653466137458 233.03163070560504
144.35664045204211 231.9067893916063
143.60674624270965 230.78194807760764
142.8568520333772 229.2821596589427
142.10695782404477 228.15731834494403
141.3570636147123 226.65752992627915
140.60716940537984 225.53268861228048
140.60716940537984 224.40784729828175
140.60716940537984 223.28300598428308
140.60716940537984 222.1581646702844
140.60716940537984 221.03332335628573
140.98211651004607 219.908482042287
140.98211651004607 218.78364072828833
141.3570636147123 217.65879941428966
141.7320107193785 216.15901099562478
141.7320107193785 215.03416968162605
142.10695782404477 213.90932836762738
142.10695782404477 212.7844870536287
slice_number: 21
nb_points_on_contour: 113
80.61530300817276 256.9079124365659
81.36708385861371 257.1585060533795
82.36945832586824 257.40909967019314
83.6224264099364 257.1585060533795
84.37420726037726 256.9079124365659
85.12598811081827 256.6573188197522
85.87776896125914 256.4067252029386
86.62954981170009 255.90553796931135
88.38370512939548 254.9031635020566
89.63667321346367 253.39960180117498
90.38845406390465 252.3972273339204
91.39082853115914 250.8936656330386
92.39320299841367 249.3901039321566
93.3955774656682 247.13476138083405
94.48867553143376 246.15477936892296
95.23856974076617 244.65499095025808
96.36341105476487 243.9050967409255
96.73835815943113 242.78025542692694
97.48825236876357 241.65541411292827
98.61309368276227 240.15562569426334
99.36298789209471 239.03078438026466
99.73793499676094 237.90594306626582
100.11288210142712 236.78110175226726
100.11288210142712 235.6562604382686
100.11288210142712 234.53141912426992
100.11288210142712 233.40657781027124
100.11288210142712 232.28173649627257
100.11288210142712 231.1568951822739
100.11288210142712 230.03205386827517
100.11288210142712 228.9072125542765
100.11288210142712 227.78237124027783
98.61309368276227 226.65752992627915
97.8631994734298 225.15774150761422
97.11330526409742 223.65795308894934
95.61351684543243 222.5331117749506
94.86362263609999 221.40827046095194
94.11372842676758 220.28342914695327
94.11372842676758 219.1585878329546
93.363834217435 218.03374651895587
92.61394000810262 216.9089052049572
91.86404579877015 215.78406389095852
91.11415158943774 214.65922257695985
90.3642573801053 213.53438126296112
89.23941606610663 212.7844870536287
88.48952185677419 211.65964573963004
87.36468054277546 211.65964573963004
87.36468054277546 210.5348044256313
86.23983922877673 210.1598573209651
85.48994501944435 209.03501600696637
84.36510370544562 208.28512179763396
83.99015660077936 207.1602804836353
82.86531528678069 207.1602804836353
81.74047397278207 206.41038627430282
80.6156326587834 206.41038627430282
79.86573844945087 207.5352275883015
78.74089713545223 207.5352275883015
77.61605582145356 207.91017469296776
76.49121450745486 208.28512179763396
74.99142608878995 209.03501600696637
73.49163767012502 209.7849102162989
72.74174346079258 210.90975153029757
71.24195504212764 211.65964573963004
69.74216662346274 212.40953994896245
68.99227241413033 213.53438126296112
68.24237820479783 214.65922257695985
67.49248399546536 215.78406389095852
66.74258978613292 216.9089052049572
65.99269557680046 218.03374651895587
65.24280136746805 219.1585878329546
63.743012948803084 219.5335349376208
62.24322453013821 220.28342914695327
60.74343611147327 221.03332335628573
59.993541902140805 222.1581646702844
59.243647692808366 223.28300598428308
57.74385927414349 224.03290019361555
57.74385927414349 225.15774150761422
56.99396506481099 226.2825828216129
56.244070855478526 227.40742413561156
56.244070855478526 228.5322654496103
56.244070855478526 229.65710676360897
56.244070855478526 230.78194807760764
56.61901796014476 231.90678939160625
57.36891216947723 233.03163070560504
56.244070855478554 234.1564720196037
56.244070855478554 235.28131333360238
57.368912169477255 236.40615464760106
58.118806378809694 237.90594306626593
58.86870058814216 239.03078438026466
59.61859479747463 240.15562569426334
59.61859479747463 241.280467008262
59.61859479747463 242.40530832226068
59.61859479747463 243.5301496362594
60.36848900680707 244.65499095025808
60.36848900680707 245.77983226425675
61.49333032080577 246.52972647358922
61.49333032080577 247.6545677875879
62.61817163480444 248.02951489225416
62.61817163480444 249.15435620625283
63.743012948803084 250.2791975202515
64.49290715813552 251.40403883425017
65.61774847213422 252.52888014824885
67.11753689079916 253.65372146224746
68.24237820479783 254.7785627762462
69.3672195187965 255.90340409024486
70.4920608327952 257.0282454042436
71.61690214679388 257.778139613576
72.74174346079258 258.5280338229085
73.86658477479128 259.27792803224094
74.99142608878995 258.5280338229085
76.1162674027886 258.5280338229085
77.2411087167873 258.5280338229085
78.36595003078597 258.5280338229085
79.49079134478467 257.778139613576
nb_points_on_contour: 79
311.2081020285135 228.15731834494403
311.58304913317977 227.03247703094536
311.58304913317977 225.9076357169467
311.957996237846 224.782794402948
311.957996237846 223.65795308894934
311.957996237846 222.5331117749506
311.2081020285135 221.03332335628573
310.0832607145149 220.65837625161947
308.95841940051616 219.908482042287
307.8335780865175 219.908482042287
306.7087367725188 219.1585878329546
305.58389545852015 219.1585878329546
304.4590541445214 219.1585878329546
303.33421283052274 219.1585878329546
302.5843186211903 220.28342914695327
301.45947730719166 220.65837625161947
300.70958309785914 221.78321756561814
299.20979467919426 222.90805887961682
298.4599004698618 224.03290019361555
297.3350591558631 224.782794402948
296.58516494653065 225.9076357169467
296.58516494653065 227.03247703094536
296.58516494653065 228.15731834494403
295.8352707371982 229.2821596589427
295.0853765278657 230.40700097294138
293.58558810920084 230.78194807760764
292.0857996905359 231.5318422869401
290.96095837653723 231.9067893916063
290.21106416720477 230.40700097294138
289.08622285320604 230.40700097294138
287.9613815392074 230.40700097294138
286.83654022520875 229.65710676360897
285.7116989112101 229.65710676360897
284.58685759721135 229.65710676360897
283.4620162832127 229.65710676360897
282.337174969214 230.40700097294138
281.58728075988154 231.5318422869401
281.58728075988154 232.65668360093878
281.9622278645478 233.78152491493745
281.9622278645478 234.90636622893612
281.9622278645478 236.03120754293485
282.337174969214 237.15604885693352
282.7121220738802 238.2808901709322
282.7121220738802 239.40573148493087
283.8369633878789 239.78067858959713
284.2119104925451 240.9055199035958
285.3367518065438 241.280467008262
286.0866460158763 242.40530832226068
287.21148732987496 243.15520253159315
288.3363286438736 243.90509674092561
289.46116995787236 244.65499095025808
290.58601127187103 245.0299380549243
291.7108525858697 245.77983226425675
292.4607467952021 246.90467357825543
293.21064100453464 248.02951489225416
293.58558810920084 249.15435620625283
294.3354823185333 250.2791975202515
295.460323632532 250.6541446249177
296.2102178418644 249.52930331091903
297.3350591558631 248.77940910158657
298.0849533651956 247.2796206829217
299.20979467919426 246.52972647358922
299.58474178386047 245.4048851595905
300.70958309785914 245.0299380549243
301.45947730719166 243.5301496362594
302.5843186211903 243.15520253159315
303.70915993518895 241.65541411292827
304.8340012491876 240.9055199035958
305.20894835385394 239.78067858959713
305.58389545852015 238.65583727559846
306.33378966785256 237.53099596159973
306.7087367725188 236.40615464760106
307.45863098185123 235.28131333360238
308.2085251911837 234.1564720196037
308.95841940051616 233.03163070560504
309.70831360984863 231.5318422869401
310.4582078191811 230.03205386827517
311.2081020285135 228.5322654496103
311.58304913317977 227.40742413561156
slice_number: 22
nb_points_on_contour: 118
290.6127538979997 216.56234012957043
289.8609730475587 216.56234012957043
288.10681772986334 216.56234012957043
287.3550368794223 216.56234012957043
286.6032560289815 216.56234012957043
286.0866460158762 216.533958100291
284.9618047018775 215.78406389095852
283.8369633878788 215.40911678629232
282.71212207388015 215.40911678629232
281.5872807598815 215.40911678629232
280.46243944588275 215.40911678629232
279.3375981318841 215.78406389095852
278.58770392255167 216.9089052049572
278.58770392255167 218.03374651895587
277.462862608553 218.03374651895587
277.462862608553 219.1585878329546
277.462862608553 220.28342914695327
278.21275681788546 221.78321756561814
278.58770392255167 222.90805887961682
280.0874923412166 224.782794402948
280.83738655054907 225.9076357169467
281.2123336552153 227.03247703094536
281.9622278645478 228.15731834494403
283.08706917854647 228.5322654496103
282.7121220738802 229.65710676360897
282.337174969214 231.1568951822739
281.2123336552153 231.9067893916063
280.0874923412166 231.9067893916063
278.96265102721793 231.9067893916063
278.2127568178854 231.9067893916062
277.83780971321914 230.78194807760764
276.7129683992204 230.78194807760764
275.5881270852217 230.40700097294126
274.46328577122307 230.78194807760764
273.3384444572244 230.78194807760764
272.58855024789193 232.28173649627257
271.46370893389326 233.03163070560504
271.08876182922705 234.1564720196037
271.08876182922705 235.28131333360238
271.83865603855946 236.40615464760094
271.83865603855946 237.53099596159973
271.83865603855946 238.65583727559846
272.58855024789193 239.78067858959713
272.96349735255814 240.9055199035957
274.08833866655687 241.65541411292827
275.21317998055554 242.78025542692694
276.3380212945542 243.9050967409255
277.0879155038867 245.0299380549243
278.2127568178854 245.77983226425675
278.9626510272178 246.9046735782553
279.33604114138603 247.6359486144613
279.83722837501324 248.38772946490224
281.0901964590815 249.8912911657838
282.09257092633607 250.8936656330386
283.8467262440315 251.89604010029313
284.849100711286 252.64782095073406
285.6008815617269 252.89841456754772
286.3526624121679 253.39960180117498
287.1044432626088 254.15138265161568
288.10681772986334 254.90316350205654
289.3597858139314 255.1537571188702
290.362160281186 255.4043507356838
291.61512836525424 255.6549443524977
292.36690921569505 255.6549443524977
293.3692836829497 255.6549443524977
294.71042942319934 256.2783511949111
295.46032363253175 254.77856277624608
296.58516494653037 254.77856277624608
297.71000626052904 254.02866856691378
298.0849533651954 252.90382725291494
299.2097946791941 252.15393304358264
300.33463599319265 252.15393304358264
301.0845302025252 251.02909172958397
301.4594773071913 249.90425041558512
302.2093715165239 248.4044619969202
302.95926572585637 247.2796206829217
303.3342128305226 246.15477936892296
304.084107039855 245.0299380549243
304.83400124918745 243.90509674092544
305.20894835385366 242.78025542692694
305.9588425631862 241.65541411292827
305.9588425631862 240.15562569426334
306.70873677251865 239.03078438026466
307.458630981851 237.90594306626576
308.58347229584973 236.78110175226726
309.70831360984846 236.03120754293485
310.08326071451455 234.53141912426992
311.2081020285132 233.78152491493745
311.5830491331796 232.65668360093878
311.9579962378458 231.5318422869401
312.33294334251195 230.4070009729412
313.08283755184453 228.9072125542765
313.08283755184453 227.78237124027783
313.45778465651074 226.65752992627915
314.2076788658432 225.53268861228048
314.2076788658432 224.40784729828175
314.2076788658432 223.28300598428308
314.2076788658432 222.1581646702844
314.2076788658432 221.03332335628573
313.45778465651074 219.908482042287
312.7078904471782 218.78364072828833
311.2081020285132 218.03374651895587
310.08326071451455 217.28385230962346
308.9584194005159 217.28385230962346
307.8335780865173 216.533958100291
306.70873677251865 216.533958100291
305.58389545852 216.533958100291
304.084107039855 215.78406389095852
302.95926572585637 215.78406389095852
301.8344244118577 215.78406389095852
300.70958309785897 215.78406389095852
299.5847417838603 215.78406389095852
298.4599004698616 215.78406389095852
297.33505915586295 215.78406389095852
296.2102178418642 215.78406389095852
295.08537652786555 216.15901099562478
293.58558810920067 216.533958100291
292.08579969053574 216.9089052049572
