Study: 1.2.840.113704.1.111.9660.1107356791.1
Series: 1.2.840.113704.1.111.9660.1107356900.7
SpacingX: 0.77734375
SpacingY: 0.77734375
SpacingZ: 10.0

label: fibrosis
localisation: basal
slice_number: 8
nb_points_on_contour: 123
284.07752670081095 213.75986816377036
284.39300537305104 212.8134321470501
285.0239627175313 211.86699613032965
285.3394413897713 210.92056011360938
285.9703987342515 209.9741240968892
286.9168347509718 209.343166752409
287.547792095452 208.39673073568866
288.17874943993223 207.45029471896828
289.12518545665245 206.50385870224807
290.0716214733728 205.8729013577679
290.70257881785295 204.92646534104762
291.3335361623332 203.98002932432735
292.2799721790534 203.03359330760708
293.2264081957737 202.40263596312684
294.17284421249406 202.08715729088672
295.4347589014544 201.45619994640657
296.3811949181747 201.45619994640657
297.327630934895 201.14072127416648
297.9585882793752 200.1942852574462
298.90502429609546 199.2478492407259
299.8514603128158 198.30141322400561
300.79789632953606 197.67045587952543
301.74433234625633 197.35497720728534
302.6907683629766 197.03949853504523
303.6372043796969 197.03949853504523
304.58364039641725 197.03949853504523
305.53007641313746 197.03949853504523
306.4765124298578 197.03949853504523
307.4229484465781 197.03949853504523
308.36938446329833 197.03949853504523
309.31582048001866 196.72401986280514
310.262256496739 196.09306251832493
310.89321384121916 195.14662650160466
311.83964985793943 194.83114782936457
312.7860858746597 194.83114782936457
313.73252189138003 194.83114782936457
314.6789579081003 194.83114782936457
315.62539392482057 195.46210517384475
316.5718299415409 196.09306251832487
317.51826595826117 196.40854119056502
317.51826595826117 197.35497720728534
317.51826595826117 198.30141322400556
317.51826595826117 199.2478492407259
317.51826595826117 200.1942852574462
317.83374463050126 201.14072127416648
318.14922330274135 202.08715729088672
318.46470197498144 203.03359330760708
318.46470197498144 203.98002932432735
318.78018064722147 204.92646534104762
319.0956593194617 205.8729013577679
319.0956593194617 206.8193373744882
319.0956593194617 207.7657733912085
319.0956593194617 208.71220940792873
319.0956593194617 209.65864542464897
319.0956593194617 210.60508144136935
318.78018064722147 211.55151745808968
318.46470197498144 212.49795347480995
317.51826595826117 213.44438949153027
317.2027872860211 214.39082550825054
316.887308613781 215.3372615249707
316.887308613781 216.28369754169103
316.887308613781 217.2301335584114
316.887308613781 218.17656957513174
316.887308613781 219.123005591852
316.887308613781 220.06944160857228
316.887308613781 221.0158776252926
316.5718299415409 221.96231364201287
316.2563512693008 222.90874965873303
316.2563512693008 224.17066434769356
316.2563512693008 225.11710036441377
315.9408725970606 226.06353638113404
315.3099152525804 227.00997239785443
314.3634792358602 227.6409297423346
313.41704321913994 227.9564084145747
312.15512853017947 227.9564084145747
311.20869251345925 227.9564084145747
310.262256496739 227.9564084145747
309.3158204800186 227.9564084145747
308.36938446329833 227.9564084145747
307.4229484465781 227.9564084145747
306.4765124298578 227.9564084145747
305.53007641313746 227.9564084145747
304.58364039641725 227.6409297423346
303.32172570745684 227.32545107009446
302.3752896907365 227.00997239785443
301.42885367401624 227.00997239785443
300.48241765729597 227.00997239785443
299.5359816405756 227.00997239785443
298.5895456238554 227.00997239785443
297.6431096071351 227.00997239785443
296.6966735904147 227.00997239785443
295.75023757369445 227.00997239785443
294.80380155697424 227.00997239785443
293.8573655402539 227.00997239785443
292.9109295235336 227.00997239785443
291.96449350681337 227.00997239785443
291.0180574900931 227.00997239785443
289.7561428011327 227.32545107009446
288.80970678441236 227.6409297423346
287.8632707676921 227.6409297423346
286.9168347509718 227.6409297423346
285.9703987342515 227.6409297423346
285.0239627175313 227.6409297423346
284.07752670081095 227.6409297423346
283.13109068409057 227.6409297423346
282.18465466737035 227.6409297423346
281.2382186506501 227.6409297423346
280.2917826339297 227.6409297423346
279.3453466172095 227.32545107009446
279.0298679449694 226.37901505337425
279.0298679449694 225.43257903665392
279.0298679449694 224.48614301993365
279.0298679449694 223.53970700321332
279.0298679449694 222.59327098649305
279.0298679449694 221.64683496977273
279.0298679449694 220.7003989530524
279.0298679449694 219.75396293633213
279.0298679449694 218.80752691961192
279.6608252894495 217.8610909028916
280.6072613061699 217.2301335584114
281.5536973228902 216.59917621393123
281.86917599513026 215.6527401972109
282.81561201185053 215.02178285273072
slice_number: 9
nb_points_on_contour: 91
318.2496091650706 227.40445066923974
318.2496091650706 226.27960935524106
318.2496091650706 225.15476804124233
318.2496091650706 224.02992672724366
318.62455626973684 222.905085413245
318.62455626973684 221.78024409924626
318.62455626973684 220.6554027852476
318.62455626973684 219.53056147124892
318.62455626973684 218.40572015725024
318.62455626973684 217.28087884325157
318.62455626973684 216.1560375292529
318.62455626973684 215.03119621525423
318.62455626973684 213.5314077965893
318.62455626973684 212.40656648259062
318.62455626973684 210.90677806392574
318.62455626973684 209.78193674992704
318.62455626973684 208.6570954359283
318.62455626973684 207.53225412192964
318.62455626973684 206.40741280793094
318.62455626973684 205.28257149393227
317.87466206040443 204.1577301799336
316.7498207464057 203.78278307526736
315.6249794324071 203.78278307526736
314.5001381184084 203.78278307526736
313.3752968044097 204.1577301799336
311.83964985793943 206.18838003000803
310.89321384121916 206.50385870224812
309.94677782449884 207.13481604672833
309.00034180777857 207.4502947189684
308.36938446329833 208.3967307356887
307.4229484465781 209.0276880801689
306.4765124298578 209.65864542464908
305.53007641313746 210.28960276912926
304.58364039641725 210.60508144136938
303.6372043796969 210.9205601136095
302.3752896907365 211.2360387858496
301.42885367401624 211.86699613032977
300.48241765729597 212.49795347480995
299.53598164057564 213.12891081929013
298.5895456238554 213.75986816377036
297.6431096071351 214.07534683601045
296.6966735904148 214.70630418049063
296.0657162459346 215.6527401972109
295.1192802292143 215.96821886945105
294.48832288473415 216.91465488617132
293.5418868680138 217.5456122306515
292.59545085129355 218.49204824737177
292.59545085129355 219.4384842640921
291.6490148345733 220.06944160857228
290.70257881785295 221.0158776252926
289.7561428011327 221.64683496977278
289.12518545665245 222.59327098649305
288.4942281121723 223.53970700321332
287.547792095452 224.17066434769356
286.6013560787317 224.80162169217374
286.2858774064916 225.748057708894
286.2858774064916 226.69449372561428
286.2858774064916 227.6409297423346
286.2858774064916 228.90284443129497
286.2858774064916 229.8492804480153
286.9168347509718 231.11119513697565
287.8632707676921 231.11119513697565
288.80970678441236 230.79571646473556
289.7561428011327 230.16475912025538
290.70257881785295 229.53380177577515
291.6490148345733 228.58736575905488
292.59545085129355 228.2718870868148
293.5418868680138 227.9564084145747
294.48832288473415 227.9564084145747
295.4347589014544 227.9564084145747
296.3811949181747 227.9564084145747
297.327630934895 227.9564084145747
298.2740669516153 227.9564084145747
299.22050296833555 227.9564084145747
300.1669389850559 227.9564084145747
301.11337500177615 227.9564084145747
302.0598110184964 227.9564084145747
303.00624703521675 227.9564084145747
303.952683051937 228.58736575905488
304.8991190686573 228.90284443129497
305.8455550853776 229.53380177577515
307.75109023441627 229.27918619257088
308.8759315484149 229.27918619257088
310.0007728624136 229.27918619257088
311.50056128107855 229.65413329723708
312.62540259507716 229.65413329723708
314.1251910137422 229.65413329723708
315.2500323277408 229.65413329723708
316.37487364173955 229.65413329723708
317.4997149557382 229.27918619257088
318.62455626973684 228.5292919832384
slice_number: 11
nb_points_on_contour: 232
321.99908021173286 252.90085378654322
322.3740273163991 251.77601247254455
322.3740273163991 250.65117115854582
322.7489744210654 249.15138273988094
323.1239215257316 247.651594321216
323.4988686303979 246.1518059025509
323.8738157350641 243.52717616988753
323.8738157350641 242.40233485588885
323.8738157350641 240.90254643722392
323.8738157350641 239.77770512322525
323.8738157350641 238.2779167045602
323.8738157350641 236.40318118122917
323.8738157350641 235.2783398672305
323.8738157350641 233.0286572392331
323.8738157350641 231.90381592523443
323.4988686303979 230.77897461123575
323.1239215257316 229.65413329723708
322.7489744210654 228.1543448785722
322.3740273163991 226.65455645990704
321.99908021173286 225.52971514590837
321.99908021173286 224.4048738319097
321.6241331070667 223.28003251791102
320.499291793068 222.15519120391235
319.3744504790693 221.03034988991368
318.2496091650706 220.6554027852476
316.7498207464057 220.28045568058138
315.6249794324071 220.28045568058138
314.5001381184084 220.28045568058138
313.3752968044097 220.28045568058138
312.2504554904109 220.28045568058138
311.1256141764123 220.28045568058138
310.0007728624136 220.6554027852476
308.8759315484149 221.40529699458006
307.10746977433797 221.33135629753264
305.84555508537755 221.33135629753264
304.8991190686573 221.33135629753264
303.952683051937 221.33135629753264
303.00624703521675 221.33135629753264
302.0598110184964 221.33135629753264
301.11337500177615 221.33135629753264
300.1669389850559 221.6468349697726
299.2205029683355 222.27779231425296
298.2740669516153 222.90874965873297
297.327630934895 222.90874965873297
296.38119491817463 223.53970700321332
295.4347589014544 223.85518567545324
294.48832288473415 223.85518567545324
293.5418868680138 224.17066434769356
292.5954508512935 224.17066434769356
291.6490148345733 224.17066434769356
290.70257881785295 224.80162169217374
289.7561428011327 225.748057708894
288.80970678441236 226.37901505337425
287.8632707676921 227.00997239785443
287.2323134232119 227.9564084145747
286.6013560787317 228.90284443129497
285.6549200620114 229.5338017757751
285.0239627175313 230.4802377924953
284.07752670081095 231.11119513697565
283.13109068409057 232.05763115369592
282.18465466737035 232.688588498176
281.2382186506501 233.00406717041625
280.2917826339297 233.63502451489626
279.3453466172095 234.2659818593766
278.3989106004892 235.21241787609694
277.4524745837689 235.21241787609694
276.50603856704856 235.52789654833697
275.55960255032835 236.1588538928172
274.613166533608 236.78981123729722
274.29768786136793 237.73624725401766
273.3512518446476 238.3672045984979
272.7202945001674 239.31364061521805
271.7738584834472 239.62911928745825
271.45837981120707 240.57555530417858
271.142901138967 241.5219913208988
270.5119437944868 242.46842733761895
270.1964651222466 243.41486335433927
269.56550777776647 244.36129937105972
268.9345504332863 245.30773538777999
268.6190717610462 246.2541714045003
267.988114416566 247.20060742122058
267.04167839984564 247.8315647657006
266.4107210553655 248.7780007824211
266.0952423831254 249.72443679914136
265.14880636640515 250.98635148810172
264.517849021925 251.93278750482204
263.8868916774447 252.87922352154231
262.94045566072447 254.14113821050273
261.6785409717641 255.087574227223
261.363062299524 256.03401024394327
260.4166262828037 256.6649675884233
260.10114761056354 257.6114036051438
259.47019026608336 258.55783962186405
258.8392329216032 259.5042756385843
257.8927969048829 260.13523298306455
256.94636088816264 261.0816689997847
255.36896752696214 262.0281050165049
254.10705283800178 262.65906236098533
253.16061682128148 263.6054983777056
252.21418080456118 264.2364557221856
251.2677447878409 264.55193439442587
250.6367874433607 265.49837041114614
249.69035142664043 266.4448064278663
248.11295806543995 267.07576377234665
247.16652204871966 267.7067211168269
246.22008603199933 268.022199789067
245.58912868751912 268.96863580578724
245.2736500152791 269.91507182250757
245.2736500152791 270.86150783922767
245.2736500152791 271.80794385594794
245.2736500152791 272.7543798726684
245.2736500152791 273.7008158893887
244.64269267079885 274.647251906109
244.01173532631864 275.59368792282925
242.74982063735828 276.2246452673093
241.80338462063798 276.5401239395496
241.80338462063798 277.48655995626984
241.4879059483979 278.43299597298994
241.4879059483979 279.37943198971044
241.4879059483979 280.3258680064307
241.4879059483979 281.272304023151
241.4879059483979 282.2187400398713
241.4879059483979 283.1651760565916
240.85694860391771 284.7425694177921
240.2259912594375 285.68900543451235
239.59503391495733 286.6354414512326
238.64859789823703 287.2663987957128
238.01764055375685 288.212834812433
238.01764055375685 289.1592708291534
237.38668320927664 290.1057068458737
236.44024719255637 291.052142862594
236.12476852031625 291.99857887931427
236.12476852031625 292.9450148960346
236.12476852031625 293.89145091275486
236.44024719255637 295.1533656017153
236.75572586479646 296.41528029067564
237.70216188151676 296.73075896291573
238.64859789823703 297.67719497963606
239.59503391495733 297.99267365187615
240.5414699316776 297.99267365187615
241.1724272761578 298.9391096685964
241.4879059483979 299.8855456853167
242.4343419651182 300.5165030297969
243.38077798183846 301.4629390465172
244.32721399855876 302.0938963909974
245.2736500152791 302.40937506323746
245.90460735975924 303.3558110799578
246.85104337647957 303.98676842443797
247.48200072095972 304.93320444115824
248.42843673768004 305.5641617856384
248.74391540992013 306.51059780235875
249.3748727544003 307.457033819079
250.00583009888052 308.4034698357993
250.95226611560076 309.3499058525196
252.21418080456118 309.6653845247597
253.16061682128148 309.6653845247597
254.10705283800178 309.6653845247597
255.05348885472205 309.6653845247597
255.99992487144235 309.6653845247597
256.94636088816264 309.6653845247597
258.208275577123 309.6653845247597
259.15471159384333 309.6653845247597
260.10114761056354 309.6653845247597
261.04758362728387 309.6653845247597
262.3094983162443 309.6653845247597
263.5714130052046 309.6653845247597
264.517849021925 309.6653845247597
265.46428503864524 309.6653845247597
266.4107210553655 309.6653845247597
267.35715707208584 309.6653845247597
268.3035930888061 309.6653845247597
269.2500291055264 309.6653845247597
270.5119437944868 309.6653845247597
271.7738584834472 309.6653845247597
272.7202945001674 309.6653845247597
273.66673051688775 309.6653845247597
274.92864520584817 309.03442718027947
276.1905598948085 309.03442718027947
277.1369959115288 309.03442718027947
278.0834319282491 308.71894850803943
279.3453466172095 308.0879911635592
280.6072613061699 307.77251249131905
281.5536973228902 307.1415551468389
282.81561201185053 306.8260764745988
283.76204802857086 306.8260764745988
284.70848404529113 306.51059780235875
285.6549200620114 306.19511913011866
286.6013560787317 306.19511913011866
287.547792095452 306.19511913011866
288.4942281121723 306.19511913011866
289.44066412889254 305.56416178563836
290.38710014561286 304.93320444115824
291.3335361623332 304.6177257689181
292.2799721790534 303.98676842443797
292.5954508512935 303.04033240771764
293.5418868680138 302.4093750632374
294.48832288473415 301.7784177187573
295.75023757369445 300.83198170203696
296.38119491817463 299.8855456853167
297.327630934895 299.2545883408365
297.9585882793752 298.30815232411624
298.5895456238554 297.3617163073959
299.5359816405756 296.73075896291573
300.1669389850559 295.7843229461954
301.11337500177615 294.52240825723504
302.0598110184964 294.20692958499495
303.00624703521675 293.89145091275486
302.3752896907365 292.62953622379433
302.3752896907365 291.68310020707423
302.3752896907365 290.4211855181137
302.3752896907365 289.47474950139355
302.3752896907365 288.212834812433
302.3752896907365 287.2663987957128
302.3752896907365 286.31996277899253
302.3752896907365 285.37352676227226
302.3752896907365 284.427090745552
302.3752896907365 283.48065472883167
302.3752896907365 282.5342187121114
302.3752896907365 281.5877826953911
302.3752896907365 280.6413466786707
302.3752896907365 279.37943198971044
302.3752896907365 278.43299597299
302.69076836297654 277.48655995626984
303.00624703521675 276.5401239395496
303.952683051937 275.9091665950694
304.75151339708646 273.897891647852
306.2513018157514 272.77305033385335
307.37614312975 271.6482090198547
308.50098444374873 271.2732619151884
309.25087865308114 270.14842060118974
309.25087865308114 269.02357928719107
309.25087865308114 267.89873797319234
slice_number: 12
nb_points_on_contour: 240
302.69076836297654 231.42667380921557
301.74433234625633 231.74215248145583
300.48241765729597 232.37310982593607
299.2205029683355 233.00406717041625
298.2740669516153 233.31954584265634
296.6966735904147 233.95050318713652
295.4347589014544 234.58146053161676
294.48832288473415 235.52789654833697
293.2264081957737 236.1588538928172
292.2799721790534 236.78981123729722
291.3335361623332 237.42076858177757
289.7561428011327 238.05172592625763
288.4942281121723 238.9981619429779
285.9703987342515 239.62911928745825
284.70848404529113 240.26007663193826
283.44656935633066 241.2065126486586
282.50013333961044 241.5219913208988
281.5536973228902 241.83746999313894
280.2917826339297 242.15294866537903
279.3453466172095 242.46842733761895
277.4524745837689 243.0993846820993
275.8750812225684 243.73034202657954
274.613166533608 244.36129937105972
273.66673051688775 244.67677804329963
272.7202945001674 244.9922567155399
271.45837981120707 245.30773538777999
270.2563797677935 246.15180590255085
268.7565913491285 247.27664721654958
267.63175003512987 248.77643563521474
266.131961616465 249.9012769492134
265.0071203024663 251.4010653678783
262.7574376744688 253.27580089120943
261.6325963604702 254.40064220520816
260.5077550464715 255.15053641454062
259.7578608371391 256.2753777285393
258.63301952314043 257.40021904253797
257.8831253138079 258.52506035653664
256.3833368951431 259.27495456586905
255.63344268581062 260.39979587986784
254.50860137181192 261.89958429853266
253.38376005781328 263.0244256125314
252.63386584848075 264.14926692653006
251.13407742981582 265.27410824052873
250.00923611581712 266.77389665919367
249.25934190648474 268.6486321825248
248.88439480181847 269.7734734965235
248.88439480181847 271.2732619151884
248.88439480181847 272.77305033385335
248.50944769715224 273.897891647852
248.13450059248603 275.0227329618507
247.75955348781977 276.5225213805156
247.00965927848733 277.64736269451424
246.6347121738211 278.772204008513
246.2597650691549 280.27199242717785
245.50987085982246 281.77178084584256
245.58912868751912 283.1651760565916
245.2736500152791 284.1116120733119
244.32721399855876 284.7425694177921
243.38077798183846 285.37352676227226
243.06529930959837 286.31996277899253
242.74982063735828 287.2663987957128
242.43434196511816 288.2128348124329
242.11886329287807 289.1592708291534
242.11886329287807 290.1057068458737
242.11886329287807 291.052142862594
242.11886329287807 291.99857887931427
242.11886329287807 292.9450148960346
242.74982063735828 293.89145091275486
243.06529930959837 294.837886929475
243.69625665407855 295.78432294619523
244.32721399855876 296.73075896291573
245.2736500152791 297.9926736518759
246.22008603199933 298.9391096685964
247.16652204871966 299.5700670130766
248.11295806543995 300.20102435755655
249.05939408216017 300.83198170203696
250.00583009888052 301.4629390465172
250.95226611560074 301.7784177187573
251.8987021323211 302.4093750632373
252.8451381490414 303.35581107995756
253.79157416576166 303.98676842443797
254.73801018248196 304.93320444115824
255.68444619920226 305.5641617856382
256.31540354368246 306.51059780235875
257.5773182326428 306.8260764745987
258.52375424936315 307.1415551468389
259.47019026608336 307.1415551468389
260.7321049550438 307.1415551468389
261.6785409717641 307.7725124913189
262.6249769884844 308.0879911635592
263.5714130052046 308.4034698357993
264.517849021925 308.4034698357993
265.46428503864524 308.4034698357993
266.4107210553655 308.4034698357993
267.67263574432593 308.71894850803943
268.6190717610462 308.71894850803943
269.88098645000656 308.71894850803943
270.8274224667269 308.71894850803943
271.7738584834472 308.71894850803943
272.7202945001674 308.71894850803943
273.98220918912784 308.71894850803943
275.24412387808826 308.71894850803943
276.50603856704856 308.71894850803943
277.4524745837689 308.71894850803943
278.3989106004892 308.71894850803943
279.3453466172095 308.71894850803943
280.2917826339297 308.4034698357993
281.2382186506501 307.7725124913189
282.18465466737035 307.7725124913189
283.13109068409057 307.1415551468389
284.07752670081095 306.19511913011866
285.0239627175313 305.87964045787857
285.9703987342515 305.24868311339833
286.9168347509718 304.617725768918
287.8632707676921 303.6712897521979
288.80970678441236 303.04033240771764
289.7561428011327 301.7784177187573
291.0180574900931 301.1474603742769
291.96449350681337 300.5165030297969
292.9109295235336 300.20102435755655
293.8573655402539 299.8855456853167
294.80380155697424 299.5700670130766
295.75023757369445 298.9391096685964
296.6966735904147 298.30815232411624
297.6431096071351 297.9926736518759
298.5895456238554 297.67719497963606
299.5359816405756 296.73075896291573
300.48241765729597 296.09980161843555
301.42885367401624 295.1533656017153
302.3752896907365 294.52240825723504
303.32172570745684 293.89145091275486
303.952683051937 292.9450148960346
304.26816172417716 291.99857887931427
304.58364039641725 291.052142862594
304.8991190686573 290.1057068458737
304.8991190686573 289.1592708291534
304.8991190686573 288.2128348124329
304.8991190686573 287.2663987957128
304.58364039641725 286.31996277899253
303.952683051937 285.37352676227226
302.69076836297654 284.7425694177921
302.3752896907365 283.48065472883167
301.42885367401624 284.1116120733119
301.11337500177615 283.1651760565916
300.79789632953606 282.2187400398713
300.79789632953606 280.9568253509109
300.79789632953606 279.69491066195053
300.79789632953606 278.74847464523026
300.79789632953606 277.80203862850993
300.79789632953606 276.85560261178966
300.48241765729597 275.9091665950694
300.48241765729597 274.96273057834907
300.1669389850559 274.0162945616287
300.1669389850559 273.0698585449084
300.1669389850559 271.807943855948
300.1669389850559 270.54602916698775
300.1669389850559 269.5995931502674
300.1669389850559 268.33767846130706
300.48241765729597 267.39124244458674
301.42885367401624 267.07576377234665
302.3752896907365 266.76028510010656
303.32172570745684 266.76028510010656
304.26816172417716 266.76028510010656
305.53007641313746 266.76028510010656
306.4765124298578 266.76028510010656
307.4229484465781 266.76028510010656
308.36938446329833 266.76028510010656
309.3158204800186 266.76028510010656
310.262256496739 266.76028510010656
311.20869251345925 266.76028510010656
312.15512853017947 266.76028510010656
313.1015645468998 266.76028510010656
314.0480005636201 266.1293277556264
314.6789579081003 265.1828917389061
316.2563512693008 264.2364557221857
317.2027872860211 264.2364557221857
318.14922330274135 264.2364557221857
318.46470197498144 263.29001970546545
318.78018064722147 262.34358368874524
319.72661666394185 261.3971476720249
319.72661666394185 260.45071165530464
319.72661666394185 259.5042756385843
319.72661666394185 258.55783962186405
319.72661666394185 257.6114036051438
319.72661666394185 256.6649675884234
319.72661666394185 255.71853157170318
319.72661666394185 254.7720955549829
319.72661666394185 253.82565953826258
319.72661666394185 252.87922352154231
319.72661666394185 251.93278750482204
320.35757400842203 250.98635148810172
321.3040100251423 250.35539414362154
321.6194886973824 249.09347945466112
321.9349673696225 248.1470434379409
321.9349673696225 247.20060742122058
321.9349673696225 246.2541714045003
321.9349673696225 245.30773538777999
321.9349673696225 244.04582069881963
322.2504460418626 243.0993846820993
322.2504460418626 242.15294866537903
322.2504460418626 241.2065126486587
322.5659247141027 239.9445979596984
322.8814033863428 238.99816194297802
323.82783940306314 237.73624725401766
324.77427541978335 236.4743325650573
325.08975409202344 235.52789654833697
326.03619010874377 234.58146053161676
326.667147453224 233.63502451489637
326.667147453224 232.6885884981761
327.6135834699443 231.42667380921574
326.667147453224 230.48023779249547
325.7207114365037 229.53380177577515
325.0897540920235 228.58736575905488
324.77427541978335 227.6409297423346
324.1433180753032 226.69449372561428
323.82783940306314 225.748057708894
323.1968820585829 224.80162169217374
322.5659247141027 223.8551856754534
322.25044604186263 222.90874965873314
322.25044604186263 221.96231364201287
322.25044604186263 221.0158776252926
320.9885313529022 220.06944160857228
320.04209533618194 220.06944160857228
318.78018064722147 221.0158776252926
318.14922330274135 221.96231364201287
317.2027872860211 222.27779231425296
315.9408725970606 223.22422833097323
314.9944365803404 223.53970700321332
314.0480005636201 224.17066434769356
312.78608587465965 224.80162169217374
311.8396498579394 225.748057708894
310.89321384121916 226.37901505337425
309.94677782449884 226.37901505337425
309.0003418077785 226.69449372561428
308.0539057910583 227.32545107009446
307.10746977433797 227.9564084145747
306.1610337576177 228.58736575905488
305.2145977408974 228.90284443129497
304.26816172417716 228.90284443129497
303.32172570745684 229.5338017757751
slice_number: 13
nb_points_on_contour: 200
322.7489744210654 254.40064220520816
322.7489744210654 252.52590668187702
322.7489744210654 251.4010653678783
322.7489744210654 250.27622405387962
323.1968820585829 249.09347945466118
323.1968820585829 248.1470434379409
323.1968820585829 247.20060742122058
323.51236073082305 246.2541714045003
324.1433180753032 244.9922567155399
324.1433180753032 243.73034202657954
324.1433180753032 242.7839060098592
324.1433180753032 241.83746999313894
324.1433180753032 240.89103397641867
324.1433180753032 239.9445979596984
323.82783940306314 238.99816194297807
323.51236073082305 238.0517259262578
322.5659247141027 237.10528990953748
321.6194886973824 236.78981123729739
320.35757400842203 236.4743325650573
319.41113799170176 236.4743325650573
318.46470197498144 236.1588538928172
317.51826595826117 236.1588538928172
316.5718299415409 236.1588538928172
315.3099152525805 236.1588538928172
314.3634792358602 236.4743325650573
313.41704321913994 236.78981123729739
312.4706072024196 236.78981123729739
311.52417118569934 236.78981123729739
310.5777351689791 237.10528990953748
309.63129915225875 237.73624725401766
308.6848631355384 237.73624725401766
307.7384271188182 238.3672045984979
306.7919911020979 238.3672045984979
305.8455550853776 238.99816194297807
304.8991190686573 239.31364061521816
303.952683051937 239.9445979596984
302.6907683629766 240.57555530417858
301.74433234625633 241.20651264865876
300.79789632953606 241.20651264865876
299.8514603128158 241.52199132089885
298.90502429609546 242.15294866537903
297.6431096071351 242.46842733761912
296.6966735904148 242.7839060098592
295.7502375736945 243.0993846820993
294.48832288473415 243.41486335433945
293.5418868680138 243.41486335433945
292.59545085129355 243.73034202657954
291.3335361623332 243.73034202657954
289.7561428011327 244.36129937105972
288.80970678441236 244.36129937105972
286.9168347509718 245.30773538777999
285.9703987342515 245.62321406002008
285.0239627175313 245.93869273226022
284.07752670081095 246.2541714045003
282.50013333961044 246.2541714045003
281.5536973228902 246.8851287489805
280.6072613061699 246.8851287489805
279.6608252894496 247.20060742122058
278.0834319282491 247.51608609346067
276.8215172392887 248.46252211018094
275.24412387808826 249.09347945466118
273.98220918912784 249.72443679914136
273.0357731724075 249.72443679914136
271.7738584834472 250.03991547138145
270.8274224667269 250.35539414362154
269.88098645000656 250.98635148810172
268.9345504332863 251.3018301603418
267.988114416566 251.61730883258195
266.7261997276056 251.93278750482204
265.14880636640515 251.93278750482204
263.88689167744474 252.24826617706213
262.94045566072447 252.24826617706213
261.9940196440042 252.56374484930222
261.04758362728387 252.87922352154231
260.1011476105636 253.5101808660225
258.52375424936315 254.14113821050273
257.5773182326428 254.7720955549829
256.31540354368246 255.087574227223
255.36896752696214 255.71853157170318
254.73801018248196 256.66496758842345
253.79157416576166 257.29592493290363
253.16061682128148 258.24236094962396
252.8451381490414 259.5042756385843
252.21418080456118 260.45071165530464
251.8987021323211 261.3971476720249
251.8987021323211 262.34358368874524
251.8987021323211 263.2900197054655
251.8987021323211 264.2364557221858
251.583223460081 265.1828917389061
250.95226611560076 266.1293277556264
250.6367874433607 267.07576377234665
250.6367874433607 268.022199789067
250.6367874433607 268.96863580578724
250.6367874433607 270.2305504947476
250.6367874433607 271.17698651146793
250.6367874433607 272.1234225281882
250.6367874433607 273.06985854490847
250.6367874433607 274.3317732338689
250.3213087711206 275.27820925058916
250.3213087711206 276.2246452673095
250.00583009888052 277.17108128402975
250.00583009888052 278.11751730075
250.00583009888052 279.0639533174703
250.00583009888052 280.0103893341906
250.00583009888052 280.9568253509109
250.00583009888052 281.9032613676312
250.3213087711206 282.8496973843515
250.3213087711206 283.79613340107176
250.3213087711206 284.7425694177921
250.3213087711206 285.68900543451235
250.3213087711206 286.6354414512326
250.3213087711206 287.58187746795295
250.6367874433607 289.1592708291534
250.6367874433607 290.1057068458737
250.6367874433607 291.052142862594
250.95226611560074 292.3140575515544
251.2677447878409 293.2604935682747
251.8987021323211 294.20692958499495
252.8451381490414 295.1533656017153
253.79157416576166 296.09980161843555
254.10705283800178 297.04623763515576
255.05348885472205 297.67719497963606
255.68444619920226 298.6236309963563
256.6308822159225 299.2545883408365
257.5773182326428 300.2010243575567
258.52375424936315 301.14746037427705
259.47019026608336 301.7784177187573
260.4166262828037 302.0938963909974
261.363062299524 302.4093750632374
262.3094983162443 302.72485373547755
263.5714130052046 303.04033240771764
264.83332769416506 303.04033240771764
266.0952423831254 303.6712897521979
267.04167839984564 303.6712897521979
268.3035930888061 303.6712897521979
269.56550777776647 303.6712897521979
270.8274224667269 303.6712897521979
273.3512518446476 303.6712897521979
274.29768786136793 303.6712897521979
275.24412387808826 303.6712897521979
276.1905598948085 303.6712897521979
277.1369959115288 303.6712897521979
278.0834319282491 303.6712897521979
279.3453466172095 303.35581107995773
280.6072613061699 303.35581107995773
281.5536973228902 302.72485373547755
282.81561201185053 302.72485373547755
283.76204802857086 302.4093750632374
284.70848404529113 302.0938963909974
285.9703987342515 301.7784177187573
287.2323134232119 301.14746037427705
289.44066412889254 299.8855456853167
290.70257881785295 299.2545883408365
291.6490148345733 298.6236309963563
292.5954508512935 298.30815232411624
293.5418868680138 297.67719497963606
294.48832288473415 297.3617163073959
295.75023757369445 296.73075896291573
297.0121522626549 295.7843229461954
297.6431096071351 294.8378869294751
298.5895456238554 294.20692958499495
299.5359816405756 293.89145091275486
300.1669389850559 292.9450148960346
301.42885367401624 291.99857887931427
302.69076836297654 291.052142862594
303.32172570745684 290.1057068458737
304.26816172417716 289.47474950139355
304.8991190686573 288.2128348124331
306.4765124298578 286.95092012347277
306.7919911020979 286.0044841067524
307.4229484465781 285.0580480900321
308.36938446329833 283.7961334010717
309.0003418077785 282.84969738435143
309.63129915225875 281.9032613676312
310.262256496739 280.64134667867074
310.89321384121916 279.69491066195053
311.52417118569934 278.74847464523026
312.15512853017947 277.80203862850993
312.78608587465965 276.85560261178966
313.41704321913994 275.9091665950694
314.0480005636201 274.96273057834907
314.9944365803404 274.3317732338689
315.6253939248205 273.0698585449084
316.2563512693008 272.1234225281882
316.5718299415409 271.17698651146793
317.51826595826117 269.91507182250757
317.83374463050126 268.96863580578724
318.46470197498144 268.022199789067
319.0956593194617 267.07576377234665
319.41113799170176 266.1293277556264
320.35757400842203 265.1828917389061
320.9885313529022 264.2364557221857
321.6194886973824 263.29001970546545
321.9349673696225 262.34358368874524
322.5659247141027 261.3971476720249
323.1968820585829 260.45071165530464
323.51236073082305 259.1887969663442
323.82783940306314 258.24236094962396
324.1433180753032 257.29592493290363
324.1433180753032 256.3494889161834
slice_number: 14
nb_points_on_contour: 184
252.8451381490414 298.9391096685964
251.8987021323211 298.9391096685964
250.95226611560074 298.6236309963563
250.00583009888052 297.9926736518761
249.05939408216017 297.3617163073959
248.42843673768004 296.41528029067564
247.4820007209597 295.7843229461954
246.53556470423942 295.46884427395537
245.58912868751912 294.8378869294751
244.32721399855876 294.20692958499495
243.38077798183846 293.89145091275486
242.74982063735828 292.9450148960346
242.11886329287807 291.99857887931427
242.11886329287807 291.052142862594
241.80338462063798 290.1057068458737
241.80338462063798 289.1592708291534
241.80338462063798 287.89735614019304
242.11886329287807 286.95092012347277
242.11886329287807 285.37352676227226
242.11886329287807 284.427090745552
242.11886329287807 283.48065472883167
242.43434196511816 282.5342187121114
243.06529930959837 281.5877826953911
243.69625665407855 280.64134667867074
244.64269267079885 280.3258680064307
245.9046073597592 279.0639533174703
245.9046073597592 277.80203862850993
245.9046073597592 276.85560261178966
245.9046073597592 275.9091665950694
245.9046073597592 274.96273057834907
245.9046073597592 274.01629456162874
245.9046073597592 273.0698585449084
246.22008603199933 272.1234225281882
246.53556470423942 271.17698651146793
247.7974793931998 269.91507182250757
248.42843673768004 268.6531571335471
249.05939408216017 267.7067211168269
249.69035142664043 266.76028510010656
250.6367874433607 265.49837041114614
251.2677447878409 264.55193439442587
251.583223460081 263.6054983777056
252.5296594768013 262.34358368874524
253.16061682128148 261.3971476720249
253.79157416576166 260.45071165530464
254.73801018248196 259.5042756385843
255.68444619920226 258.55783962186405
256.6308822159225 257.6114036051438
257.5773182326428 256.3494889161834
258.208275577123 255.087574227223
259.15471159384333 254.7720955549829
260.10114761056354 254.14113821050273
261.363062299524 253.5101808660225
262.6249769884844 252.87922352154231
263.2559343329645 251.93278750482204
264.2023703496848 251.30183016034175
264.83332769416506 250.35539414362154
265.77976371088533 249.72443679914136
266.72619972760555 249.09347945466112
267.988114416566 249.09347945466112
268.9345504332863 249.09347945466112
270.5119437944868 249.09347945466112
271.7738584834472 249.09347945466112
273.0357731724075 248.7780007824211
273.98220918912784 248.46252211018094
274.92864520584817 248.46252211018094
275.8750812225684 248.7780007824211
276.82151723928865 248.7780007824211
278.0834319282491 248.7780007824211
279.3453466172095 248.7780007824211
280.92273997841 249.09347945466112
281.86917599513026 249.09347945466112
282.81561201185053 249.09347945466112
283.76204802857086 249.40895812690127
285.0239627175313 249.72443679914136
285.9703987342515 250.03991547138145
286.9168347509718 250.35539414362154
287.8632707676921 250.98635148810172
288.80970678441236 251.30183016034175
289.7561428011327 251.93278750482204
291.0180574900931 252.56374484930222
291.96449350681337 252.87922352154231
293.2264081957737 253.82565953826258
294.17284421249406 254.7720955549829
295.1192802292143 255.4030528994631
296.06571624593454 256.03401024394327
297.0121522626549 256.3494889161834
297.9585882793752 256.6649675884234
298.90502429609546 257.29592493290363
299.8514603128158 257.6114036051438
300.79789632953606 258.24236094962396
301.74433234625633 258.8733182941041
302.69076836297654 259.5042756385843
303.6372043796969 260.45071165530464
304.58364039641725 261.08166899978477
305.53007641313746 262.02810501650504
306.7919911020979 262.65906236098533
307.7384271188182 263.29001970546545
309.0003418077785 263.9209770499457
309.94677782449884 264.2364557221857
311.20869251345925 264.55193439442587
312.15512853017947 264.55193439442587
313.1015645468998 264.86741306666596
314.3634792358602 264.86741306666596
315.6253939248205 264.86741306666596
316.5718299415409 264.86741306666596
317.83374463050126 264.86741306666596
318.78018064722147 264.86741306666596
319.72661666394185 264.86741306666596
320.9885313529022 265.49837041114614
320.9885313529022 266.44480642786647
320.9885313529022 267.39124244458674
320.9885313529022 268.33767846130706
320.04209533618194 268.96863580578724
319.41113799170176 269.91507182250757
318.7801806472215 270.8615078392278
318.14922330274135 271.8079438559481
318.14922330274135 272.7543798726684
317.51826595826117 273.7008158893887
317.51826595826117 274.647251906109
316.887308613781 275.59368792282925
316.2563512693008 276.5401239395496
315.3099152525805 277.48655995626984
314.3634792358602 278.4329959729901
313.41704321913994 279.0639533174703
312.4706072024196 279.69491066195053
311.52417118569934 280.3258680064307
310.262256496739 280.9568253509109
309.63129915225875 281.9032613676312
309.00034180777857 282.8496973843515
308.0539057910583 283.79613340107176
308.0539057910583 284.7425694177921
307.10746977433797 285.0580480900322
306.4765124298578 286.00448410675244
305.53007641313746 286.6354414512326
304.58364039641725 286.95092012347277
303.6372043796969 288.21283481243313
303.00624703521675 289.1592708291534
302.0598110184964 290.1057068458737
301.42885367401624 291.052142862594
300.48241765729597 291.68310020707423
299.53598164057564 292.3140575515544
298.2740669516153 293.2604935682747
297.327630934895 293.89145091275486
296.3811949181747 294.52240825723504
295.4347589014544 295.1533656017153
294.48832288473415 296.09980161843555
293.22640819577373 296.73075896291573
292.2799721790534 297.3617163073959
291.0180574900931 298.30815232411624
289.7561428011327 298.9391096685964
288.4942281121723 299.8855456853167
287.2323134232119 300.5165030297969
286.2858774064916 300.83198170203696
285.3394413897713 300.83198170203696
284.39300537305104 301.1474603742771
283.4465693563307 301.1474603742771
282.50013333961044 301.1474603742771
281.5536973228902 301.4629390465172
280.29178263392976 301.7784177187573
279.0298679449694 301.7784177187573
278.0834319282491 301.7784177187573
277.1369959115288 301.7784177187573
276.19055989480853 301.7784177187573
275.24412387808826 301.7784177187573
274.29768786136793 302.0938963909974
273.35125184464766 302.72485373547755
272.40481582792734 302.72485373547755
271.45837981120707 302.72485373547755
270.5119437944868 302.72485373547755
269.2500291055264 302.72485373547755
268.3035930888061 302.72485373547755
267.0416783998457 302.72485373547755
266.0952423831254 302.72485373547755
265.14880636640515 302.72485373547755
263.88689167744474 302.72485373547755
262.94045566072447 302.72485373547755
261.6785409717641 302.40937506323746
260.1011476105636 302.0938963909974
258.8392329216032 301.7784177187573
257.26183956040273 301.1474603742771
256.31540354368246 300.83198170203696
255.36896752696214 300.2010243575568
254.42253151024187 299.5700670130766
253.47609549352157 299.2545883408365
slice_number: 15
nb_points_on_contour: 174
307.75109023441627 277.64736269451424
306.2513018157514 278.0223097991805
305.1264605017527 278.3972569038466
304.00161918775405 278.3972569038466
302.8767778737552 278.3972569038466
301.7519365597566 278.772204008513
300.2521481410917 278.772204008513
298.75235972242683 278.772204008513
297.2525713037619 278.772204008513
296.1277299897632 278.772204008513
294.62794157109835 278.772204008513
292.75320604776715 278.3972569038466
291.2534176291022 278.0223097991805
290.12857631510354 277.64736269451424
288.62878789643867 277.64736269451424
286.37910526844126 276.89746848518183
285.25426395444265 276.1475742758493
284.129422640444 275.7726271711831
283.0045813264452 275.39768006651695
281.12984580311405 275.0227329618507
279.25511027978297 274.2728387525183
277.75532186111803 273.897891647852
276.6304805471193 273.52294454318576
275.5056392331207 272.77305033385335
274.0058508144558 272.0231561245208
272.881009500457 271.2732619151884
271.75616818645835 270.52336770585595
270.1964651222466 270.2305504947476
269.88098645000656 269.28411447802733
269.2500291055264 268.33767846130706
268.3035930888061 267.7067211168269
267.67263574432593 266.76028510010656
266.72619972760555 265.8138490833863
265.77976371088533 265.49837041114614
265.14880636640515 264.55193439442587
264.2023703496848 263.29001970546545
263.5714130052046 262.34358368874524
262.94045566072447 261.3971476720249
262.6249769884844 260.45071165530464
262.3094983162443 259.5042756385843
261.9940196440042 258.55783962186405
261.6785409717641 257.6114036051438
261.363062299524 256.6649675884233
260.7321049550438 255.71853157170318
260.10114761056354 254.7720955549829
259.47019026608336 253.82565953826258
258.52375424936315 253.5101808660225
257.5773182326428 253.5101808660225
256.6308822159225 253.5101808660225
255.68444619920226 253.5101808660225
254.73801018248196 253.5101808660225
253.79157416576166 253.82565953826258
252.8451381490414 254.7720955549829
252.21418080456118 255.71853157170318
251.583223460081 256.6649675884233
251.2677447878409 257.6114036051438
251.2677447878409 258.55783962186405
250.6367874433607 259.5042756385843
250.6367874433607 260.45071165530464
250.6367874433607 261.3971476720249
250.6367874433607 262.34358368874524
250.6367874433607 263.29001970546545
250.6367874433607 264.2364557221856
250.6367874433607 265.1828917389061
250.6367874433607 266.1293277556264
250.6367874433607 267.07576377234665
250.6367874433607 268.022199789067
250.3213087711206 268.96863580578724
249.69035142664043 269.91507182250757
249.37487275440026 270.86150783922767
248.74391540992013 271.80794385594794
248.42843673768004 272.7543798726684
248.11295806543995 273.7008158893887
248.11295806543995 274.647251906109
247.4820007209597 275.59368792282925
247.16652204871966 276.5401239395496
247.16652204871966 277.48655995626984
246.85104337647957 278.43299597298994
246.53556470423942 279.37943198971044
246.22008603199933 280.3258680064307
246.22008603199933 281.272304023151
246.22008603199933 282.2187400398713
245.9046073597592 283.1651760565916
245.2736500152791 284.1116120733119
244.95817134303894 285.05804809003206
244.32721399855876 286.0044841067523
243.69625665407855 286.95092012347277
243.06529930959837 287.89735614019304
243.06529930959837 288.8437921569133
243.06529930959837 289.79022817363364
243.38077798183846 290.7366641903539
244.01173532631864 291.68310020707423
244.95817134303894 292.62953622379433
245.9046073597592 292.9450148960346
246.85104337647957 293.5759722405146
247.7974793931998 294.20692958499495
248.74391540992013 294.837886929475
249.69035142664043 294.837886929475
250.6367874433607 294.837886929475
251.50902453448208 296.3947179278257
252.63386584848075 297.14461213715816
253.75870716247948 297.8945063464905
254.88354847647815 298.64440055582304
256.3833368951431 299.3942947651555
257.50817820914176 299.7692418698217
259.00796662780664 300.1441889744878
260.1328079418053 300.5191360791542
261.6325963604702 301.2690302884865
262.7574376744688 301.2690302884865
264.25722609313385 302.01892449781906
265.7570145117988 302.3938716024851
266.88185582579746 302.7688187071515
268.00669713979613 302.7688187071515
269.13153845379475 303.1437658118178
270.2563797677935 303.51871291648376
271.38122108179215 303.8936600211502
272.881009500457 303.8936600211502
274.75574502378817 303.8936600211502
275.8805863377869 303.8936600211502
277.00542765178557 303.8936600211502
280.0050044891153 303.8936600211502
281.12984580311405 303.8936600211502
282.2546871171127 303.51871291648376
283.3795284311115 303.51871291648376
284.5043697451101 303.1437658118178
285.62921105910885 302.7688187071515
286.7540523731075 302.3938716024851
288.2538407917724 302.01892449781906
289.7536292104373 301.64397739315285
291.2534176291022 300.8940831838204
292.3782589431009 300.1441889744878
293.8780473617658 299.01934766048913
295.00288867576455 298.26945345115683
296.1277299897632 297.51955924182437
297.2525713037619 296.76966503249184
298.37741261776057 296.3947179278257
299.5022539317592 296.01977082315943
300.6270952457579 295.6448237184932
301.7519365597566 295.269876613827
303.2517249784216 294.51998240449456
305.53007641313746 294.837886929475
305.53007641313746 293.89145091275486
305.84555508537755 292.9450148960346
306.7919911020979 292.62953622379433
307.4229484465781 291.68310020707423
308.36938446329833 290.7366641903539
309.3158204800186 290.1057068458737
309.63129915225875 289.1592708291534
310.262256496739 288.212834812433
311.20869251345925 287.89735614019304
312.15512853017947 286.95092012347277
313.1015645468998 286.31996277899253
314.0480005636201 285.68900543451235
314.6789579081003 284.7425694177921
315.94087259706066 284.1116120733119
316.2563512693008 283.1651760565916
316.887308613781 282.2187400398713
317.51826595826117 281.272304023151
317.83374463050126 280.3258680064307
318.7801806472215 279.69491066195053
318.7801806472215 278.74847464523026
318.7801806472215 277.80203862850993
319.0956593194617 276.85560261178966
319.41113799170176 275.9091665950694
319.0956593194617 274.96273057834907
318.14922330274135 274.647251906109
317.2027872860211 274.96273057834907
316.2563512693008 274.96273057834907
315.3099152525804 275.2782092505891
314.3634792358602 275.2782092505891
313.41704321913994 275.59368792282925
312.47060720241956 275.59368792282925
311.52417118569934 276.2246452673094
310.5777351689791 276.5401239395496
slice_number: 16
nb_points_on_contour: 139
281.86917599513026 288.5283134846732
280.6072613061699 287.58187746795295
279.6608252894495 286.95092012347277
278.7143892727293 286.6354414512326
277.4524745837689 285.68900543451235
276.50603856704856 285.05804809003206
275.55960255032835 284.427090745552
274.613166533608 283.79613340107153
273.66673051688775 283.48065472883167
272.7202945001674 282.8496973843514
271.7738584834472 282.2187400398713
270.8274224667269 281.5877826953911
269.56550777776647 280.3258680064307
268.6190717610462 279.37943198971044
267.67263574432593 278.74847464523026
266.4107210553655 278.11751730075
265.46428503864524 277.48655995626984
264.517849021925 276.85560261178966
263.5714130052046 275.9091665950694
262.6249769884844 275.2782092505891
261.363062299524 274.647251906109
260.7321049550438 273.7008158893887
259.7856689383235 273.3853372171486
258.8392329216032 272.7543798726684
257.8927969048829 271.8079438559479
256.94636088816264 271.492465183708
255.99992487144235 270.86150783922767
255.05348885472205 270.86150783922767
254.10705283800178 270.54602916698775
253.16061682128148 270.54602916698775
252.21418080456118 270.54602916698775
251.2677447878409 271.17698651146793
250.3213087711206 271.492465183708
249.37487275440026 271.492465183708
248.74391540992013 272.4389012004283
248.42843673768004 273.3853372171486
248.11295806543995 274.3317732338689
247.7974793931998 275.2782092505891
247.4820007209597 276.22464526730926
248.11295806543995 277.17108128402975
247.16652204871966 277.48655995626984
246.22008603199933 277.80203862850993
245.2736500152791 278.74847464523026
244.32721399855876 279.37943198971044
244.01173532631864 280.3258680064307
243.69625665407855 281.272304023151
243.69625665407855 282.2187400398713
244.01173532631864 283.1651760565916
244.64269267079885 284.1116120733119
245.58912868751912 285.05804809003206
245.58912868751912 286.0044841067523
246.22008603199933 286.95092012347277
246.85104337647957 288.21283481243296
247.4820007209597 289.1592708291534
247.7974793931998 290.1057068458737
248.11295806543995 291.052142862594
248.42843673768004 291.99857887931427
249.05939408216017 293.2604935682747
249.05939408216017 294.20692958499495
249.69035142664043 295.1533656017153
250.6367874433607 296.09980161843555
251.2677447878409 297.04623763515576
252.5296594768013 297.99267365187615
253.47609549352157 297.99267365187615
254.10705283800178 298.9391096685964
254.73801018248196 299.8855456853167
255.68444619920226 300.83198170203696
256.6308822159225 301.1474603742771
257.5773182326428 301.147460374277
258.52375424936315 301.147460374277
259.7856689383235 301.7784177187573
260.7321049550438 302.72485373547755
261.6785409717641 303.04033240771764
262.6249769884844 303.6712897521979
263.5714130052046 303.6712897521979
264.517849021925 303.6712897521979
265.46428503864524 303.6712897521979
266.4107210553655 303.6712897521979
267.35715707208584 303.6712897521979
268.3035930888061 303.6712897521979
269.2500291055264 303.6712897521979
270.1964651222466 303.6712897521979
271.45837981120707 303.6712897521979
272.7202945001674 303.6712897521979
273.66673051688775 303.6712897521979
274.613166533608 303.6712897521979
275.8750812225684 303.3558110799577
276.82151723928865 303.3558110799577
277.76795325600904 303.3558110799577
278.7143892727293 303.3558110799577
279.6608252894495 303.3558110799577
280.6072613061699 303.04033240771764
281.5536973228902 303.04033240771764
282.50013333961044 302.72485373547755
283.44656935633066 302.40937506323735
284.70848404529113 302.0938963909974
285.6549200620114 302.0938963909974
286.6013560787317 301.7784177187573
291.0180574900931 300.2010243575567
291.96449350681337 299.5700670130766
292.9109295235336 299.2545883408365
293.8573655402539 298.9391096685964
294.48832288473415 297.9926736518761
295.75023757369445 297.3617163073959
297.0121522626549 296.41528029067564
297.9585882793752 295.46884427395537
298.90502429609546 294.8378869294751
299.8514603128158 294.20692958499495
300.79789632953606 293.89145091275486
301.74433234625633 293.89145091275486
302.69076836297654 293.5759722405147
303.6372043796969 293.5759722405147
304.58364039641725 293.2604935682747
305.53007641313746 292.9450148960346
306.1610337576177 291.99857887931427
306.1610337576177 291.052142862594
306.1610337576177 290.1057068458737
305.2145977408974 289.47474950139355
304.26816172417716 289.47474950139355
303.32172570745684 289.47474950139355
302.3752896907365 289.47474950139355
301.42885367401624 289.47474950139355
300.48241765729597 289.47474950139355
299.5359816405756 289.47474950139355
298.2740669516153 289.47474950139355
297.327630934895 289.47474950139355
296.06571624593454 289.47474950139355
294.80380155697424 289.47474950139355
293.8573655402539 289.47474950139355
292.9109295235336 289.47474950139355
291.96449350681337 289.47474950139355
291.0180574900931 289.47474950139355
289.7561428011327 289.47474950139355
288.80970678441236 289.47474950139355
287.8632707676921 289.47474950139355
286.9168347509718 289.47474950139355
285.9703987342515 289.47474950139355
285.0239627175313 289.47474950139355
284.07752670081095 289.47474950139355
slice_number: 17
nb_points_on_contour: 115
281.87974001244646 296.3947179278257
280.75489869844785 295.6448237184932
279.6300573844492 295.269876613827
278.50521607045044 294.8949295091608
277.38037475645183 294.51998240449456
276.25553344245316 294.51998240449456
275.1306921284544 293.77008819516215
274.0058508144558 293.3951410904958
272.881009500457 293.0201939858297
271.38122108179215 292.6452468811635
270.2563797677935 291.895352671831
269.13153845379475 291.5204055671647
268.00669713979613 290.7705113578321
266.88185582579746 290.395564253166
265.3820674071325 290.0206171484998
264.25722609313385 289.27072293916734
263.13238477913507 289.27072293916734
262.00754346513645 288.52082872983476
260.8827021511378 287.7709345205024
259.38291373247273 287.02104031117
258.63301952314043 285.89619899717127
257.50817820914176 285.52125189250506
256.3833368951431 284.7713576831726
255.25849558114442 284.0214634738401
254.13365426714563 283.6465163691739
253.16061682128148 282.5342187121114
252.8451381490414 281.5877826953911
251.8987021323211 280.64134667867074
250.95226611560074 280.0103893341906
250.95226611560074 279.0639533174703
250.00583009888052 278.43299597299006
249.05939408216017 277.48655995626984
248.74391540992013 276.5401239395496
248.42843673768004 275.59368792282925
247.7974793931998 274.647251906109
246.85104337647957 274.3317732338689
245.9046073597592 274.3317732338689
244.95817134303894 274.3317732338689
244.01173532631864 274.96273057834907
243.69625665407855 275.9091665950694
243.06529930959837 276.85560261178966
243.06529930959837 277.80203862850993
243.06529930959837 278.74847464523026
243.06529930959837 279.69491066195053
243.06529930959837 280.64134667867074
243.06529930959837 281.5877826953911
243.06529930959837 282.84969738435143
243.06529930959837 283.7961334010717
243.26018823182505 285.14630478783874
242.51029402249256 287.3959874158361
242.51029402249256 288.52082872983476
242.51029402249256 289.64567004383343
242.8852411271588 290.7705113578321
243.63513533649132 291.895352671831
244.38502954582376 293.3951410904958
244.75997665048993 294.8949295091608
245.50987085982246 296.01977082315943
246.6347121738211 296.76966503249184
248.13450059248603 297.8945063464905
249.63428901115094 299.01934766048913
250.7591303251496 299.7692418698217
252.2589187438145 300.5191360791542
253.38376005781328 300.8940831838204
254.88354847647815 301.64397739315285
256.0083897904768 302.01892449781906
257.8831253138079 302.5813451548184
259.7578608371391 303.1437658118178
261.257649255804 303.1437658118178
262.7574376744688 304.2686071258165
263.88227898846765 303.8936600211502
265.0071203024663 303.8936600211502
265.77976371088533 304.61772576891815
266.7261997276056 304.61772576891815
267.67263574432593 304.61772576891815
268.6190717610462 304.61772576891815
269.56550777776647 304.61772576891815
270.8274224667269 304.61772576891815
271.7738584834472 304.61772576891815
272.7202945001674 304.61772576891815
273.66673051688775 304.61772576891815
274.613166533608 304.61772576891815
275.55960255032835 304.61772576891815
276.5060385670486 304.61772576891815
277.4524745837689 304.61772576891815
278.3989106004892 304.61772576891815
279.3453466172095 304.61772576891815
280.29178263392976 304.61772576891815
281.2382186506501 304.61772576891815
282.18465466737035 304.61772576891815
283.1310906840906 304.61772576891815
284.07752670081095 304.61772576891815
285.0239627175313 304.30224709667806
285.9703987342515 303.98676842443797
286.9168347509718 303.6712897521979
287.8632707676921 303.6712897521979
288.80970678441236 303.3558110799578
289.7561428011327 303.04033240771764
290.70257881785295 302.72485373547755
291.6490148345733 302.40937506323746
292.59545085129355 302.0938963909974
293.22640819577373 301.1474603742771
293.22640819577373 300.2010243575568
293.22640819577373 299.2545883408365
293.22640819577373 298.30815232411624
292.91092952353364 297.3617163073959
291.96449350681337 297.0462376351558
291.0180574900931 296.73075896291573
290.0716214733728 296.73075896291573
289.12518545665245 296.73075896291573
288.17874943993223 296.73075896291573
287.2323134232119 296.73075896291573
286.2858774064916 296.73075896291573
285.3394413897713 296.73075896291573
284.39300537305104 296.73075896291573
283.4465693563307 296.73075896291573
