Study: 1.2.124.113532.129.195.17.60.20000731.111142.239344
Series: 2.16.840.1.113662.2.1.2431.227183.2000802.2131256.281333.20
SpacingX: 0.6445312
SpacingY: 0.6445312
SpacingZ: 10.25

label: healthy
localisation: non-relevant
slice_number: 10
nb_points_on_contour: 5
214.6288896 112.1484288
241.0546688 146.9531136
247.4999808 192.0702976
217.8515456 217.8515456
183.0468608 123.1054592
label: fibrosis
localisation: basal
slice_number: 15
nb_points_on_contour: 5
119.8828032 90.8788992
77.343744 116.6601472
58.6523392 161.1328
87.6562432 185.6249856
121.8163968 109.570304
nb_points_on_contour: 5
83.789056 204.9609216
135.351552 211.4062336
132.7734272 228.1640448
108.2812416 237.8320128
78.6328064 226.2304512
slice_number: 17
nb_points_on_contour: 7
131.4843648 176.6015488
145.6640512 195.9374848
136.6406144 228.808576
106.347648 235.253888
79.9218688 226.2304512
77.9882752 210.7617024
106.347648 215.917952
nb_points_on_contour: 5
235.253888 186.914048
203.6718592 212.0507648
201.0937344 235.253888
222.363264 244.2773248
263.6132608 223.6523264