Study: 2.16.840.1.113669.632.20.1211.10000091756
Series: 1.2.840.113704.1.111.4660.1127310511.6
SpacingX: 0.59375
SpacingY: 0.59375
SpacingZ: 10.0

label: fibrosis
localisation: basal
slice_number: 11
nb_points_on_contour: 144
236.68996402011922 217.75053552528993
235.89363735377268 217.75053552528993
235.09731068742624 217.75053552528993
234.30098402107976 217.48509330317444
232.97377291050228 217.48509330317444
231.6465617999248 217.21965108105894
230.8502351335783 217.21965108105894
229.52302402300083 216.95420885894345
228.46125513453887 216.95420885894345
227.3994862460769 216.68876663682795
226.60315957973043 216.42332441471245
225.80683291338391 216.15788219259701
225.01050624703743 215.89243997048146
224.21417958069097 215.62699774836597
223.41785291434448 215.09611330413497
222.62152624799802 214.83067108201948
221.82519958165153 214.56522885990404
220.49798847107405 213.76890219355755
219.43621958261207 213.23801774932656
218.37445069415008 212.70713330509557
217.5781240278036 212.44169108298007
216.51635513934164 211.64536441663358
215.72002847299515 211.3799221945181
214.39281736241767 210.5835955281716
213.59649069607119 210.3181533060561
212.2692795854937 209.7872688618251
211.20751069703172 209.25638441759412
210.41118403068526 208.72549997336313
209.61485736433877 208.19461552913214
208.8185306979923 207.66373108490114
208.02220403164583 207.13284664067015
207.22587736529934 206.8674044185547
206.42955069895288 206.60196219643916
205.63322403260636 206.60196219643916
204.83689736625988 206.33651997432372
203.7751284777979 206.33651997432372
202.97880181145143 206.33651997432372
201.91703292298945 206.33651997432372
200.589821812412 206.07107775220823
198.99716847971902 206.07107775220823
198.20084181337253 206.07107775220823
197.40451514702605 206.07107775220823
196.07730403644857 206.07107775220823
194.75009292587112 206.07107775220823
193.95376625952466 206.07107775220823
193.15743959317814 206.07107775220823
192.36111292683165 206.33651997432372
191.5647862604852 206.8674044185547
190.7684595941387 206.8674044185547
189.9721329277922 207.13284664067015
189.17580626144576 207.13284664067015
188.37947959509924 207.39828886278565
187.58315292875275 207.92917330701664
186.7868262624063 208.19461552913214
185.9904995960598 208.46005775124763
185.1941729297133 208.99094219547862
184.39784626336683 209.25638441759412
183.60151959702034 209.52182663970962
182.80519293067388 210.0527110839406
182.0088662643274 210.5835955281716
181.47798182009637 211.3799221945181
181.2125395979809 212.17624886086458
181.2125395979809 212.97257552721106
181.2125395979809 214.034344415673
181.47798182009637 214.83067108201948
181.7434240422119 215.62699774836597
182.0088662643274 216.68876663682795
182.2743084864429 217.48509330317444
182.53975070855836 218.28141996952093
183.07063515278938 219.0777466358674
183.60151959702034 219.8740733022139
184.13240404125136 220.6703999685604
184.92873070759782 221.20128441279138
185.4596151518288 221.99761107913787
186.25594181817527 222.52849552336886
187.0522684845218 223.3248221897153
187.84859515086828 223.85570663394634
188.64492181721474 224.38659107817728
189.44124848356122 224.65203330029277
190.2375751499077 225.18291774452376
190.7684595941387 225.97924441087025
191.5647862604852 226.24468663298575
192.36111292683165 226.51012885510124
193.15743959317814 227.04101329933223
193.95376625952466 227.57189774356323
194.75009292587112 228.10278218779422
195.5464195922176 228.36822440990971
196.34274625856406 228.36822440990971
197.13907292491055 228.8991088541407
197.93539959125704 229.4299932983717
198.7317262576035 229.6954355204872
199.52805292395 229.9608777426027
200.3243795902965 230.2263199647182
201.12070625664296 230.49176218683368
201.91703292298945 231.02264663106467
202.71335958933594 231.28808885318017
203.5096862556824 231.5535310752956
204.3060129220289 231.8189732974111
205.3677818104909 232.3498577416421
206.42955069895288 232.3498577416421
207.22587736529934 232.6152999637576
208.02220403164583 232.6152999637576
208.8185306979923 232.6152999637576
209.61485736433877 232.6152999637576
210.41118403068526 232.8807421858731
211.20751069703172 233.14618440798859
212.00383736337824 233.14618440798859
212.80016402972473 233.14618440798859
213.59649069607119 233.14618440798859
214.39281736241767 233.14618440798859
215.1891440287642 233.14618440798859
215.98547069511062 233.14618440798859
217.0472395835726 233.14618440798859
217.84356624991912 233.14618440798859
218.9053351383811 233.14618440798859
219.70166180472756 233.14618440798859
220.49798847107405 232.8807421858731
221.55975735953604 232.3498577416421
222.62152624799802 232.08441551952666
223.41785291434448 231.8189732974111
224.47962180280646 231.5535310752956
225.27594846915295 231.28808885318017
226.0722751354994 230.75720440894912
226.8686018018459 230.2263199647182
227.66492846819241 229.4299932983717
228.46125513453887 229.1645510762562
229.25758180088536 228.10278218779422
230.05390846723185 227.57189774356323
230.8502351335783 226.77557107721674
231.6465617999248 225.97924441087025
232.44288846627126 225.71380218875476
232.70833068838678 224.91747552240827
233.50465735473324 224.65203330029277
234.30098402107976 224.12114885606178
235.09731068742624 223.59026441183084
235.89363735377268 223.3248221897153
236.68996402011922 222.79393774548436
237.48629068646565 221.99761107913787
237.7517329085812 221.20128441279138
237.7517329085812 220.4049577464449
237.7517329085812 219.6086310800984
237.7517329085812 218.81230441375192
237.7517329085812 218.01597774740543
236.95540624223466 217.75053552528993
nb_points_on_contour: 57
252.88193956916436 192.533524424318
252.3510551249333 191.7371977579715
251.28928623647138 191.2063133137405
250.4929595701249 190.40998664739402
249.6966329037784 189.87910220316303
248.90030623743192 189.87910220316303
248.10397957108543 189.87910220316303
247.30765290473894 190.40998664739402
246.51132623839246 190.40998664739402
245.71499957204597 190.94087109162507
244.38778846146855 191.471755535856
243.32601957300656 192.002639980087
242.26425068454458 192.533524424318
241.4679240181981 193.06440886854898
240.6715973518516 193.32985109066448
240.1407129076206 194.12617775701096
239.60982846338962 194.92250442335745
238.81350179704313 195.71883108970394
238.81350179704313 196.51515775605043
238.54805957492763 197.31148442239686
238.54805957492763 198.10781108874335
238.28261735281214 198.90413775508983
237.7517329085812 199.96590664355182
237.48629068646565 200.7622333098983
237.22084846435015 201.5585599762448
237.22084846435015 202.35488664259128
237.22084846435015 203.15121330893777
237.48629068646565 203.94753997528426
238.01717513069664 205.00930886374624
238.81350179704313 205.54019330797723
239.34438624127412 206.33651997432372
240.1407129076206 206.60196219643916
240.9370395739671 207.13284664067015
241.7333662403136 207.66373108490114
242.52969290666007 207.66373108490114
243.32601957300656 207.66373108490114
244.38778846146855 207.66373108490114
245.18411512781503 207.39828886278565
245.98044179416146 207.13284664067015
246.77676846050795 206.60196219643916
247.57309512685444 205.80563553009273
248.36942179320093 205.27475108586174
249.16574845954742 204.47842441951525
249.9620751258939 203.68209775316876
250.2275173480094 202.88577108682227
250.7584017922404 201.8240021983603
251.0238440143559 201.0276755320138
251.28928623647138 200.23134886566731
251.28928623647138 199.16957997720533
251.55472845858688 198.3732533108589
251.82017068070238 197.5769266445124
251.82017068070238 196.78059997816592
251.82017068070238 195.98427331181944
251.82017068070238 194.92250442335745
251.82017068070238 194.12617775701096
251.82017068070238 193.32985109066448
251.82017068070238 192.533524424318
slice_number: 12
nb_points_on_contour: 248
206.96043514318384 207.66373108490114
207.75676180953033 207.66373108490114
208.5530884758768 207.66373108490114
209.61485736433877 208.19461552913214
210.41118403068526 208.19461552913214
211.20751069703172 208.19461552913214
212.2692795854937 208.19461552913214
213.3310484739557 208.19461552913214
214.65825958453317 208.19461552913214
215.72002847299515 208.19461552913214
216.51635513934164 208.19461552913214
217.3126818056881 208.19461552913214
218.1090084720346 208.19461552913214
218.9053351383811 208.19461552913214
219.70166180472756 208.19461552913214
220.49798847107405 207.92917330701664
221.55975735953604 207.92917330701664
222.3560840258825 207.66373108490114
223.41785291434448 207.39828886278565
224.21417958069097 207.13284664067015
225.27594846915295 206.60196219643916
226.33771735761493 205.80563553009273
227.1340440239614 205.27475108586174
227.93037069030788 204.47842441951525
228.72669735665434 203.68209775316876
229.25758180088536 202.88577108682227
230.05390846723185 201.8240021983603
230.8502351335783 200.4967910877828
231.6465617999248 199.70046442143632
232.1774462441558 198.90413775508983
232.97377291050228 197.8423688666279
233.23921513261777 197.04604220028142
233.77009957684874 195.98427331181944
234.30098402107976 195.18794664547295
234.56642624319525 194.39161997912646
235.09731068742624 193.59529331277997
235.62819513165724 192.79896664643348
236.42452179800372 191.7371977579715
237.22084846435015 190.67542886950952
237.7517329085812 189.87910220316303
238.54805957492763 188.81733331470105
239.07894401915863 188.02100664835461
239.87527068550511 186.95923775989263
240.6715973518516 185.89746887143065
241.2024817960826 185.10114220508416
241.2024817960826 184.30481553873767
241.99880846242908 183.2430466502757
242.52969290666007 182.4467199839292
242.79513512877557 181.65039331758274
243.32601957300656 180.85406665123628
243.591461795122 180.0577399848898
244.12234623935305 179.2614133185433
244.38778846146855 178.46508665219682
244.65323068358398 177.66875998585033
244.91867290569948 176.87243331950384
245.18411512781503 176.07610665315735
245.71499957204597 175.27977998681087
246.51132623839246 174.2180110983489
247.04221068262345 173.42168443200242
247.57309512685444 172.62535776565596
248.10397957108543 171.82903109930947
248.63486401531642 170.7672622108475
249.16574845954742 169.970935544501
249.4311906816629 169.17460887815452
249.9620751258939 168.37828221180803
250.7584017922404 167.58195554546154
251.55472845858688 167.05107110123055
252.3510551249333 166.52018665699958
253.1473817912798 165.98930221276856
253.94370845762634 165.4584177685376
254.74003512397277 165.19297554642208
255.53636179031926 165.19297554642208
256.3326884566658 165.7238599906531
257.1290151230122 166.25474443488406
258.1907840114742 166.78562887911505
258.45622623358975 167.58195554546154
258.98711067782074 168.37828221180803
259.2525528999362 169.44005110027
259.78343734416717 170.501819988732
260.0488795662827 171.29814665507845
260.0488795662827 172.09447332142494
260.0488795662827 172.89079998777143
260.0488795662827 173.6871266541179
260.0488795662827 174.48345332046438
260.0488795662827 175.54522220892636
260.0488795662827 176.34154887527285
260.0488795662827 177.13787554161934
259.78343734416717 177.93420220796582
259.51799512205173 178.9959710964278
259.2525528999362 179.79229776277427
258.98711067782074 180.85406665123628
258.98711067782074 182.1812777618137
258.45622623358975 182.9776044281602
258.45622623358975 183.77393109450668
257.92534178935875 184.57025776085317
257.6598995672432 185.36658442719965
256.86357290089677 186.16291109354614
256.3326884566658 187.22467998200813
255.80180401243476 188.02100664835461
255.27091956820377 188.81733331470105
255.00547734608833 189.61365998104753
254.47459290185728 190.40998664739402
254.20915067974178 191.2063133137405
253.6782662355108 192.002639980087
253.4128240133953 192.79896664643348
252.88193956916436 193.59529331277997
252.61649734704886 194.39161997912646
252.3510551249333 195.18794664547295
252.08561290281781 195.98427331181944
251.82017068070238 196.78059997816592
251.82017068070238 197.5769266445124
251.55472845858688 198.3732533108589
251.28928623647138 199.16957997720533
251.0238440143559 199.96590664355182
250.7584017922404 200.7622333098983
250.4929595701249 201.5585599762448
249.9620751258939 202.62032886470678
249.4311906816629 203.41665553105327
248.90030623743192 204.21298219739975
248.36942179320093 205.00930886374624
247.83853734896994 205.80563553009273
247.04221068262345 206.8674044185547
246.51132623839246 207.66373108490114
245.98044179416146 208.46005775124763
245.44955734993047 209.25638441759412
244.91867290569948 210.3181533060561
244.38778846146855 211.1144799724026
243.85690401723755 211.91080663874908
243.591461795122 212.97257552721106
243.06057735089107 213.76890219355755
242.52969290666007 214.56522885990404
242.26425068454458 215.36155552625053
241.7333662403136 216.15788219259701
241.2024817960826 216.95420885894345
240.6715973518516 217.75053552528993
240.1407129076206 218.54686219163642
239.60982846338962 219.8740733022139
239.07894401915863 220.6703999685604
238.54805957492763 221.46672663490688
237.7517329085812 222.26305330125336
237.22084846435015 223.05937996759985
236.15907957588817 223.59026441183084
235.62819513165724 224.38659107817728
234.8318684653107 225.18291774452376
234.03554179896426 225.71380218875476
233.23921513261777 226.24468663298575
232.44288846627126 227.04101329933223
231.6465617999248 227.30645552144773
230.5847929114628 228.10278218779422
229.78846624511633 228.36822440990971
228.99213957876987 228.8991088541407
228.46125513453887 229.6954355204872
227.66492846819241 230.2263199647182
227.1340440239614 231.28808885318017
226.33771735761493 231.8189732974111
225.54139069126845 232.8807421858731
224.47962180280646 233.41162663010408
223.41785291434448 233.94251107433507
222.62152624799802 234.47339551856606
221.82519958165153 235.00427996279706
221.02887291530502 235.26972218491255
220.23254624895856 235.53516440702805
219.43621958261207 235.53516440702805
218.63989291626558 235.53516440702805
217.3126818056881 235.80060662914354
216.51635513934164 236.06604885125904
215.45458625087966 236.33149107337454
214.65825958453317 236.33149107337454
213.8619329181867 236.33149107337454
213.06560625184022 236.33149107337454
212.2692795854937 236.33149107337454
211.47295291914725 236.33149107337454
210.67662625280076 236.33149107337454
209.88029958645427 236.33149107337454
209.0839729201078 236.33149107337454
208.28764625376132 236.33149107337454
207.4913195874148 236.33149107337454
206.69499292106835 236.33149107337454
205.89866625472186 236.33149107337454
205.10233958837537 236.33149107337454
204.3060129220289 236.33149107337454
203.24424403356693 236.06604885125904
202.44791736722044 235.80060662914354
201.65159070087398 235.53516440702805
200.85526403452747 235.00427996279706
200.05893736818098 234.47339551856606
198.99716847971902 234.20795329645057
198.20084181337253 233.67706885221958
197.13907292491055 233.14618440798859
196.34274625856406 232.8807421858731
195.2809773701021 232.3498577416421
194.48465070375562 232.08441551952666
193.68832403740913 231.8189732974111
192.89199737106267 231.5535310752956
192.09567070471616 231.02264663106467
191.29934403836967 230.49176218683368
190.2375751499077 230.2263199647182
189.44124848356122 229.6954355204872
189.17580626144576 228.8991088541407
188.37947959509924 228.10278218779422
187.58315292875275 227.04101329933223
187.0522684845218 226.24468663298575
186.7868262624063 225.44835996663926
186.25594181817527 224.38659107817728
185.7250573739443 223.59026441183084
185.4596151518288 222.79393774548436
184.92873070759782 221.99761107913787
184.92873070759782 221.20128441279138
184.66328848548233 220.4049577464449
184.39784626336683 219.6086310800984
184.39784626336683 218.54686219163642
184.39784626336683 217.75053552528993
184.39784626336683 216.95420885894345
184.66328848548233 216.15788219259701
184.66328848548233 215.36155552625053
184.66328848548233 214.56522885990404
184.92873070759782 213.76890219355755
185.1941729297133 212.97257552721106
185.7250573739443 212.17624886086458
186.25594181817527 211.3799221945181
187.0522684845218 210.8490377502871
188.11403737298377 210.3181533060561
189.17580626144576 209.7872688618251
189.9721329277922 209.25638441759412
190.7684595941387 208.99094219547862
191.5647862604852 208.99094219547862
192.36111292683165 208.99094219547862
193.42288181529364 208.72549997336313
194.48465070375562 208.72549997336313
195.2809773701021 208.72549997336313
196.07730403644857 208.72549997336313
197.13907292491055 208.46005775124763
197.93539959125704 208.19461552913214
198.7317262576035 208.19461552913214
199.52805292395 207.92917330701664
200.3243795902965 207.66373108490114
201.12070625664296 207.66373108490114
201.91703292298945 207.66373108490114
202.71335958933594 207.66373108490114
203.5096862556824 207.66373108490114
204.3060129220289 207.66373108490114
205.10233958837537 207.66373108490114
205.89866625472186 207.66373108490114
206.69499292106835 207.66373108490114
207.4913195874148 207.66373108490114
208.28764625376132 207.66373108490114
209.0839729201078 207.66373108490114
209.88029958645427 207.66373108490114
slice_number: 13
nb_points_on_contour: 367
243.32601957300656 163.60032221372916
243.85690401723755 162.80399554738267
244.65323068358398 162.27311110315168
245.44955734993047 161.4767844368052
246.24588401627702 161.2113422146897
247.30765290473894 160.6804577704587
248.10397957108543 160.14957332622774
248.90030623743192 159.61868888199672
249.9620751258939 159.08780443776573
250.7584017922404 158.29147777141924
251.55472845858688 157.76059332718825
252.08561290281781 156.9642666608418
252.88193956916436 156.16793999449533
253.4128240133953 155.37161332814884
253.94370845762634 154.57528666180235
254.74003512397277 154.04440221757136
255.27091956820377 153.24807555122487
255.80180401243476 152.45174888487838
256.3326884566658 151.6554222185319
257.1290151230122 150.8590955521854
257.92534178935875 150.32821110795442
258.7216684557052 149.53188444160793
259.51799512205173 149.00099999737694
260.31432178839816 148.47011555314597
260.84520623262915 147.67378888679949
261.37609067686014 146.87746222045303
262.1724173432066 146.08113555410654
262.9687440095531 145.28480888776005
263.4996284537841 144.48848222141356
264.29595512013054 143.69215555506707
264.82683956436153 142.8958288887206
265.3577240085925 142.0995022223741
265.3577240085925 141.30317555602764
265.6231662307081 140.50684888968118
265.8886084528235 139.7105222233347
266.15405067493907 138.9141955569882
266.15405067493907 138.11786889064172
266.15405067493907 137.32154222429523
266.4194928970545 136.52521555794874
266.68493511917006 135.72888889160225
266.9503773412855 134.93256222525577
266.9503773412855 134.13623555890928
267.21581956340106 133.3399088925628
267.74670400763205 132.54358222621633
268.0121462297475 131.74725555986984
268.5430306739785 130.95092889352335
269.339357340325 130.42004444929236
269.8702417845559 129.6237177829459
270.66656845090245 129.0928333387149
270.9320106730179 128.29650667236842
271.72833733936443 128.03106445025293
272.52466400571086 128.03106445025293
273.05554844994185 128.82739111659941
273.05554844994185 129.6237177829459
273.05554844994185 130.42004444929236
273.05554844994185 131.21637111563888
273.05554844994185 132.01269778198537
273.05554844994185 132.8090244483318
273.05554844994185 133.60535111467829
273.05554844994185 134.66712000314027
273.05554844994185 135.72888889160225
273.05554844994185 136.52521555794874
273.05554844994185 137.32154222429523
273.05554844994185 138.11786889064172
273.05554844994185 139.17963777910367
272.7901062278264 139.97596444545016
272.52466400571086 140.77229111179665
272.2592217835954 141.5686177781431
271.99377956147987 142.3649444444896
271.99377956147987 143.16127111083608
271.72833733936443 143.95759777718257
271.4628951172489 144.75392444352906
271.19745289513344 145.55025110987555
270.9320106730179 146.61201999833753
270.9320106730179 147.40834666468402
270.66656845090245 148.20467333103048
270.66656845090245 149.00099999737694
270.401126228787 149.79732666372342
270.401126228787 150.5936533300699
270.401126228787 151.6554222185319
270.13568400667145 152.45174888487838
269.8702417845559 153.24807555122487
269.8702417845559 154.30984443968686
269.60479956244046 155.10617110603332
269.07391511820947 156.16793999449533
268.80847289609403 156.9642666608418
268.5430306739785 157.76059332718825
267.74670400763205 158.55691999353473
267.4812617855165 159.35324665988122
266.9503773412855 160.4150155483432
266.4194928970545 161.4767844368052
265.8886084528235 162.27311110315168
265.3577240085925 163.33487999161366
265.0922817864771 164.13120665796018
264.5613973422461 164.92753332430664
263.76507067589966 165.4584177685376
263.4996284537841 166.25474443488406
262.9687440095531 167.05107110123055
262.4378595653221 168.11283998969253
262.1724173432066 169.17460887815452
262.1724173432066 169.970935544501
261.90697512109114 170.7672622108475
261.37609067686014 171.82903109930947
261.1106484547446 172.62535776565596
260.84520623262915 173.6871266541179
260.5797640105137 174.74889554257987
260.31432178839816 175.54522220892636
260.0488795662827 176.60699109738835
259.78343734416717 177.40331776373483
259.2525528999362 178.46508665219682
258.98711067782074 179.2614133185433
258.7216684557052 180.0577399848898
258.7216684557052 180.8540666512363
258.45622623358975 181.65039331758277
258.1907840114742 182.4467199839292
257.92534178935875 183.2430466502757
257.6598995672432 184.03937331662218
257.39445734512776 184.83569998296866
257.39445734512776 185.63202664931515
257.1290151230122 186.42835331566164
256.5981306787812 187.22467998200813
256.3326884566658 188.02100664835461
256.0672462345502 189.0827755368166
255.53636179031926 190.14454442527858
255.53636179031926 190.94087109162507
255.27091956820377 192.002639980087
254.74003512397277 193.06440886854898
254.20915067974178 193.86073553489553
253.94370845762634 194.65706220124196
253.4128240133953 195.45338886758844
253.1473817912798 196.24971553393493
252.61649734704886 197.04604220028142
252.3510551249333 197.8423688666279
251.82017068070238 198.6386955329744
251.28928623647138 199.43502219932088
250.7584017922404 200.23134886566731
250.2275173480094 201.0276755320138
249.9620751258939 201.8240021983603
249.4311906816629 202.62032886470678
249.16574845954742 203.41665553105327
248.63486401531642 204.21298219739975
248.36942179320093 205.00930886374624
248.10397957108543 205.80563553009273
248.10397957108543 206.60196219643916
247.83853734896994 207.39828886278565
247.57309512685444 208.19461552913214
247.04221068262345 208.99094219547862
246.51132623839246 210.0527110839406
246.24588401627702 211.1144799724026
245.98044179416146 212.17624886086458
245.71499957204597 212.97257552721106
245.44955734993047 213.76890219355755
245.18411512781503 214.56522885990404
244.65323068358398 215.36155552625053
244.12234623935305 216.15788219259701
243.591461795122 216.95420885894345
243.06057735089107 217.75053552528993
242.79513512877557 218.54686219163642
241.99880846242908 219.3431888579829
241.4679240181981 220.1395155243294
241.2024817960826 220.93584219067588
240.6715973518516 221.73216885702237
239.87527068550511 222.52849552336886
239.07894401915863 223.3248221897153
238.54805957492763 224.12114885606178
237.7517329085812 224.91747552240827
237.22084846435015 225.97924441087025
236.42452179800372 226.51012885510124
235.62819513165724 227.30645552144773
235.09731068742624 228.10278218779422
234.30098402107976 228.6336666320252
233.50465735473324 229.1645510762562
232.70833068838678 229.1645510762562
231.9120040220403 229.6954355204872
231.1156773556938 230.49176218683368
230.31935068934735 230.49176218683368
229.52302402300083 231.28808885318017
228.99213957876987 232.08441551952666
228.19581291242338 232.3498577416421
227.3994862460769 232.6152999637576
226.60315957973043 233.41162663010408
225.54139069126845 233.94251107433507
224.74506402492193 234.47339551856606
223.94873735857547 234.47339551856606
223.15241069222898 234.47339551856606
222.3560840258825 234.47339551856606
221.55975735953604 234.47339551856606
220.76343069318955 234.73883774068156
219.70166180472756 235.26972218491255
218.9053351383811 235.53516440702805
217.84356624991912 235.53516440702805
217.0472395835726 235.53516440702805
216.25091291722612 235.80060662914354
215.45458625087966 235.80060662914354
214.65825958453317 235.80060662914354
213.8619329181867 236.06604885125904
213.06560625184022 236.06604885125904
212.00383736337824 236.06604885125904
211.20751069703172 236.06604885125904
210.41118403068526 236.06604885125904
209.61485736433877 236.06604885125904
208.8185306979923 236.06604885125904
207.75676180953033 236.06604885125904
206.96043514318384 236.06604885125904
206.16410847683736 236.06604885125904
205.3677818104909 236.06604885125904
204.3060129220289 236.06604885125904
203.5096862556824 235.80060662914354
202.44791736722044 235.53516440702805
201.38614847875846 235.53516440702805
200.3243795902965 235.00427996279706
199.26261070183452 234.47339551856606
198.20084181337253 234.20795329645057
197.40451514702605 233.94251107433507
196.6081884806796 233.14618440798859
195.8118618143331 232.6152999637576
195.2809773701021 231.8189732974111
194.48465070375562 231.28808885318017
193.42288181529364 230.75720440894912
192.36111292683165 229.9608777426027
191.5647862604852 229.4299932983717
191.03390181625417 228.6336666320252
189.9721329277922 228.10278218779422
189.17580626144576 227.30645552144773
188.37947959509924 227.04101329933223
187.58315292875275 226.24468663298575
187.31771070663726 225.44835996663926
186.5213840402908 224.91747552240827
185.7250573739443 223.85570663394634
184.92873070759782 223.05937996759985
184.66328848548233 222.26305330125336
184.39784626336683 221.46672663490688
183.86696181913584 220.4049577464449
183.60151959702034 219.6086310800984
183.07063515278938 218.81230441375192
182.53975070855836 217.75053552528993
181.7434240422119 216.68876663682795
181.47798182009637 215.89243997048146
181.2125395979809 215.09611330413497
180.68165515374992 214.29978663778854
180.68165515374992 213.50345997144206
180.15077070951892 212.17624886086458
180.15077070951892 211.3799221945181
180.15077070951892 210.5835955281716
180.15077070951892 209.7872688618251
180.15077070951892 208.99094219547862
180.41621293163445 208.19461552913214
181.2125395979809 207.66373108490114
182.0088662643274 207.39828886278565
182.80519293067388 207.13284664067015
183.60151959702034 207.13284664067015
184.39784626336683 207.13284664067015
185.1941729297133 207.13284664067015
185.9904995960598 207.66373108490114
186.7868262624063 207.92917330701664
187.58315292875275 208.19461552913214
188.37947959509924 208.46005775124763
189.17580626144576 208.99094219547862
189.9721329277922 209.25638441759412
190.7684595941387 209.7872688618251
191.5647862604852 210.0527110839406
192.36111292683165 210.3181533060561
193.95376625952466 210.8490377502871
195.01553514798658 211.1144799724026
196.07730403644857 211.3799221945181
196.87363070279505 211.3799221945181
197.66995736914157 211.3799221945181
198.46628403548803 211.3799221945181
199.26261070183452 211.1144799724026
200.05893736818098 210.5835955281716
200.85526403452747 210.0527110839406
201.65159070087398 209.7872688618251
202.71335958933594 209.25638441759412
203.5096862556824 208.46005775124763
204.3060129220289 207.92917330701664
205.10233958837537 207.39828886278565
205.89866625472186 207.13284664067015
206.69499292106835 207.13284664067015
207.4913195874148 207.13284664067015
208.28764625376132 207.39828886278565
209.0839729201078 207.66373108490114
209.88029958645427 208.19461552913214
210.67662625280076 208.19461552913214
211.47295291914725 208.46005775124763
212.2692795854937 208.46005775124763
213.3310484739557 208.46005775124763
214.1273751403022 208.46005775124763
214.92370180664867 208.46005775124763
215.72002847299515 208.46005775124763
216.51635513934164 208.46005775124763
217.84356624991912 208.46005775124763
218.63989291626558 208.46005775124763
219.43621958261207 208.46005775124763
220.23254624895856 208.46005775124763
221.2943151374205 208.46005775124763
223.15241069222898 207.66373108490114
223.15241069222898 206.8674044185547
223.15241069222898 206.07107775220823
223.15241069222898 205.27475108586174
223.15241069222898 204.47842441951525
223.68329513645995 203.68209775316876
223.94873735857547 202.88577108682227
223.94873735857547 202.0894444204758
224.21417958069097 201.2931177541293
224.21417958069097 200.4967910877828
224.21417958069097 199.70046442143632
224.21417958069097 198.90413775508983
224.21417958069097 197.8423688666279
224.21417958069097 196.78059997816592
224.21417958069097 195.98427331181944
223.68329513645995 195.18794664547295
222.8869684701135 194.39161997912646
222.090641803767 193.59529331277997
221.55975735953604 192.79896664643348
220.76343069318955 192.002639980087
219.96710402684303 191.471755535856
219.17077736049657 191.2063133137405
218.37445069415008 190.40998664739402
217.5781240278036 189.61365998104753
216.78179736145714 189.0827755368166
215.98547069511062 188.5518910925856
215.45458625087966 187.75556442623912
214.65825958453317 187.22467998200813
213.59649069607119 186.42835331566164
213.3310484739557 185.63202664931515
213.06560625184022 184.83569998296866
213.06560625184022 184.03937331662218
213.06560625184022 183.2430466502757
213.06560625184022 182.4467199839292
213.3310484739557 181.65039331758274
213.59649069607119 180.85406665123628
214.1273751403022 180.0577399848898
214.65825958453317 179.2614133185433
215.1891440287642 178.46508665219682
215.98547069511062 177.93420220796582
216.78179736145714 177.66875998585033
217.5781240278036 177.40331776373483
218.37445069415008 176.87243331950384
219.17077736049657 176.07610665315735
220.23254624895856 175.54522220892636
221.02887291530502 174.74889554257987
221.82519958165153 174.2180110983489
222.62152624799802 173.6871266541179
223.41785291434448 172.89079998777143
224.21417958069097 172.35991554354044
225.01050624703743 172.09447332142494
225.80683291338391 171.82903109930947
226.60315957973043 171.56358887719398
227.3994862460769 171.032704432963
228.19581291242338 170.7672622108475
228.99213957876987 170.7672622108475
229.78846624511633 170.7672622108475
230.5847929114628 170.501819988732
231.38111957780933 169.7054933223855
232.1774462441558 169.17460887815452
232.97377291050228 168.64372443392352
233.77009957684874 167.84739776757704
234.8318684653107 167.05107110123055
235.62819513165724 166.52018665699958
236.42452179800372 165.98930221276856
237.48629068646565 165.19297554642208
238.54805957492763 164.6620911021911
239.34438624127412 164.39664888007565
240.1407129076206 164.13120665796015
240.9370395739671 164.13120665796015
241.7333662403136 164.13120665796015
242.52969290666007 164.13120665796015
slice_number: 14
nb_points_on_contour: 403
243.06057735089107 159.8841311041122
243.85690401723755 159.35324665988122
244.65323068358398 158.82236221565023
245.44955734993047 158.02603554930377
246.24588401627702 157.49515110507275
246.77676846050795 156.6988244387263
247.57309512685444 156.43338221661082
248.36942179320093 155.9024977723798
249.16574845954742 155.10617110603332
249.9620751258939 154.30984443968686
250.7584017922404 153.51351777334037
251.28928623647138 152.71719110699388
252.08561290281781 151.9208644406474
252.88193956916436 151.1245377743009
253.4128240133953 150.32821110795442
254.20915067974178 149.79732666372342
254.74003512397277 149.00099999737694
255.00547734608833 148.20467333103048
255.27091956820377 147.40834666468402
256.0672462345502 146.61201999833753
256.3326884566658 145.81569333199104
257.1290151230122 145.01936666564455
257.6598995672432 144.22303999929807
257.92534178935875 143.42671333295158
258.45622623358975 142.6303866666051
258.7216684557052 141.8340600002586
258.98711067782074 141.03773333391212
259.2525528999362 140.24140666756566
259.51799512205173 139.4450800012192
260.0488795662827 138.6487533348727
260.31432178839816 137.85242666852622
260.5797640105137 137.05610000217973
261.1106484547446 136.25977333583324
261.6415328989757 135.46344666948676
262.1724173432066 134.66712000314027
262.1724173432066 133.87079333679378
262.4378595653221 133.0744666704473
262.7033017874377 132.2781400041008
263.23418623166856 131.48181333775435
263.4996284537841 130.68548667140786
263.76507067589966 129.8891600050614
263.76507067589966 129.0928333387149
264.0305128980151 128.29650667236842
264.5613973422461 127.50018000602195
264.82683956436153 126.70385333967545
265.0922817864771 125.90752667332899
265.8886084528235 125.1112000069825
266.68493511917006 124.5803155627515
267.4812617855165 123.78398889640503
268.27758845186304 123.25310445217403
269.07391511820947 122.45677778582754
269.8702417845559 122.19133556371206
270.401126228787 121.39500889736559
270.66656845090245 120.59868223101907
270.9320106730179 119.80235556467261
271.19745289513344 119.00602889832614
271.19745289513344 118.20970223197965
271.4628951172489 117.41337556563315
271.72833733936443 116.61704889928669
272.52466400571086 116.0861644550557
273.3209906720574 116.35160667717118
274.11731733840384 116.61704889928669
274.3827595605194 117.41337556563315
274.6482017826348 118.20970223197965
274.6482017826348 119.00602889832614
274.6482017826348 119.80235556467261
274.6482017826348 120.59868223101907
274.6482017826348 121.39500889736559
274.6482017826348 122.19133556371206
274.6482017826348 122.98766223005853
274.6482017826348 123.78398889640503
274.6482017826348 124.5803155627515
274.6482017826348 125.37664222909798
274.6482017826348 126.17296889544446
274.6482017826348 126.96929556179094
274.6482017826348 128.03106445025293
274.6482017826348 128.82739111659941
274.6482017826348 129.6237177829459
274.6482017826348 130.42004444929236
274.6482017826348 131.21637111563888
274.6482017826348 132.01269778198537
274.6482017826348 132.8090244483318
274.6482017826348 133.60535111467829
274.3827595605194 134.40167778102477
274.3827595605194 135.19800444737126
274.11731733840384 135.99433111371775
273.8518751162884 136.79065778006424
273.58643289417284 137.58698444641072
273.05554844994185 138.3833111127572
272.52466400571086 139.4450800012192
272.2592217835954 140.24140666756566
271.72833733936443 141.30317555602764
271.4628951172489 142.0995022223741
270.9320106730179 142.8958288887206
270.66656845090245 143.69215555506707
270.66656845090245 144.48848222141356
270.13568400667145 145.28480888776005
270.13568400667145 146.08113555410654
269.8702417845559 146.87746222045303
269.8702417845559 147.67378888679949
269.60479956244046 148.47011555314597
269.339357340325 149.26644221949246
269.339357340325 150.06276888583892
269.339357340325 150.8590955521854
268.0121462297475 151.3899799964164
268.0121462297475 152.1863066627629
267.74670400763205 152.98263332910938
267.74670400763205 153.77895999545586
267.74670400763205 154.57528666180235
267.74670400763205 155.37161332814884
267.74670400763205 156.16793999449533
267.74670400763205 156.9642666608418
267.74670400763205 157.76059332718825
267.74670400763205 158.55691999353473
267.4812617855165 159.35324665988122
267.4812617855165 160.1495733262277
267.4812617855165 160.9458999925742
266.9503773412855 162.00766888103618
266.9503773412855 162.80399554738267
266.9503773412855 163.60032221372916
266.68493511917006 164.39664888007565
266.68493511917006 165.19297554642208
266.68493511917006 165.98930221276856
266.68493511917006 166.78562887911505
266.68493511917006 167.58195554546154
266.68493511917006 168.64372443392352
266.68493511917006 169.44005110027
266.68493511917006 170.2363777666165
266.68493511917006 171.032704432963
266.68493511917006 172.09447332142494
266.68493511917006 173.15624220988693
266.68493511917006 173.9525688762334
266.68493511917006 174.74889554257987
266.4194928970545 175.54522220892636
266.15405067493907 176.60699109738835
265.6231662307081 177.40331776373483
265.3577240085925 178.46508665219682
265.0922817864771 179.2614133185433
264.82683956436153 180.3231822070053
264.5613973422461 181.11950887335178
264.0305128980151 181.91583553969826
263.76507067589966 182.7121622060447
262.9687440095531 183.50848887239118
262.9687440095531 184.30481553873767
262.4378595653221 185.10114220508416
262.1724173432066 185.89746887143065
261.6415328989757 186.69379553777713
261.1106484547446 187.49012220412362
260.84520623262915 188.2864488704701
260.5797640105137 189.0827755368166
260.31432178839816 189.87910220316303
260.0488795662827 190.67542886950952
259.51799512205173 191.471755535856
259.51799512205173 192.533524424318
258.98711067782074 193.32985109066448
258.7216684557052 194.12617775701096
258.1907840114742 194.92250442335745
257.6598995672432 195.71883108970394
257.1290151230122 196.51515775605043
256.86357290089677 197.31148442239686
256.5981306787812 198.10781108874335
256.0672462345502 198.90413775508983
255.53636179031926 199.70046442143632
255.27091956820377 200.4967910877828
255.27091956820377 201.2931177541293
255.00547734608833 202.0894444204758
255.00547734608833 202.88577108682227
255.00547734608833 203.68209775316876
255.00547734608833 204.47842441951525
255.00547734608833 205.27475108586174
255.00547734608833 206.07107775220823
254.74003512397277 206.8674044185547
254.47459290185728 207.66373108490114
254.20915067974178 208.46005775124763
254.20915067974178 209.25638441759412
253.6782662355108 210.0527110839406
253.4128240133953 210.8490377502871
253.4128240133953 211.64536441663358
253.1473817912798 212.44169108298007
252.61649734704886 213.23801774932656
252.3510551249333 214.034344415673
251.82017068070238 214.83067108201948
251.55472845858688 215.62699774836597
250.7584017922404 216.42332441471245
250.2275173480094 217.21965108105894
249.4311906816629 217.75053552528993
248.63486401531642 218.01597774740543
248.10397957108543 218.81230441375192
247.83853734896994 219.6086310800984
247.30765290473894 220.4049577464449
247.04221068262345 221.20128441279138
246.51132623839246 221.99761107913787
245.71499957204597 222.52849552336886
244.91867290569948 223.05937996759985
244.12234623935305 223.85570663394634
243.32601957300656 224.38659107817728
242.52969290666007 224.65203330029277
241.7333662403136 225.18291774452376
240.9370395739671 225.71380218875476
240.4061551297361 226.51012885510124
239.87527068550511 227.30645552144773
239.34438624127412 228.10278218779422
238.81350179704313 228.8991088541407
238.01717513069664 229.6954355204872
237.48629068646565 230.75720440894912
236.68996402011922 231.28808885318017
235.89363735377268 232.08441551952666
235.36275290954174 232.8807421858731
234.8318684653107 233.67706885221958
234.03554179896426 234.47339551856606
233.23921513261777 235.00427996279706
232.44288846627126 235.53516440702805
231.6465617999248 235.80060662914354
230.8502351335783 236.06604885125904
230.05390846723185 236.86237551760553
229.25758180088536 237.12781773972102
228.46125513453887 237.39325996183652
227.66492846819241 237.9241444060675
226.8686018018459 238.189586628183
226.0722751354994 238.189586628183
225.27594846915295 238.189586628183
224.47962180280646 238.189586628183
223.68329513645995 238.4550288502985
222.8869684701135 238.4550288502985
222.090641803767 238.720471072414
221.2943151374205 238.720471072414
220.23254624895856 238.9859132945295
219.43621958261207 239.25135551664494
218.63989291626558 239.78223996087598
217.84356624991912 240.31312440510698
217.0472395835726 240.31312440510698
216.25091291722612 240.31312440510698
215.45458625087966 240.31312440510698
214.65825958453317 241.1094510714534
213.59649069607119 241.1094510714534
212.80016402972473 241.1094510714534
212.00383736337824 241.1094510714534
211.20751069703172 241.1094510714534
210.41118403068526 241.1094510714534
209.61485736433877 241.1094510714534
208.8185306979923 241.1094510714534
208.02220403164583 241.1094510714534
207.22587736529934 241.1094510714534
206.42955069895288 241.1094510714534
205.63322403260636 240.8440088493379
204.57145514414438 240.57856662722247
203.7751284777979 240.57856662722247
202.97880181145143 240.31312440510698
202.18247514510495 239.78223996087598
201.38614847875846 239.5167977387605
200.589821812412 238.720471072414
199.52805292395 238.720471072414
198.7317262576035 238.4550288502985
197.93539959125704 238.189586628183
197.13907292491055 237.65870218395202
196.34274625856406 237.12781773972102
195.5464195922176 236.86237551760553
194.75009292587112 236.33149107337454
194.21920848164012 235.53516440702805
193.42288181529364 235.26972218491255
192.62655514894715 234.73883774068156
191.8302284826007 234.20795329645057
191.03390181625417 233.67706885221958
190.2375751499077 233.14618440798859
189.70669070567672 232.3498577416421
188.91036403933023 232.08441551952666
188.11403737298377 231.5535310752956
187.58315292875275 230.75720440894912
186.7868262624063 230.2263199647182
186.25594181817527 229.4299932983717
185.7250573739443 228.6336666320252
185.4596151518288 227.83733996567872
184.66328848548233 227.30645552144773
184.39784626336683 226.51012885510124
183.60151959702034 225.71380218875476
183.07063515278938 224.91747552240827
182.53975070855836 224.12114885606178
182.2743084864429 223.3248221897153
182.0088662643274 222.52849552336886
181.47798182009637 221.73216885702237
180.41621293163445 220.93584219067588
180.15077070951892 220.1395155243294
179.61988626528793 219.3431888579829
179.08900182105697 218.54686219163642
179.08900182105697 217.75053552528993
179.08900182105697 216.95420885894345
179.08900182105697 216.15788219259701
179.08900182105697 215.36155552625053
179.08900182105697 214.56522885990404
179.08900182105697 213.76890219355755
179.08900182105697 212.97257552721106
179.08900182105697 212.17624886086458
179.08900182105697 211.3799221945181
178.29267515471048 210.5835955281716
178.29267515471048 209.7872688618251
178.02723293259498 208.99094219547862
178.02723293259498 208.19461552913214
178.02723293259498 207.39828886278565
177.7617907104795 206.60196219643916
177.7617907104795 205.80563553009273
177.7617907104795 205.00930886374624
177.7617907104795 204.21298219739975
177.7617907104795 203.41665553105327
178.02723293259498 202.35488664259128
178.55811737682595 201.5585599762448
179.08900182105697 200.7622333098983
179.88532848740343 199.96590664355182
180.41621293163445 199.16957997720533
180.68165515374992 198.3732533108589
180.68165515374992 197.5769266445124
180.68165515374992 196.78059997816592
180.68165515374992 195.98427331181944
180.68165515374992 195.18794664547295
180.68165515374992 194.39161997912646
180.68165515374992 193.59529331277997
180.68165515374992 192.79896664643348
181.47798182009637 192.2680822022025
182.2743084864429 192.2680822022025
183.07063515278938 192.2680822022025
183.33607737490485 191.2063133137405
183.86696181913584 190.40998664739402
184.13240404125136 189.3482177589321
184.66328848548233 188.5518910925856
184.92873070759782 187.75556442623912
185.4596151518288 186.95923775989263
185.7250573739443 186.16291109354614
185.7250573739443 185.36658442719965
185.7250573739443 184.57025776085317
185.7250573739443 183.77393109450668
185.7250573739443 182.9776044281602
185.9904995960598 182.1812777618137
186.5213840402908 181.38495109546727
187.0522684845218 180.58862442912076
187.84859515086828 180.0577399848898
188.37947959509924 179.2614133185433
189.17580626144576 178.73052887431234
189.9721329277922 178.19964443008132
190.7684595941387 177.66875998585033
191.29934403836967 176.87243331950387
191.5647862604852 176.07610665315735
192.36111292683165 175.81066443104191
193.15743959317814 175.54522220892636
193.95376625952466 175.54522220892636
194.75009292587112 175.54522220892636
195.5464195922176 175.54522220892636
196.34274625856406 175.54522220892636
197.13907292491055 175.27977998681087
197.93539959125704 175.0143377646954
198.7317262576035 174.48345332046438
199.52805292395 174.48345332046438
200.3243795902965 174.48345332046438
201.12070625664296 174.48345332046438
201.91703292298945 174.48345332046438
202.71335958933594 174.48345332046438
203.5096862556824 174.48345332046438
204.3060129220289 174.48345332046438
205.10233958837537 174.48345332046438
205.89866625472186 174.48345332046438
206.69499292106835 174.48345332046438
207.4913195874148 174.48345332046438
208.28764625376132 174.48345332046438
209.0839729201078 174.48345332046438
209.88029958645427 174.48345332046438
210.67662625280076 174.48345332046438
211.47295291914725 174.48345332046438
212.2692795854937 174.48345332046438
213.06560625184022 174.48345332046438
213.8619329181867 174.48345332046438
214.65825958453317 174.48345332046438
215.45458625087966 174.21801109834894
216.25091291722612 173.95256887623344
217.0472395835726 173.6871266541179
217.84356624991912 173.6871266541179
218.63989291626558 173.15624220988693
219.43621958261207 172.89079998777143
220.23254624895856 172.35991554354047
221.02887291530502 171.563588877194
221.82519958165153 171.29814665507845
222.62152624799802 171.032704432963
223.41785291434448 170.501819988732
224.21417958069097 169.970935544501
225.01050624703743 169.970935544501
225.80683291338391 169.7054933223855
226.60315957973043 169.17460887815452
227.3994862460769 169.17460887815452
228.19581291242338 168.90916665603902
228.72669735665434 168.11283998969253
229.52302402300083 167.58195554546157
230.31935068934735 166.78562887911505
230.8502351335783 165.98930221276856
231.6465617999248 165.19297554642208
232.44288846627126 164.66209110219114
233.23921513261777 164.13120665796018
234.30098402107976 163.86576443584462
235.09731068742624 163.33487999161366
236.15907957588817 163.0694377694981
236.95540624223466 162.80399554738267
238.01717513069664 162.27311110315168
238.81350179704313 161.74222665892069
239.60982846338962 161.2113422146897
240.6715973518516 160.6804577704587
241.4679240181981 160.4150155483432
242.26425068454458 160.4150155483432
slice_number: 15
nb_points_on_contour: 373
249.6966329037784 218.28141996952093
250.4929595701249 218.01597774740543
251.28928623647138 217.75053552528993
252.08561290281781 217.48509330317444
252.88193956916436 217.21965108105894
253.6782662355108 216.42332441471245
254.20915067974178 215.62699774836597
255.00547734608833 215.09611330413497
255.53636179031926 214.29978663778854
256.3326884566658 213.23801774932656
256.86357290089677 211.91080663874908
256.86357290089677 211.1144799724026
256.86357290089677 210.5835955281716
256.86357290089677 209.7872688618251
256.86357290089677 208.99094219547862
256.86357290089677 208.19461552913214
257.39445734512776 207.39828886278565
257.92534178935875 206.60196219643916
258.45622623358975 205.80563553009273
258.7216684557052 205.00930886374624
259.2525528999362 204.21298219739975
259.78343734416717 203.41665553105327
260.0488795662827 202.62032886470678
260.5797640105137 201.8240021983603
260.84520623262915 201.0276755320138
261.37609067686014 200.23134886566731
262.1724173432066 199.43502219932088
262.7033017874377 199.16957997720533
262.7033017874377 198.3732533108589
262.7033017874377 197.5769266445124
262.7033017874377 196.78059997816592
262.7033017874377 195.98427331181944
262.9687440095531 195.18794664547295
263.23418623166856 194.39161997912646
263.76507067589966 193.59529331277997
264.0305128980151 192.79896664643348
264.29595512013054 192.002639980087
265.0922817864771 191.2063133137405
266.15405067493907 190.67542886950952
266.68493511917006 189.87910220316303
265.8886084528235 189.0827755368166
266.15405067493907 188.2864488704701
266.4194928970545 187.49012220412362
266.4194928970545 186.69379553777713
266.68493511917006 185.89746887143065
266.9503773412855 185.10114220508416
266.9503773412855 184.03937331662218
266.9503773412855 183.2430466502757
266.9503773412855 182.4467199839292
266.9503773412855 181.65039331758277
266.9503773412855 180.8540666512363
266.9503773412855 180.0577399848898
267.4812617855165 179.2614133185433
267.4812617855165 178.46508665219682
267.4812617855165 177.66875998585033
267.74670400763205 176.87243331950387
268.0121462297475 176.07610665315735
268.5430306739785 175.0143377646954
269.07391511820947 174.21801109834894
269.60479956244046 173.15624220988693
269.8702417845559 172.35991554354047
270.13568400667145 171.563588877194
270.13568400667145 170.7672622108475
270.13568400667145 169.970935544501
270.13568400667145 169.17460887815452
270.13568400667145 168.37828221180803
270.13568400667145 167.58195554546157
270.13568400667145 166.78562887911505
270.13568400667145 165.7238599906531
270.13568400667145 164.66209110219114
270.401126228787 163.86576443584462
270.9320106730179 162.80399554738267
271.4628951172489 161.74222665892069
271.99377956147987 160.9458999925742
271.99377956147987 160.14957332622774
272.2592217835954 159.35324665988122
272.7901062278264 158.55691999353473
273.3209906720574 157.76059332718825
273.58643289417284 156.9642666608418
274.3827595605194 156.16793999449533
273.8518751162884 155.37161332814884
273.3209906720574 154.57528666180235
272.7901062278264 153.77895999545586
272.52466400571086 152.98263332910938
271.99377956147987 152.1863066627629
271.72833733936443 151.3899799964164
271.4628951172489 150.5936533300699
271.19745289513344 149.79732666372342
271.19745289513344 149.00099999737694
271.19745289513344 148.20467333103048
271.19745289513344 147.40834666468402
271.19745289513344 146.61201999833753
271.19745289513344 145.81569333199104
271.19745289513344 145.01936666564455
271.19745289513344 144.22303999929807
271.19745289513344 143.42671333295158
271.4628951172489 142.6303866666051
271.4628951172489 141.8340600002586
271.72833733936443 141.03773333391212
271.72833733936443 140.24140666756566
272.2592217835954 139.4450800012192
272.2592217835954 138.6487533348727
272.2592217835954 137.85242666852622
272.52466400571086 137.05610000217973
272.7901062278264 136.25977333583324
272.7901062278264 135.46344666948676
272.7901062278264 134.66712000314027
273.05554844994185 133.87079333679378
273.3209906720574 133.0744666704473
272.7901062278264 132.8090244483318
271.99377956147987 132.8090244483318
271.19745289513344 133.0744666704473
270.13568400667145 133.87079333679378
269.339357340325 134.40167778102477
268.80847289609403 135.19800444737126
268.0121462297475 136.25977333583324
267.4812617855165 137.05610000217973
266.9503773412855 138.11786889064172
266.4194928970545 139.17963777910367
265.6231662307081 139.97596444545016
265.6231662307081 140.77229111179665
264.82683956436153 142.0995022223741
264.0305128980151 142.8958288887206
263.76507067589966 143.69215555506707
262.9687440095531 144.75392444352906
262.1724173432066 145.55025110987555
261.90697512109114 146.34657777622203
261.37609067686014 147.40834666468402
260.5797640105137 148.47011555314597
260.0488795662827 149.26644221949246
259.51799512205173 150.06276888583892
258.98711067782074 151.3899799964164
258.45622623358975 152.1863066627629
258.1907840114742 153.24807555122487
257.39445734512776 154.04440221757136
257.39445734512776 154.84072888391785
256.86357290089677 155.6370555502643
256.3326884566658 156.6988244387263
256.3326884566658 157.49515110507275
256.0672462345502 158.29147777141924
255.27091956820377 158.82236221565023
254.47459290185728 159.35324665988122
253.6782662355108 159.61868888199672
252.88193956916436 159.8841311041122
252.08561290281781 160.4150155483432
251.28928623647138 161.2113422146897
250.4929595701249 161.74222665892069
250.4929595701249 163.60032221372916
249.6966329037784 163.60032221372916
248.90030623743192 163.60032221372916
247.57309512685444 163.60032221372916
246.51132623839246 163.60032221372916
245.71499957204597 163.60032221372916
244.91867290569948 163.60032221372916
244.12234623935305 163.60032221372916
243.32601957300656 163.60032221372916
242.52969290666007 163.60032221372916
241.7333662403136 163.60032221372916
240.9370395739671 163.60032221372916
240.1407129076206 163.60032221372916
239.34438624127412 163.60032221372916
238.54805957492763 163.60032221372916
237.7517329085812 163.60032221372916
236.95540624223466 163.60032221372916
236.15907957588817 163.60032221372916
235.09731068742624 163.60032221372916
234.30098402107976 163.60032221372916
233.50465735473324 163.60032221372916
232.70833068838678 163.60032221372916
231.6465617999248 163.60032221372916
230.8502351335783 163.60032221372916
230.05390846723185 163.60032221372916
229.25758180088536 163.60032221372916
228.46125513453887 163.60032221372916
227.66492846819241 163.60032221372916
226.8686018018459 163.86576443584462
226.0722751354994 164.13120665796018
225.27594846915295 164.66209110219114
224.47962180280646 164.92753332430664
223.68329513645995 165.19297554642208
222.8869684701135 165.4584177685376
222.090641803767 165.4584177685376
221.2943151374205 165.4584177685376
220.49798847107405 165.4584177685376
219.70166180472756 166.25474443488406
218.9053351383811 166.78562887911505
218.37445069415008 167.58195554546157
217.5781240278036 168.11283998969253
216.25091291722612 168.37828221180803
215.45458625087966 168.64372443392352
214.65825958453317 168.90916665603902
213.59649069607119 168.90916665603902
212.80016402972473 169.17460887815452
211.73839514126274 169.17460887815452
210.94206847491625 169.44005110027004
210.1457418085698 169.44005110027004
209.34941514222328 169.44005110027004
208.28764625376132 169.44005110027004
207.22587736529934 169.44005110027004
206.42955069895288 169.44005110027004
205.63322403260636 169.44005110027004
204.83689736625988 169.44005110027004
203.7751284777979 169.44005110027004
202.97880181145143 169.44005110027004
202.18247514510495 169.44005110027004
201.12070625664296 168.90916665603902
200.3243795902965 168.90916665603902
199.79349514606548 169.17460887815452
198.99716847971902 169.17460887815452
198.20084181337253 169.17460887815452
197.40451514702605 169.7054933223855
196.34274625856406 170.2363777666165
195.5464195922176 170.7672622108475
194.75009292587112 171.563588877194
193.95376625952466 171.82903109930947
193.15743959317814 172.09447332142497
192.36111292683165 172.35991554354047
191.5647862604852 172.62535776565596
190.7684595941387 173.15624220988693
189.9721329277922 173.6871266541179
189.17580626144576 174.21801109834894
188.91036403933023 175.0143377646954
188.11403737298377 175.27977998681087
187.58315292875275 176.07610665315735
187.31771070663726 176.87243331950387
186.5213840402908 177.40331776373483
185.9904995960598 178.19964443008132
185.4596151518288 178.99597109642784
184.92873070759782 179.79229776277424
184.39784626336683 180.58862442912076
183.86696181913584 181.38495109546727
183.33607737490485 182.1812777618137
182.80519293067388 182.9776044281602
182.53975070855836 183.77393109450668
182.2743084864429 184.57025776085317
182.0088662643274 185.63202664931515
181.7434240422119 186.42835331566164
181.2125395979809 187.22467998200813
180.9470973758654 188.02100664835461
180.41621293163445 188.81733331470105
179.88532848740343 189.61365998104753
179.35444404317246 190.40998664739402
178.82355959894144 191.2063133137405
178.82355959894144 192.002639980087
178.55811737682595 192.79896664643348
178.55811737682595 193.59529331277997
178.29267515471048 194.39161997912646
178.29267515471048 195.18794664547295
178.29267515471048 195.98427331181944
178.02723293259498 196.78059997816592
178.02723293259498 197.5769266445124
178.02723293259498 198.3732533108589
178.02723293259498 199.16957997720533
177.7617907104795 200.23134886566731
177.7617907104795 201.0276755320138
177.7617907104795 201.8240021983603
177.49634848836396 202.62032886470678
177.49634848836396 203.41665553105327
177.49634848836396 204.21298219739975
177.49634848836396 205.00930886374624
177.49634848836396 205.80563553009273
177.49634848836396 206.60196219643916
177.49634848836396 207.39828886278565
177.49634848836396 208.19461552913214
177.49634848836396 208.99094219547862
177.49634848836396 209.7872688618251
177.49634848836396 210.5835955281716
177.49634848836396 211.3799221945181
177.49634848836396 212.17624886086458
177.49634848836396 212.97257552721106
177.49634848836396 213.76890219355755
177.49634848836396 214.56522885990404
177.49634848836396 215.36155552625053
177.49634848836396 216.15788219259701
177.49634848836396 216.95420885894345
178.02723293259498 217.75053552528993
178.55811737682595 218.54686219163642
178.82355959894144 219.3431888579829
179.61988626528793 219.8740733022139
179.88532848740343 220.6703999685604
180.68165515374992 221.46672663490688
181.2125395979809 222.52849552336886
181.7434240422119 223.3248221897153
182.2743084864429 224.12114885606178
182.80519293067388 224.91747552240827
183.33607737490485 225.71380218875476
183.86696181913584 226.51012885510124
184.39784626336683 227.30645552144773
184.92873070759782 228.10278218779422
185.7250573739443 228.36822440990971
186.5213840402908 228.8991088541407
187.31771070663726 229.4299932983717
187.84859515086828 230.2263199647182
188.64492181721474 230.75720440894912
189.44124848356122 231.28808885318017
189.9721329277922 232.08441551952666
190.7684595941387 232.6152999637576
191.5647862604852 233.14618440798859
192.36111292683165 233.67706885221958
193.15743959317814 234.47339551856606
193.95376625952466 235.00427996279706
194.48465070375562 235.80060662914354
195.2809773701021 236.06604885125904
195.8118618143331 236.86237551760553
196.6081884806796 237.39325996183652
197.40451514702605 237.9241444060675
198.20084181337253 238.4550288502985
198.99716847971902 238.720471072414
199.79349514606548 238.9859132945295
200.589821812412 239.25135551664494
201.38614847875846 239.78223996087598
202.44791736722044 240.04768218299142
203.24424403356693 240.31312440510698
204.04057069991342 240.57856662722247
204.83689736625988 240.8440088493379
205.63322403260636 241.1094510714534
206.69499292106835 241.37489329356896
207.4913195874148 241.6403355156844
208.28764625376132 241.9057777377999
209.0839729201078 241.9057777377999
210.1457418085698 241.9057777377999
210.94206847491625 241.9057777377999
211.73839514126274 241.9057777377999
212.5347218076092 241.9057777377999
213.3310484739557 241.9057777377999
214.1273751403022 241.9057777377999
214.92370180664867 241.9057777377999
215.72002847299515 241.9057777377999
216.51635513934164 241.9057777377999
217.3126818056881 241.37489329356896
218.1090084720346 241.1094510714534
218.9053351383811 240.57856662722247
219.70166180472756 240.31312440510698
220.49798847107405 240.04768218299142
221.2943151374205 239.78223996087598
222.090641803767 239.25135551664494
222.8869684701135 238.9859132945295
223.68329513645995 238.9859132945295
224.47962180280646 238.720471072414
225.27594846915295 238.189586628183
226.0722751354994 237.9241444060675
226.8686018018459 237.39325996183652
227.66492846819241 236.86237551760553
228.46125513453887 236.33149107337454
229.25758180088536 236.06604885125904
230.05390846723185 235.53516440702805
230.8502351335783 235.26972218491255
231.6465617999248 235.00427996279706
232.44288846627126 234.47339551856606
233.23921513261777 234.20795329645057
234.03554179896426 233.94251107433507
234.8318684653107 233.67706885221958
235.62819513165724 233.14618440798859
236.15907957588817 232.3498577416421
237.22084846435015 231.02264663106467
237.48629068646565 229.9608777426027
238.01717513069664 229.1645510762562
238.54805957492763 228.36822440990971
239.34438624127412 227.83733996567872
240.1407129076206 227.04101329933223
240.9370395739671 226.51012885510124
241.7333662403136 225.97924441087025
242.26425068454458 225.18291774452376
243.06057735089107 224.65203330029277
243.591461795122 223.85570663394634
244.38778846146855 223.3248221897153
245.18411512781503 222.79393774548436
245.71499957204597 221.99761107913787
246.51132623839246 221.46672663490688
247.04221068262345 220.6703999685604
247.83853734896994 220.1395155243294
248.63486401531642 219.3431888579829
249.16574845954742 218.54686219163642
slice_number: 16
nb_points_on_contour: 319
202.44791736722044 164.92753332430664
202.97880181145143 165.7238599906531
203.5096862556824 166.5201866569996
203.7751284777979 167.31651332334604
204.04057069991342 168.11283998969253
204.83689736625988 168.90916665603902
204.83689736625988 169.7054933223855
205.63322403260636 170.7672622108475
205.89866625472186 171.563588877194
206.42955069895288 172.62535776565596
207.22587736529934 173.6871266541179
207.75676180953033 174.48345332046438
208.5530884758768 175.54522220892636
209.0839729201078 176.34154887527285
209.34941514222328 177.13787554161934
209.88029958645427 178.19964443008132
210.41118403068526 178.99597109642784
210.67662625280076 179.79229776277424
211.20751069703172 180.58862442912076
212.00383736337824 181.65039331758277
212.5347218076092 182.4467199839292
213.3310484739557 183.2430466502757
213.8619329181867 184.03937331662218
214.65825958453317 184.83569998296866
215.1891440287642 185.63202664931515
215.98547069511062 186.16291109354614
216.78179736145714 186.95923775989263
217.5781240278036 187.75556442623912
218.37445069415008 188.02100664835461
219.17077736049657 188.5518910925856
219.96710402684303 189.0827755368166
220.76343069318955 189.3482177589321
221.55975735953604 189.61365998104753
222.3560840258825 189.87910220316303
223.15241069222898 190.40998664739402
224.21417958069097 190.67542886950952
225.27594846915295 190.94087109162507
226.0722751354994 190.94087109162507
227.1340440239614 190.94087109162507
228.19581291242338 190.94087109162507
228.99213957876987 190.94087109162507
230.05390846723185 190.94087109162507
230.8502351335783 190.94087109162507
231.6465617999248 190.94087109162507
232.70833068838678 190.94087109162507
233.77009957684874 190.94087109162507
234.56642624319525 190.94087109162507
235.62819513165724 190.94087109162507
236.42452179800372 190.94087109162507
237.22084846435015 190.94087109162507
238.01717513069664 190.94087109162507
239.07894401915863 190.94087109162507
239.87527068550511 190.94087109162507
240.6715973518516 190.94087109162507
241.4679240181981 190.94087109162507
242.26425068454458 190.94087109162507
243.06057735089107 190.94087109162507
243.85690401723755 190.67542886950952
244.65323068358398 190.67542886950952
245.44955734993047 190.67542886950952
246.24588401627702 190.40998664739402
247.04221068262345 190.40998664739402
247.83853734896994 190.40998664739402
248.63486401531642 190.14454442527858
249.4311906816629 190.14454442527858
250.2275173480094 190.14454442527858
251.0238440143559 189.87910220316303
251.82017068070238 189.61365998104753
252.61649734704886 189.3482177589321
253.4128240133953 188.81733331470105
254.20915067974178 188.5518910925856
255.00547734608833 188.02100664835461
255.80180401243476 187.22467998200813
256.86357290089677 186.69379553777713
257.6598995672432 185.89746887143065
258.45622623358975 185.63202664931515
259.2525528999362 185.10114220508416
260.0488795662827 184.30481553873767
260.84520623262915 183.50848887239118
261.6415328989757 182.9776044281602
262.1724173432066 182.1812777618137
262.7033017874377 181.38495109546727
263.4996284537841 180.58862442912076
264.29595512013054 179.79229776277424
265.0922817864771 179.2614133185433
265.6231662307081 178.46508665219682
265.8886084528235 177.66875998585033
266.68493511917006 177.13787554161934
267.21581956340106 176.34154887527285
267.74670400763205 175.54522220892636
268.5430306739785 175.0143377646954
269.07391511820947 174.21801109834894
269.8702417845559 174.21801109834894
269.8702417845559 175.0143377646954
269.8702417845559 175.81066443104191
269.8702417845559 176.60699109738835
269.8702417845559 177.40331776373483
269.8702417845559 178.19964443008132
269.8702417845559 178.99597109642784
269.8702417845559 179.79229776277424
269.8702417845559 180.58862442912076
269.8702417845559 181.38495109546727
269.8702417845559 182.1812777618137
269.8702417845559 182.9776044281602
269.8702417845559 183.77393109450668
269.8702417845559 184.57025776085317
269.8702417845559 185.36658442719965
269.8702417845559 186.16291109354614
269.60479956244046 186.95923775989263
269.339357340325 187.75556442623912
269.07391511820947 188.5518910925856
268.5430306739785 189.3482177589321
268.27758845186304 190.14454442527858
267.74670400763205 190.94087109162507
267.21581956340106 191.7371977579715
266.9503773412855 192.533524424318
266.15405067493907 193.32985109066448
265.6231662307081 194.12617775701096
265.3577240085925 194.92250442335745
264.82683956436153 195.71883108970394
264.0305128980151 196.78059997816592
263.4996284537841 197.5769266445124
263.23418623166856 198.3732533108589
262.7033017874377 199.16957997720533
262.1724173432066 200.23134886566731
261.6415328989757 201.0276755320138
261.1106484547446 201.8240021983603
260.84520623262915 202.62032886470678
260.31432178839816 203.41665553105327
260.0488795662827 204.21298219739975
259.51799512205173 205.00930886374624
258.98711067782074 205.80563553009273
258.45622623358975 206.60196219643916
257.6598995672432 207.39828886278565
257.1290151230122 208.19461552913214
256.3326884566658 208.99094219547862
255.80180401243476 209.7872688618251
255.00547734608833 210.3181533060561
254.47459290185728 211.1144799724026
253.94370845762634 211.91080663874908
253.4128240133953 212.70713330509557
252.61649734704886 213.50345997144206
251.82017068070238 214.034344415673
251.28928623647138 214.83067108201948
251.0238440143559 215.62699774836597
250.4929595701249 216.42332441471245
249.9620751258939 217.21965108105894
249.4311906816629 218.01597774740543
248.90030623743192 218.81230441375192
248.36942179320093 219.6086310800984
247.57309512685444 220.4049577464449
247.04221068262345 221.20128441279138
246.51132623839246 221.99761107913787
245.71499957204597 222.26305330125336
244.91867290569948 222.52849552336886
244.12234623935305 223.05937996759985
243.32601957300656 223.59026441183084
242.52969290666007 224.38659107817728
241.7333662403136 224.65203330029277
240.9370395739671 225.18291774452376
240.4061551297361 226.24468663298575
240.1407129076206 227.04101329933223
239.34438624127412 227.83733996567872
238.54805957492763 228.36822440990971
237.7517329085812 228.8991088541407
236.95540624223466 229.4299932983717
236.42452179800372 230.2263199647182
235.62819513165724 230.49176218683368
235.36275290954174 231.28808885318017
234.8318684653107 232.08441551952666
234.30098402107976 233.14618440798859
233.50465735473324 233.94251107433507
232.70833068838678 234.47339551856606
231.9120040220403 235.26972218491255
231.1156773556938 236.06604885125904
230.31935068934735 236.59693329549003
229.52302402300083 237.12781773972102
228.72669735665434 237.65870218395202
227.93037069030788 237.65870218395202
227.1340440239614 237.65870218395202
226.33771735761493 237.65870218395202
225.54139069126845 237.65870218395202
224.74506402492193 237.65870218395202
223.94873735857547 237.65870218395202
223.15241069222898 237.65870218395202
222.3560840258825 237.65870218395202
221.55975735953604 237.65870218395202
220.76343069318955 237.65870218395202
219.96710402684303 237.9241444060675
219.17077736049657 237.9241444060675
218.37445069415008 237.9241444060675
217.5781240278036 237.9241444060675
216.78179736145714 237.9241444060675
215.98547069511062 237.9241444060675
215.1891440287642 237.9241444060675
214.1273751403022 237.9241444060675
213.3310484739557 237.9241444060675
212.5347218076092 237.9241444060675
211.73839514126274 237.9241444060675
210.67662625280076 237.9241444060675
209.61485736433877 237.9241444060675
208.8185306979923 237.9241444060675
208.02220403164583 237.9241444060675
207.22587736529934 237.9241444060675
206.16410847683736 237.9241444060675
205.3677818104909 237.9241444060675
204.57145514414438 237.9241444060675
203.7751284777979 237.9241444060675
202.97880181145143 237.65870218395202
202.18247514510495 237.65870218395202
201.38614847875846 237.12781773972102
200.589821812412 236.86237551760553
199.79349514606548 236.33149107337454
198.7317262576035 236.06604885125904
197.93539959125704 235.53516440702805
197.13907292491055 235.26972218491255
196.34274625856406 235.00427996279706
195.5464195922176 234.47339551856606
194.75009292587112 233.94251107433507
193.95376625952466 233.41162663010408
193.15743959317814 232.8807421858731
192.36111292683165 232.3498577416421
191.5647862604852 231.8189732974111
190.7684595941387 231.28808885318017
190.2375751499077 230.49176218683368
189.44124848356122 230.2263199647182
188.91036403933023 229.4299932983717
188.11403737298377 228.8991088541407
187.31771070663726 228.36822440990971
186.7868262624063 227.57189774356323
185.9904995960598 226.77557107721674
185.4596151518288 225.97924441087025
184.66328848548233 225.44835996663926
184.13240404125136 224.65203330029277
183.33607737490485 224.12114885606178
182.2743084864429 223.05937996759985
181.47798182009637 222.79393774548436
180.9470973758654 221.99761107913787
180.68165515374992 221.20128441279138
180.41621293163445 220.4049577464449
180.41621293163445 219.6086310800984
180.41621293163445 218.81230441375192
180.41621293163445 218.01597774740543
180.41621293163445 217.21965108105894
180.41621293163445 216.42332441471245
180.41621293163445 215.62699774836597
180.41621293163445 214.83067108201948
180.41621293163445 214.034344415673
180.41621293163445 213.23801774932656
180.41621293163445 212.17624886086458
180.41621293163445 211.3799221945181
180.41621293163445 210.5835955281716
180.41621293163445 209.52182663970962
180.41621293163445 208.72549997336313
180.41621293163445 207.92917330701664
180.41621293163445 206.8674044185547
180.41621293163445 206.07107775220823
180.41621293163445 205.27475108586174
180.41621293163445 204.47842441951525
180.9470973758654 203.68209775316876
180.9470973758654 202.88577108682227
180.9470973758654 202.0894444204758
181.2125395979809 201.2931177541293
181.47798182009637 200.4967910877828
181.7434240422119 199.43502219932088
182.0088662643274 198.6386955329744
182.2743084864429 197.8423688666279
182.2743084864429 197.04604220028142
182.2743084864429 196.24971553393493
182.2743084864429 195.45338886758844
182.2743084864429 194.65706220124196
182.53975070855836 193.86073553489553
182.80519293067388 193.06440886854898
182.80519293067388 192.2680822022025
182.80519293067388 191.471755535856
183.33607737490485 190.67542886950952
183.60151959702034 189.87910220316303
183.86696181913584 189.0827755368166
184.39784626336683 188.02100664835461
184.66328848548233 187.22467998200813
184.66328848548233 186.42835331566164
184.92873070759782 185.63202664931515
184.92873070759782 184.83569998296866
185.1941729297133 184.03937331662218
185.7250573739443 183.2430466502757
185.9904995960598 182.4467199839292
186.25594181817527 181.65039331758277
186.25594181817527 180.8540666512363
186.25594181817527 180.0577399848898
186.25594181817527 179.2614133185433
186.5213840402908 178.46508665219682
187.0522684845218 177.66875998585033
187.58315292875275 176.87243331950387
188.11403737298377 176.07610665315735
188.37947959509924 175.27977998681087
188.91036403933023 174.48345332046438
189.44124848356122 173.6871266541179
189.9721329277922 172.89079998777143
190.2375751499077 172.09447332142497
190.5030173720232 171.29814665507845
191.03390181625417 170.501819988732
191.5647862604852 169.7054933223855
191.5647862604852 168.90916665603902
191.5647862604852 168.11283998969253
191.5647862604852 167.31651332334604
191.8302284826007 166.52018665699958
192.62655514894715 166.52018665699958
193.42288181529364 166.25474443488406
194.21920848164012 165.98930221276856
195.01553514798658 165.7238599906531
195.8118618143331 165.7238599906531
196.6081884806796 165.4584177685376
197.40451514702605 165.19297554642208
198.20084181337253 165.19297554642208
198.99716847971902 165.19297554642208
199.79349514606548 165.19297554642208
200.589821812412 165.19297554642208
201.38614847875846 165.19297554642208
202.44791736722044 164.92753332430664
slice_number: 17
nb_points_on_contour: 344
144.58151294604272 170.501819988732
144.8469551681582 169.7054933223855
144.8469551681582 168.90916665603902
145.1123973902737 168.11283998969253
145.37783961238918 167.31651332334604
145.37783961238918 165.98930221276856
145.37783961238918 164.92753332430664
145.37783961238918 164.13120665796018
145.37783961238918 163.33487999161366
145.37783961238918 162.53855332526717
145.37783961238918 161.74222665892069
145.1123973902737 160.9458999925742
144.8469551681582 160.14957332622774
144.58151294604272 159.35324665988122
144.05062850181173 158.55691999353473
143.25430183546524 157.76059332718825
142.45797516911873 156.9642666608418
141.66164850277227 156.16793999449533
140.8653218364258 155.37161332814884
140.0689951700793 154.84072888391785
139.27266850373283 154.57528666180235
138.47634183738631 154.57528666180235
137.68001517103986 154.57528666180235
136.88368850469337 154.57528666180235
136.0873618383469 154.57528666180235
135.02559294988492 154.57528666180235
134.2292662835384 154.57528666180235
133.43293961719195 154.57528666180235
132.6366129508455 154.57528666180235
131.84028628449897 154.57528666180235
131.0439596181525 154.57528666180235
130.24763295180603 154.57528666180235
129.4513062854595 154.84072888391785
128.65497961911305 155.10617110603332
128.12409517488206 155.9024977723798
127.3277685085356 156.6988244387263
126.53144184218908 157.2297088829573
126.00055739795809 158.29147777141924
125.20423073161163 159.08780443776573
124.67334628738064 159.8841311041122
124.14246184314968 160.6804577704587
123.34613517680316 160.9458999925742
122.81525073257217 161.74222665892069
122.01892406622571 162.27311110315168
121.75348184411018 163.0694377694981
120.95715517776372 163.33487999161366
120.16082851141726 164.13120665796018
119.89538628930174 164.92753332430664
119.09905962295528 165.4584177685376
118.30273295660876 165.7238599906531
117.5064062902623 166.25474443488406
116.97552184603131 167.05107110123055
116.44463740180035 167.84739776757704
115.64831073545383 168.64372443392352
114.85198406910737 169.44005110027004
114.32109962487638 170.2363777666165
113.52477295852987 171.032704432963
112.99388851429887 171.82903109930947
112.46300407006788 172.62535776565596
111.93211962583689 173.42168443200242
111.40123518160593 174.21801109834894
110.60490851525947 174.74889554257987
110.07402407102848 175.54522220892636
109.27769740468196 176.34154887527285
108.74681296045097 177.13787554161934
107.95048629410451 177.66875998585033
107.15415962775805 178.46508665219682
106.35783296141153 178.99597109642784
105.56150629506507 179.5268555406588
105.03062185083408 180.3231822070053
104.23429518448756 180.8540666512363
103.4379685181411 181.38495109546727
102.64164185179463 181.91583553969826
101.84531518544811 182.4467199839292
101.04898851910166 182.9776044281602
100.2526618527552 183.2430466502757
99.45633518640867 183.50848887239118
98.6600085200622 183.77393109450668
97.86368185371575 184.03937331662218
97.06735518736923 184.30481553873767
96.27102852102276 184.57025776085317
95.4747018546763 184.57025776085317
94.67837518832978 184.57025776085317
93.88204852198332 184.83569998296866
93.08572185563685 185.36658442719965
92.28939518929033 186.16291109354614
91.49306852294387 186.95923775989263
90.69674185659736 187.75556442623912
90.1658574123664 188.5518910925856
89.9004151902509 189.3482177589321
89.10408852390442 189.87910220316303
88.8386463017889 190.67542886950952
88.04231963544244 191.471755535856
87.24599296909598 192.002639980087
86.44966630274946 192.79896664643348
85.65333963640299 193.32985109066448
84.85701297005653 193.86073553489553
83.79524408159455 194.12617775701096
82.99891741524807 194.65706220124196
82.20259074890157 194.92250442335745
81.14082186043959 195.18794664547295
79.81361074986214 195.98427331181944
79.01728408351565 196.24971553393493
77.95551519505368 196.78059997816592
77.15918852870719 197.04604220028142
76.09741964024522 197.31148442239686
75.03565075178324 197.8423688666279
73.97388186332125 197.8423688666279
73.17755519697478 197.8423688666279
72.3812285306283 197.8423688666279
71.5849018642818 197.8423688666279
70.78857519793533 197.8423688666279
69.99224853158886 197.8423688666279
69.19592186524237 197.8423688666279
68.39959519889588 197.8423688666279
67.60326853254938 197.8423688666279
66.80694186620292 197.8423688666279
66.01061519985645 197.8423688666279
65.21428853350993 197.8423688666279
64.41796186716347 197.8423688666279
63.621635200816996 197.8423688666279
62.825308534470494 197.8423688666279
62.02898186812402 197.8423688666279
61.23265520177755 197.8423688666279
60.436328535431045 197.8423688666279
59.640001869084585 197.8423688666279
58.8436752027381 197.8423688666279
58.047348536391596 197.5769266445124
57.251021870045136 197.31148442239686
56.45469520369865 197.5769266445124
55.65836853735216 197.5769266445124
54.86204187100567 197.5769266445124
54.0657152046592 197.5769266445124
53.26938853831271 197.5769266445124
52.47306187196624 197.5769266445124
51.67673520561972 197.5769266445124
50.88040853927326 197.31148442239686
50.08408187292679 196.78059997816592
49.287755206580286 196.24971553393493
48.49142854023381 196.24971553393493
47.69510187388734 195.98427331181944
46.898775207540865 195.71883108970394
46.10244854119438 194.92250442335745
45.30612187484789 194.39161997912646
44.509795208501416 193.86073553489553
43.71346854215493 193.06440886854898
42.91714187580844 192.79896664643348
42.12081520946195 192.2680822022025
41.32448854311548 192.002639980087
40.528161876769 191.7371977579715
39.46639298830702 191.471755535856
38.670066321960526 191.2063133137405
37.87373965561406 191.2063133137405
36.81197076715207 191.471755535856
36.01564410080559 192.002639980087
35.219317434459114 192.2680822022025
34.42299076811263 192.79896664643348
33.62666410176614 193.32985109066448
32.83033743541967 193.86073553489553
32.29945299118868 194.65706220124196
31.503126324842192 194.92250442335745
31.23768410272669 195.71883108970394
31.23768410272669 196.51515775605043
31.23768410272669 197.31148442239686
31.503126324842192 198.10781108874335
31.768568546957688 198.90413775508983
32.29945299118868 199.70046442143632
32.564895213304176 200.4967910877828
33.09577965753515 201.5585599762448
33.89210632388164 202.0894444204758
34.42299076811263 203.15121330893777
35.219317434459114 203.68209775316876
36.01564410080559 204.47842441951525
36.54652854503658 205.27475108586174
37.07741298926757 206.07107775220823
37.07741298926757 206.8674044185547
37.608297433498564 207.92917330701664
38.139181877729555 208.72549997336313
38.670066321960526 209.52182663970962
38.93550854407603 210.3181533060561
39.46639298830702 211.1144799724026
39.73183521042251 211.91080663874908
40.2627196546535 212.70713330509557
40.528161876769 213.50345997144206
40.79360409888449 214.034344415673
41.059046320999975 214.83067108201948
41.855372987346456 215.62699774836597
42.651699653692944 216.15788219259701
43.44802632003943 216.68876663682795
43.978910764270424 217.48509330317444
44.7752374306169 217.75053552528993
45.571564096963385 218.28141996952093
46.36789076330987 219.0777466358674
46.898775207540865 219.8740733022139
47.69510187388734 220.1395155243294
48.22598631811833 220.93584219067588
49.02231298446482 221.20128441279138
49.81863965081129 221.73216885702237
49.81863965081129 222.52849552336886
50.08408187292679 223.3248221897153
50.349524095042284 224.12114885606178
51.14585076138876 224.65203330029277
51.942177427735245 225.18291774452376
52.73850409408172 225.71380218875476
53.003946316197215 226.51012885510124
53.53483076042821 227.30645552144773
54.331157426774695 227.57189774356323
55.12748409312117 228.10278218779422
55.923810759467656 228.8991088541407
56.720137425814144 229.6954355204872
57.251021870045136 230.49176218683368
58.04734853639161 230.75720440894912
58.8436752027381 230.75720440894912
59.640001869084585 231.02264663106467
60.43632853543106 231.5535310752956
61.23265520177755 231.5535310752956
62.02898186812402 231.8189732974111
62.825308534470494 231.8189732974111
63.621635200816996 231.8189732974111
64.41796186716347 231.8189732974111
65.21428853350994 232.3498577416421
66.01061519985645 232.6152999637576
66.80694186620292 232.8807421858731
67.6032685325494 233.41162663010408
68.39959519889588 233.41162663010408
69.19592186524237 233.94251107433507
69.99224853158886 234.20795329645057
70.78857519793533 234.47339551856606
71.5849018642818 235.00427996279706
72.3812285306283 235.26972218491255
73.17755519697478 235.53516440702805
73.97388186332125 235.53516440702805
74.77020852966776 235.53516440702805
75.56653519601423 235.53516440702805
76.3628618623607 235.53516440702805
77.15918852870719 235.53516440702805
77.95551519505368 235.53516440702805
78.75184186140015 235.53516440702805
79.81361074986214 235.53516440702805
80.60993741620861 235.53516440702805
81.4062640825551 235.53516440702805
82.20259074890159 235.53516440702805
82.99891741524807 235.53516440702805
83.79524408159455 235.53516440702805
84.59157074794102 235.53516440702805
85.38789741428752 235.53516440702805
86.184224080634 235.53516440702805
86.98055074698047 235.53516440702805
87.77687741332697 235.53516440702805
88.57320407967345 235.53516440702805
89.36953074601992 235.00427996279706
90.1658574123664 234.73883774068156
90.69674185659738 233.94251107433507
91.49306852294387 233.67706885221958
92.02395296717486 232.8807421858731
92.82027963352135 232.3498577416421
93.61660629986783 232.08441551952666
95.20925963256077 232.08441551952666
96.00558629890729 231.5535310752956
96.80191296525376 231.02264663106467
97.59823963160022 230.49176218683368
98.6600085200622 230.2263199647182
99.1908929642932 229.4299932983717
99.98721963063967 228.8991088541407
100.78354629698613 228.36822440990971
101.31443074121712 227.57189774356323
102.11075740756364 227.04101329933223
103.17252629602562 226.51012885510124
104.23429518448756 225.44835996663926
105.03062185083408 224.91747552240827
105.82694851718054 224.65203330029277
106.62327518352706 224.12114885606178
107.41960184987352 223.59026441183084
108.21592851621998 223.3248221897153
109.01225518256649 223.05937996759985
109.80858184891295 222.26305330125336
110.87035073737496 221.46672663490688
111.66667740372142 220.6703999685604
112.46300407006788 220.1395155243294
112.99388851429887 219.3431888579829
113.79021518064539 218.54686219163642
114.32109962487638 217.75053552528993
115.11742629122284 217.21965108105894
115.64831073545383 216.42332441471245
116.17919517968483 215.62699774836597
116.97552184603131 215.09611330413497
117.24096406814681 214.29978663778854
117.7718485123778 213.50345997144206
117.7718485123778 212.70713330509557
118.30273295660876 211.91080663874908
119.09905962295528 211.1144799724026
119.62994406718627 210.3181533060561
120.16082851141726 209.52182663970962
120.42627073353273 208.72549997336313
120.6917129556482 207.92917330701664
120.95715517776372 207.13284664067015
121.22259739987919 206.33651997432372
121.22259739987919 205.54019330797723
121.22259739987919 204.74386664163075
121.22259739987919 203.94753997528426
121.48803962199472 203.15121330893777
121.75348184411018 202.35488664259128
121.75348184411018 201.5585599762448
121.75348184411018 200.7622333098983
122.5498085104567 199.96590664355182
122.81525073257217 199.16957997720533
122.81525073257217 198.3732533108589
123.08069295468769 197.5769266445124
123.61157739891868 196.78059997816592
123.87701962103415 195.98427331181944
124.14246184314968 194.92250442335745
124.67334628738064 194.12617775701096
125.20423073161163 193.32985109066448
125.73511517584262 192.533524424318
126.26599962007361 191.7371977579715
127.06232628642007 191.2063133137405
127.59321073065107 190.40998664739402
128.12409517488206 189.61365998104753
128.92042184122857 188.81733331470105
129.71674850757503 188.02100664835461
130.51307517392152 187.22467998200813
131.0439596181525 186.42835331566164
131.84028628449897 185.36658442719965
132.90205517296096 184.83569998296866
133.43293961719195 184.03937331662218
133.96382406142294 182.9776044281602
134.7601507277694 182.1812777618137
135.2910351720004 181.38495109546727
135.82191961623138 180.58862442912076
136.88368850469337 179.2614133185433
137.68001517103986 178.46508665219682
138.21089961527085 177.66875998585033
138.74178405950184 176.87243331950387
139.80355294796382 175.81066443104191
140.33443739219481 175.0143377646954
140.8653218364258 174.21801109834894
141.3962062806568 173.42168443200242
141.66164850277227 172.62535776565596
142.45797516911873 171.82903109930947
143.25430183546524 171.29814665507845
143.78518627969623 170.501819988732
144.3160707239272 169.7054933223855
144.8469551681582 168.90916665603902
145.37783961238918 168.11283998969253
nb_points_on_contour: 273
200.589821812412 195.71883108970394
200.589821812412 194.92250442335745
200.05893736818098 193.86073553489553
199.52805292395 193.06440886854898
199.26261070183452 192.2680822022025
198.46628403548803 191.2063133137405
197.66995736914157 190.40998664739402
196.34274625856406 188.81733331470105
195.2809773701021 187.75556442623912
194.75009292587112 186.95923775989263
194.21920848164012 186.16291109354614
193.95376625952466 185.10114220508416
193.42288181529364 184.30481553873767
192.89199737106267 183.2430466502757
192.36111292683165 182.4467199839292
191.8302284826007 181.65039331758277
191.03390181625417 180.58862442912076
190.2375751499077 180.0577399848898
189.70669070567672 179.2614133185433
188.91036403933023 178.99597109642784
188.11403737298377 178.73052887431234
187.31771070663726 178.73052887431234
186.5213840402908 178.99597109642784
185.7250573739443 179.2614133185433
185.1941729297133 180.0577399848898
184.66328848548233 180.8540666512363
184.13240404125136 181.91583553969826
183.86696181913584 182.7121622060447
183.86696181913584 183.50848887239118
183.07063515278938 185.10114220508416
182.80519293067388 185.89746887143065
182.80519293067388 186.69379553777713
182.53975070855836 187.49012220412362
182.0088662643274 188.2864488704701
181.7434240422119 189.61365998104753
181.2125395979809 190.67542886950952
180.68165515374992 192.002639980087
180.15077070951892 193.06440886854898
179.61988626528793 194.12617775701096
179.35444404317246 195.18794664547295
178.82355959894144 196.51515775605043
178.82355959894144 197.31148442239686
178.82355959894144 198.10781108874335
178.82355959894144 198.90413775508983
178.82355959894144 199.70046442143632
178.82355959894144 200.4967910877828
178.82355959894144 201.2931177541293
178.82355959894144 202.0894444204758
179.08900182105697 202.88577108682227
179.61988626528793 203.68209775316876
179.88532848740343 204.47842441951525
180.15077070951892 205.27475108586174
180.41621293163445 206.07107775220823
180.68165515374992 206.8674044185547
180.68165515374992 207.66373108490114
180.68165515374992 208.46005775124763
180.68165515374992 209.52182663970962
180.68165515374992 210.3181533060561
180.68165515374992 211.3799221945181
180.68165515374992 212.17624886086458
180.68165515374992 212.97257552721106
180.68165515374992 214.034344415673
180.68165515374992 215.09611330413497
180.9470973758654 215.89243997048146
180.9470973758654 216.68876663682795
180.9470973758654 217.48509330317444
181.2125395979809 218.54686219163642
181.2125395979809 219.3431888579829
181.47798182009637 220.1395155243294
182.0088662643274 220.93584219067588
182.2743084864429 221.99761107913787
182.53975070855836 222.79393774548436
182.80519293067388 223.59026441183084
183.07063515278938 224.38659107817728
183.33607737490485 225.18291774452376
183.86696181913584 225.97924441087025
184.39784626336683 226.77557107721674
185.1941729297133 227.30645552144773
185.4596151518288 228.10278218779422
186.25594181817527 228.6336666320252
186.7868262624063 229.4299932983717
187.58315292875275 229.9608777426027
188.37947959509924 230.75720440894912
189.17580626144576 231.28808885318017
189.70669070567672 232.08441551952666
190.5030173720232 232.6152999637576
191.29934403836967 233.14618440798859
192.36111292683165 233.94251107433507
193.15743959317814 234.73883774068156
193.95376625952466 235.26972218491255
194.48465070375562 236.06604885125904
195.2809773701021 236.59693329549003
196.07730403644857 237.39325996183652
197.13907292491055 237.9241444060675
197.93539959125704 238.4550288502985
198.7317262576035 238.720471072414
199.79349514606548 239.25135551664494
200.589821812412 239.78223996087598
201.38614847875846 240.04768218299142
202.18247514510495 240.31312440510698
202.97880181145143 240.57856662722247
203.7751284777979 240.57856662722247
204.57145514414438 240.8440088493379
205.3677818104909 240.8440088493379
206.16410847683736 240.8440088493379
206.96043514318384 241.1094510714534
207.75676180953033 241.1094510714534
208.5530884758768 241.37489329356896
209.34941514222328 241.9057777377999
210.1457418085698 242.1712199599154
210.94206847491625 242.4366621820309
211.73839514126274 242.4366621820309
212.5347218076092 242.4366621820309
213.3310484739557 242.4366621820309
214.1273751403022 242.4366621820309
215.1891440287642 242.4366621820309
215.98547069511062 242.4366621820309
217.0472395835726 241.9057777377999
218.37445069415008 241.6403355156844
219.43621958261207 241.1094510714534
220.23254624895856 240.57856662722247
221.02887291530502 240.57856662722247
221.82519958165153 240.04768218299142
222.62152624799802 239.78223996087598
223.41785291434448 239.25135551664494
224.47962180280646 238.720471072414
225.27594846915295 238.4550288502985
226.0722751354994 238.189586628183
226.8686018018459 237.9241444060675
227.66492846819241 237.65870218395202
228.46125513453887 237.39325996183652
229.25758180088536 236.59693329549003
230.31935068934735 236.06604885125904
231.1156773556938 235.80060662914354
231.9120040220403 235.53516440702805
232.70833068838678 235.00427996279706
233.77009957684874 234.47339551856606
234.56642624319525 234.20795329645057
235.36275290954174 233.94251107433507
236.42452179800372 233.67706885221958
237.22084846435015 233.14618440798859
238.01717513069664 232.8807421858731
238.81350179704313 232.3498577416421
239.60982846338962 231.8189732974111
240.4061551297361 231.28808885318017
241.2024817960826 231.02264663106467
242.26425068454458 230.2263199647182
243.06057735089107 229.6954355204872
243.85690401723755 229.1645510762562
244.65323068358398 228.36822440990971
245.44955734993047 227.83733996567872
245.98044179416146 227.04101329933223
246.77676846050795 226.24468663298575
247.30765290473894 225.44835996663926
248.10397957108543 224.91747552240827
248.63486401531642 224.12114885606178
249.16574845954742 223.3248221897153
249.9620751258939 222.52849552336886
250.7584017922404 221.73216885702237
251.55472845858688 221.20128441279138
252.08561290281781 220.4049577464449
252.88193956916436 219.6086310800984
253.6782662355108 219.0777466358674
253.94370845762634 218.28141996952093
254.47459290185728 217.48509330317444
254.74003512397277 216.42332441471245
255.53636179031926 215.36155552625053
255.80180401243476 214.56522885990404
256.0672462345502 213.76890219355755
256.5981306787812 212.97257552721106
256.86357290089677 212.17624886086458
257.39445734512776 211.3799221945181
257.6598995672432 210.5835955281716
258.1907840114742 209.7872688618251
258.7216684557052 208.99094219547862
258.98711067782074 208.19461552913214
259.51799512205173 207.39828886278565
259.78343734416717 206.60196219643916
260.0488795662827 205.80563553009273
260.5797640105137 205.00930886374624
261.1106484547446 204.21298219739975
261.6415328989757 203.41665553105327
262.1724173432066 202.62032886470678
262.9687440095531 202.0894444204758
263.4996284537841 201.2931177541293
264.0305128980151 200.4967910877828
264.82683956436153 199.96590664355182
265.0922817864771 199.16957997720533
265.3577240085925 198.3732533108589
265.6231662307081 197.5769266445124
265.6231662307081 196.78059997816592
265.6231662307081 195.98427331181944
264.82683956436153 195.98427331181944
264.0305128980151 195.98427331181944
263.23418623166856 196.24971553393493
262.4378595653221 196.24971553393493
261.6415328989757 196.24971553393493
260.84520623262915 196.78059997816592
260.0488795662827 197.04604220028142
259.2525528999362 197.31148442239686
258.7216684557052 198.10781108874335
257.92534178935875 198.6386955329744
257.1290151230122 199.16957997720533
256.3326884566658 199.70046442143632
255.53636179031926 200.23134886566731
254.74003512397277 201.0276755320138
253.94370845762634 201.5585599762448
253.1473817912798 202.0894444204758
252.3510551249333 202.62032886470678
251.28928623647138 202.88577108682227
250.4929595701249 203.15121330893777
249.4311906816629 203.94753997528426
248.63486401531642 204.47842441951525
247.83853734896994 205.00930886374624
247.04221068262345 205.80563553009273
245.98044179416146 206.33651997432372
245.18411512781503 206.8674044185547
244.38778846146855 207.66373108490114
243.591461795122 208.19461552913214
242.52969290666007 208.72549997336313
241.7333662403136 208.99094219547862
240.6715973518516 209.25638441759412
239.34438624127412 209.52182663970962
238.28261735281214 209.52182663970962
237.48629068646565 209.52182663970962
236.68996402011922 209.52182663970962
235.89363735377268 209.52182663970962
235.09731068742624 209.52182663970962
234.30098402107976 209.52182663970962
233.50465735473324 209.52182663970962
232.70833068838678 209.52182663970962
231.6465617999248 209.52182663970962
230.8502351335783 209.52182663970962
230.05390846723185 209.52182663970962
229.25758180088536 209.52182663970962
228.46125513453887 209.52182663970962
227.66492846819241 209.52182663970962
226.8686018018459 209.52182663970962
225.80683291338391 209.52182663970962
225.01050624703743 209.52182663970962
224.21417958069097 209.52182663970962
223.41785291434448 209.52182663970962
222.62152624799802 209.52182663970962
221.82519958165153 209.52182663970962
221.02887291530502 209.52182663970962
220.23254624895856 209.25638441759412
219.43621958261207 208.99094219547862
218.37445069415008 208.99094219547862
217.5781240278036 208.72549997336313
216.78179736145714 208.46005775124763
215.98547069511062 208.46005775124763
214.92370180664867 208.19461552913214
214.1273751403022 207.92917330701664
213.3310484739557 207.66373108490114
212.5347218076092 207.13284664067015
211.73839514126274 206.8674044185547
210.94206847491625 206.60196219643916
210.1457418085698 206.60196219643916
209.34941514222328 206.07107775220823
208.5530884758768 206.07107775220823
207.75676180953033 205.80563553009273
206.96043514318384 205.54019330797723
206.16410847683736 204.74386664163075
205.3677818104909 204.21298219739975
204.57145514414438 203.68209775316876
203.5096862556824 202.62032886470678
202.71335958933594 201.8240021983603
202.44791736722044 201.0276755320138
201.91703292298945 200.23134886566731
201.65159070087398 199.16957997720533
201.38614847875846 198.3732533108589
201.38614847875846 197.5769266445124
201.38614847875846 196.78059997816592
