Study: 1.2.840.113619.2.30.1.1762288805.2008.1096725466.325
Series: 1.2.840.113619.2.30.1.1762288805.2008.1096725466.329
SpacingX: 0.847656
SpacingY: 0.847656
SpacingZ: 10.0

label: fibrosis
localisation: non-relevant
slice_number: 9
nb_points_on_contour: 41
311.7704053255551 204.7553103944484
311.7704053255551 202.7550282462034
311.10364460947346 200.75474609795845
310.43688389339184 198.75446394971345
309.10336246122847 196.7541818014685
308.43660174514685 194.7538996532235
307.1030803129835 192.75361750497848
305.7695588808201 190.7533353567335
305.1027981647385 188.7530532084885
303.1025160164935 187.4195317763252
301.1022338682485 187.4195317763252
299.1019517200035 188.08629249240684
297.1016695717585 188.7530532084885
295.10138742351364 190.08657464065186
294.4346267074319 192.08685678889685
293.7678659913503 194.0871389371418
293.7678659913503 196.08742108538678
293.7678659913503 198.0877032336318
293.10110527526865 200.08798538187676
291.10082312702366 201.4215068140401
290.4340624109419 203.42178896228506
289.10054097877867 205.42207111053006
288.43378026269704 207.42235325877505
287.1002588305337 209.42263540702004
286.43349811445194 211.422917555265
285.7667373983703 213.42319970351002
285.0999766822887 215.42348185175496
285.0999766822887 217.42376399999995
286.43349811445194 219.42404614824494
288.43378026269704 219.42404614824494
290.4340624109419 219.42404614824494
292.4343445591869 217.42376399999995
294.4346267074319 216.75700328391832
296.4349088556769 215.42348185175496
297.1016695717585 213.42319970351002
299.1019517200035 211.422917555265
302.43575530041187 212.75643898742834
303.1025160164935 210.75615683918335
305.1027981647385 209.42263540702004
307.1030803129835 208.0891139748567
307.1030803129835 206.08883182661174
nb_points_on_contour: 63
181.75206568963114 266.76405699004295
181.75206568963114 264.76377484179795
181.08530497354946 262.76349269355296
179.0850228253045 260.76321054530797
177.08474067705947 259.42968911314466
175.0844585288145 257.42940696489967
173.08417638056946 256.762646248818
171.7506549484062 254.76236410057302
169.75037280016122 253.42884266840971
167.75009065191622 252.09532123624638
165.74980850367118 251.42856052016472
163.08276563934456 251.42856052016472
161.08248349109957 251.42856052016472
159.08220134285455 251.42856052016472
157.08191919460964 251.42856052016472
154.414876330283 251.42856052016472
152.414594182038 251.42856052016472
150.414312033793 252.09532123624638
148.414029885548 254.09560338449137
146.413747737303 254.76236410057302
144.41346558905806 256.762646248818
143.07994415689475 258.762928397063
141.07966200864973 259.42968911314466
139.07937986040474 260.09644982922634
137.07909771215972 261.42997126138965
135.74557627999647 263.4302534096346
135.0788155639148 265.4305355578796
135.0788155639148 267.43081770612457
135.0788155639148 269.43109985436956
135.74557627999647 271.43138200261455
137.07909771215972 273.43166415085955
137.74585842824143 275.43194629910454
139.07937986040474 277.43222844734953
141.07966200864973 278.76574987951284
143.07994415689475 280.09927131167615
145.08022630513972 281.4327927438395
147.74726916946636 282.09955345992114
149.74755131771136 284.09983560816613
151.74783346595626 284.76659632424787
153.74811561420128 286.1001177564111
155.48182379970467 287.60977537803245
156.3730747378384 288.94665178523303
157.709951145039 289.8379027233668
159.04682755223965 290.28352819243366
160.38370395944025 290.28352819243366
161.7205803666409 290.28352819243366
163.0574567738415 290.28352819243366
164.3943331810421 289.3922772543
165.73120958824273 288.94665178523303
165.73120958824273 287.60977537803245
166.17683505730963 286.2728989708318
167.0680859954434 284.93602256363124
167.95933693357713 283.5991461564306
169.29621334077774 282.7078952182968
170.63308974797832 282.26226974923
171.969966155179 281.81664428016313
173.30684256237961 281.81664428016313
175.08934443864703 280.4797678729625
176.42622084584772 279.5885169348287
177.76309725304833 278.25164052762807
179.0850228253045 276.76546773126785
179.0850228253045 274.7651855830229
179.75178354138612 272.7649034347779
slice_number: 10
nb_points_on_contour: 50
139.88493238236413 251.06848691454888
139.88493238236413 249.73161050734828
139.88493238236413 248.39473410014764
139.88493238236413 247.05785769294704
139.43930691329723 245.7209812857464
138.5480559751635 244.3841048785458
137.21117956796286 243.9384794094789
135.87430316076225 243.49285394041206
134.98305222262852 242.15597753321143
134.98305222262852 240.81910112601082
135.42867769169538 239.4822247188102
135.42867769169538 238.14534831160958
135.42867769169538 236.80847190440895
134.98305222262852 235.47159549720834
133.64617581542788 234.5803445590746
132.30929940822728 234.1347190900077
130.97242300102664 234.1347190900077
129.63554659382604 234.1347190900077
128.29867018662543 234.1347190900077
126.9617937794248 235.02597002814144
125.62491737222416 235.9172209662752
124.28804096502355 236.80847190440895
122.95116455782295 237.25409737347584
121.61428815062231 237.25409737347584
120.27741174342171 237.25409737347584
118.9405353362211 237.25409737347584
117.6036589290205 237.69972284254268
116.26678252181983 238.59097378067642
115.821157052753 239.92785018787703
115.821157052753 241.26472659507766
115.821157052753 242.60160300227827
116.26678252181983 243.9384794094789
116.71240799088673 245.2753558166795
117.6036589290205 246.61223222388014
118.9405353362211 247.05785769294704
120.27741174342171 247.50348316201388
121.61428815062231 247.50348316201388
122.95116455782295 247.94910863108075
124.28804096502355 248.39473410014764
126.07054284129106 249.28598503828138
127.40741924849166 250.17723597641512
128.7442956556923 251.06848691454888
130.52679753195977 251.95973785268262
131.8636739391604 252.40536332174952
133.200550346361 252.40536332174952
134.53742675356165 252.40536332174952
136.31992862982912 252.40536332174952
137.65680503702976 252.85098879081636
138.99368144423036 252.85098879081636
140.33055785143097 252.85098879081636
slice_number: 11
nb_points_on_contour: 271
113.18846890278866 207.1127186216787
114.31331021678736 207.1127186216787
115.43815153078603 207.1127186216787
116.93793994945091 207.1127186216787
118.43772836811578 207.1127186216787
119.93751678678078 207.1127186216787
121.43730520544568 207.1127186216787
122.56214651944435 207.1127186216787
124.06193493810929 207.1127186216787
125.18677625210796 207.1127186216787
126.68656467077287 207.1127186216787
128.1863530894378 207.1127186216787
129.31119440343645 206.7377715170125
130.43603571743512 206.7377715170125
131.56087703143376 206.7377715170125
132.68571834543246 206.7377715170125
133.8105596594312 206.7377715170125
134.9354009734299 206.7377715170125
136.06024228742857 206.7377715170125
137.18508360142727 206.7377715170125
138.30992491542594 206.7377715170125
139.4347662294246 206.7377715170125
140.93455464808955 207.1127186216787
142.05939596208822 207.48766572634494
143.18423727608686 207.48766572634494
143.18423727608686 208.61250704034364
143.18423727608686 209.73734835434232
142.4343430667544 210.862189668341
142.05939596208822 211.98703098233966
142.05939596208822 213.11187229633836
142.05939596208822 214.23671361033706
140.93455464808955 215.36155492433573
140.18466043875708 216.86134334300064
139.4347662294246 217.98618465699937
138.30992491542594 219.111025970998
137.18508360142727 219.48597307566425
136.06024228742857 219.86092018033048
134.56045386876366 220.61081438966295
133.8105596594312 221.73565570366162
132.68571834543246 222.11060280832783
132.31077124076623 223.23544412232653
132.68571834543246 224.73523254099143
133.435612554765 225.86007385499008
134.56045386876366 226.23502095965637
135.68529518276233 227.35986227365504
136.810136496761 228.10975648298748
137.93497781075973 228.85965069231995
139.0598191247584 229.23459779698618
140.18466043875708 229.60954490165238
142.05939596208822 229.98449200631867
143.55918438075307 230.73438621565109
145.05897279941806 231.48428042498355
146.18381411341673 231.85922752964973
147.3086554274154 232.9840688436485
148.4334967414141 233.35901594831466
148.4334967414141 234.48385726231336
147.3086554274154 235.60869857631204
146.55876121808294 236.73353989031074
145.8088670087505 237.85838120430938
144.68402569475174 238.23332830897567
143.55918438075307 238.6082754136419
142.4343430667544 238.98322251830814
141.30950175275575 238.98322251830814
140.18466043875708 239.73311672764055
139.80971333409084 240.85795804163925
139.4347662294246 241.98279935563792
139.80971333409084 243.1076406696366
140.93455464808955 243.48258777430283
142.05939596208822 243.48258777430283
143.18423727608686 243.1076406696366
143.9341314854193 241.98279935563792
145.05897279941806 241.6078522509717
146.55876121808294 241.6078522509717
148.05854963674787 241.6078522509717
149.18339095074654 241.6078522509717
149.933285160079 242.7326935649704
149.933285160079 243.85753487896906
149.933285160079 244.9823761929678
149.933285160079 246.10721750696644
149.933285160079 247.23205882096514
149.933285160079 248.35690013496378
149.18339095074654 249.48174144896248
148.4334967414141 250.60658276296115
147.3086554274154 251.35647697229362
146.55876121808294 252.48131828629232
146.18381411341673 253.60615960029102
145.05897279941806 254.35605380962343
143.9341314854193 255.48089512362213
143.18423727608686 256.980683542287
142.4343430667544 258.8554190656182
141.68444885742198 259.9802603796169
141.30950175275575 261.10510169361555
140.5596075434233 262.6048901122805
140.18466043875708 264.10467853094536
140.18466043875708 265.60446694961024
140.18466043875708 266.72930826360897
140.18466043875708 267.8541495776077
140.18466043875708 269.7288851009388
140.93455464808955 270.85372641493746
142.05939596208822 271.9785677289361
142.4343430667544 273.1034090429348
143.55918438075307 273.47835614760106
144.68402569475174 273.47835614760106
145.8088670087505 273.1034090429348
146.9337083227492 272.3535148336024
148.05854963674787 271.6036206242699
149.18339095074654 270.85372641493746
150.30823226474524 269.7288851009388
152.18296778807638 268.9789908916064
153.68275620674126 267.8541495776077
155.18254462540614 267.1042553682752
156.30738593940484 265.9794140542765
157.4322272534035 265.2295198449441
158.93201567206847 264.10467853094536
160.05685698606717 263.3547843216129
161.55664540473205 262.2299430076142
162.68148671873075 261.10510169361555
163.80632803272943 259.9802603796169
164.18127513739566 258.8554190656182
165.30611645139436 258.48047196095195
166.80590487005924 257.3556306469533
167.9307461840579 256.6057364376208
169.4305346027228 255.48089512362213
170.5553759167215 254.73100091428967
170.93032302138772 253.60615960029102
172.05516433538645 252.85626539095855
172.8050585447189 251.73142407695985
173.92989985871762 251.35647697229362
175.0547411727163 251.35647697229362
176.5545295913812 252.85626539095855
178.0543180100461 253.2312124956248
179.1791593240448 253.98110670495723
180.30400063804345 254.73100091428967
181.42884195204212 254.73100091428967
181.42884195204212 255.85584222828837
180.67894774270968 256.980683542287
179.92905353337724 258.48047196095195
179.1791593240448 259.9802603796169
178.0543180100461 261.10510169361555
176.87184631491454 262.2091236412207
175.53496990771393 261.317872703087
174.19809350051332 262.2091236412207
172.8612170933127 263.1003745793544
171.52434068611208 264.43725098655506
170.18746427891148 265.3285019246888
168.85058787171084 266.6653783318894
167.9593369335771 268.00225473909006
166.62246052637647 268.8935056772238
165.28558411917587 269.78475661535754
163.94870771197523 270.2303820844244
162.61183130477463 271.567258491625
161.7205803666409 272.90413489882565
160.38370395944025 273.3497603678925
159.04682755223965 274.2410113060263
157.709951145039 274.6866367750931
156.3730747378384 275.5778877132269
155.48182379970467 276.91476412042755
154.14494739250404 277.3603895894944
153.2536964543703 278.697265996695
151.91682004716967 279.5885169348287
151.4711945781028 280.92539334202934
150.1343181709022 281.81664428016313
148.79744176370156 282.26226974923
147.46056535650098 281.81664428016313
146.12368894930037 281.81664428016313
144.78681254209977 282.26226974923
143.44993613489908 282.7078952182968
142.1130597276985 283.5991461564306
141.6674342586316 284.93602256363124
140.18466043875708 284.35182218292164
139.0598191247584 284.35182218292164
137.93497781075973 284.35182218292164
136.810136496761 283.9768750782555
135.68529518276233 283.22698086892296
134.56045386876366 282.47708665959055
133.8105596594312 281.3522453455919
132.68571834543246 280.60235113625936
131.18592992676756 279.10256271759454
130.06108861276888 277.6027742989296
128.93624729877024 276.47793298493093
127.81140598477154 275.7280387755984
127.0615117754391 274.60319746159973
125.93667046144043 274.22825035693353
125.18677625210796 273.1034090429348
124.06193493810929 272.72846193826865
123.31204072877682 271.6036206242699
122.56214651944435 270.4787793102713
122.56214651944435 269.3539379962725
122.56214651944435 267.8541495776077
123.31204072877682 266.72930826360897
124.06193493810929 265.60446694961024
124.4368820427755 264.47962563561157
125.5617233567742 264.10467853094536
126.31161756610663 262.9798372169467
127.43645888010533 262.6048901122805
128.1863530894378 261.4800487982818
129.31119440343645 260.7301545889493
130.06108861276888 259.6053132749506
131.18592992676756 259.6053132749506
131.93582413610008 258.48047196095195
133.06066545009875 257.3556306469533
134.18550676409743 256.6057364376208
135.68529518276233 255.85584222828837
136.06024228742857 254.73100091428967
136.4351893920948 253.60615960029102
136.810136496761 252.48131828629232
136.810136496761 251.35647697229362
137.18508360142727 250.23163565829498
137.93497781075973 249.10679434429625
138.68487202009214 247.98195303029757
139.80971333409084 247.23205882096514
138.68487202009214 246.48216461163267
137.56003070609347 246.48216461163267
136.4351893920948 246.48216461163267
135.31034807809613 246.48216461163267
134.18550676409743 246.48216461163267
133.06066545009875 246.48216461163267
131.93582413610008 246.48216461163267
130.81098282210132 246.48216461163267
129.68614150810268 246.48216461163267
128.561300194104 246.48216461163267
127.43645888010533 247.23205882096514
126.31161756610663 247.60700592563134
125.18677625210796 248.35690013496378
124.4368820427755 249.48174144896248
123.31204072877682 250.23163565829498
122.18719941477815 250.9815298676274
121.43730520544568 252.10637118162606
120.31246389144701 252.85626539095855
119.18762257744825 252.85626539095855
118.06278126344958 253.60615960029102
116.93793994945091 253.98110670495723
115.81309863545223 253.98110670495723
114.68825732145356 253.2312124956248
113.56341600745489 252.10637118162606
112.81352179812242 250.9815298676274
111.68868048412375 249.85668855362871
110.93878627479131 248.73184723963004
110.56383917012505 247.23205882096514
110.18889206545884 246.10721750696644
109.81394496079261 244.9823761929678
109.43899785612638 243.85753487896906
109.43899785612638 242.35774646030416
109.06405075146017 241.23290514630548
108.3141565421277 240.10806383230678
107.18931522812903 238.98322251830814
106.8143681234628 237.85838120430938
106.43942101879651 236.73353989031074
106.43942101879651 235.60869857631204
106.43942101879651 234.48385726231336
106.43942101879651 233.35901594831466
106.43942101879651 232.23417463431602
106.43942101879651 231.10933332031732
106.43942101879651 229.98449200631867
106.8143681234628 228.85965069231995
107.56426233279524 227.73480937832127
107.56426233279524 226.6099680643226
107.56426233279524 225.11017964565764
107.56426233279524 223.98533833165897
107.56426233279524 222.8604970176603
107.56426233279524 221.73565570366162
107.56426233279524 220.61081438966295
107.56426233279524 219.48597307566425
107.56426233279524 218.36113176166555
107.9392094374615 217.23629044766687
107.9392094374615 215.73650202900194
107.9392094374615 214.6116607150033
107.9392094374615 213.4868194010046
108.3141565421277 212.36197808700595
108.68910364679391 211.23713677300722
108.68910364679391 210.11229545900852
nb_points_on_contour: 58
301.64697765363894 280.0341424038956
300.3101012464383 278.697265996695
298.9732248392377 277.80601505856123
298.081973901104 276.4691386513606
296.74509749390336 275.5778877132269
295.4082210867027 274.6866367750931
294.0713446795021 273.7953858369594
292.2888428032346 272.4585094297588
290.951966396034 271.567258491625
289.61508998883335 270.6760075534913
288.2782135816327 270.6760075534913
286.9413371744321 270.6760075534913
285.60446076723156 270.6760075534913
284.2675843600309 270.6760075534913
282.9307079528303 270.6760075534913
281.59383154562966 272.01288396069185
280.256955138429 273.3497603678925
279.36570420029534 274.6866367750931
278.47445326216155 276.02351318229375
277.1375768549609 276.91476412042755
276.24632591682723 278.25164052762807
274.9094495096265 279.14289146576186
273.57257310242596 280.0341424038956
273.1269476333591 281.37101881109623
273.1269476333591 282.7078952182968
272.68132216429217 284.04477162549745
272.68132216429217 285.3816480326981
272.68132216429217 286.7185244398987
272.68132216429217 288.05540084709935
272.68132216429217 289.3922772543
272.68132216429217 290.72915366150056
272.68132216429217 292.0660300687012
272.68132216429217 293.4029064759018
272.68132216429217 294.7397828831024
273.57257310242596 296.07665929030304
274.9094495096265 297.4135356975037
276.24632591682723 298.30478663563736
277.58320232402787 298.30478663563736
278.9200787312284 298.30478663563736
280.256955138429 297.4135356975037
281.59383154562966 296.5222847593699
282.48508248376345 295.18540835216925
283.8219588909641 294.7397828831024
285.1588352981646 294.29415741403557
286.49571170536524 293.84853194496867
287.8325881125659 293.84853194496867
289.61508998883335 293.84853194496867
290.951966396034 292.95728100683493
291.8432173341678 291.6204045996343
292.2888428032346 290.28352819243366
293.1800937413683 288.94665178523303
294.51697014856893 287.60977537803245
295.8538465557697 286.7185244398987
296.74509749390336 285.3816480326981
298.081973901104 284.93602256363124
299.4188503083045 283.5991461564306
300.3101012464383 282.26226974923
300.3101012464383 280.92539334202934
slice_number: 12
nb_points_on_contour: 75
192.3023079873628 253.98110670495723
191.17746667336414 253.2312124956248
190.05262535936546 252.85626539095855
188.55283694070047 252.48131828629232
187.4279956267018 252.48131828629232
186.30315431270313 252.85626539095855
185.17831299870443 253.98110670495723
184.80336589403814 255.48089512362213
184.0534716847057 256.6057364376208
183.30357747537323 258.1055248562857
182.92863037070703 259.23036617028447
182.17873616137456 260.3552074842831
181.42884195204212 261.4800487982818
180.67894774270968 262.6048901122805
179.554106428711 263.3547843216129
178.0543180100461 264.10467853094536
176.92947669604743 264.47962563561157
175.80463538204873 264.85457274027783
175.08934443864703 266.2197528628226
173.75246803144643 266.2197528628226
172.41559162424585 266.2197528628226
171.07871521704524 266.2197528628226
170.1874642789115 267.55662927002317
170.1874642789115 268.8935056772238
170.63308974797832 270.2303820844244
170.63308974797832 271.567258491625
171.07871521704524 272.90413489882565
171.5243406861121 274.2410113060263
171.969966155179 275.5778877132269
171.969966155179 276.91476412042755
171.969966155179 278.25164052762807
171.969966155179 279.5885169348287
171.969966155179 280.92539334202934
171.969966155179 282.26226974923
171.969966155179 283.5991461564306
171.969966155179 284.93602256363124
171.5243406861121 286.2728989708318
171.5243406861121 287.60977537803245
172.8050585447189 288.4762403342502
174.30484696338382 288.1012932295839
175.80463538204873 287.72634612491777
177.30442380071364 286.97645191558524
179.1791593240448 286.60150481091904
180.67894774270968 285.8516106015866
181.80378905670833 285.4766634969204
182.92863037070703 285.10171639225416
184.0534716847057 284.35182218292164
185.55326010337066 283.9768750782555
187.05304852203557 283.22698086892296
188.17788983603427 282.1021395549243
189.30273115003288 281.7271924502581
190.42757246403156 280.9772982409256
191.55241377803034 279.85245692692695
192.67725509202901 279.10256271759454
194.1770435106939 277.9777214035958
195.30188482469256 276.8528800895971
195.67683192935877 275.7280387755984
195.14249054665632 274.6866367750931
196.47936695385695 274.2410113060263
196.47936695385695 272.90413489882565
195.58811601572322 271.567258491625
194.25123960852258 271.567258491625
193.35998867038884 270.2303820844244
193.35998867038884 268.8935056772238
193.35998867038884 267.55662927002317
194.25123960852258 266.2197528628226
194.69686507758948 264.88287645562195
194.69686507758948 263.5460000484213
194.69686507758948 262.2091236412207
194.69686507758948 260.87224723402005
194.69686507758948 259.5353708268194
194.69686507758948 258.19849441961884
194.69686507758948 256.8616180124182
194.69686507758948 255.5247416052176
194.69686507758948 254.18786519801696
nb_points_on_contour: 129
156.68233304407104 229.60954490165238
156.68233304407104 228.4847035876537
156.68233304407104 227.35986227365504
155.48182379970473 225.66783517773715
154.1449473925041 225.66783517773715
152.8080709853034 225.66783517773715
151.4711945781028 225.66783517773715
150.1343181709022 225.66783517773715
148.7974417637016 225.66783517773715
147.460565356501 225.66783517773715
146.1236889493004 225.66783517773715
144.7868125420998 225.66783517773715
143.44993613489908 225.66783517773715
142.11305972769853 226.113460646804
140.33055785143102 227.00471158493775
138.99368144423042 228.34158799213833
137.6568050370298 229.23283893027212
136.31992862982918 229.23283893027212
134.98305222262857 229.23283893027212
133.64617581542788 229.67846439933896
132.30929940822728 230.12408986840586
130.9724230010267 231.0153408065396
129.6355465938261 232.3522172137402
128.2986701866255 233.68909362094084
126.96179377942485 234.1347190900077
125.62491737222416 235.02597002814144
124.28804096502355 235.02597002814144
123.39679002688987 233.68909362094084
122.50553908875605 232.3522172137402
121.61428815062237 231.0153408065396
121.61428815062237 229.67846439933896
121.61428815062237 228.34158799213833
120.27741174342177 227.45033705400462
118.94053533622116 227.00471158493775
117.60365892902055 225.66783517773715
116.26678252181983 224.77658423960338
115.82115705275305 223.43970783240275
111.81052783115112 222.9940823633359
110.47365142395051 222.9940823633359
109.13677501674988 222.9940823633359
107.79989860954927 223.43970783240275
106.46302220234864 224.3309587705365
106.01739673328177 225.66783517773715
105.12614579514803 227.00471158493775
105.12614579514803 228.34158799213833
105.12614579514803 229.67846439933896
105.12614579514803 231.0153408065396
105.12614579514803 232.3522172137402
105.12614579514803 233.68909362094084
105.12614579514803 235.02597002814144
105.5717712642149 236.36284643534208
105.5717712642149 237.69972284254268
105.5717712642149 239.03659924974332
105.5717712642149 240.37347565694392
105.5717712642149 241.71035206414456
106.01739673328177 243.04722847134516
106.01739673328177 244.3841048785458
106.90864767141551 245.7209812857464
107.3542731404824 247.05785769294704
107.79989860954927 248.39473410014764
107.79989860954927 249.73161050734828
107.79989860954927 251.06848691454888
107.79989860954927 252.40536332174952
107.79989860954927 253.74223972895012
107.79989860954927 255.07911613615076
107.79989860954927 256.41599254335136
107.79989860954927 257.75286895055194
108.69114954768301 259.0897453577526
109.13677501674988 260.4266217649532
110.47365142395051 261.317872703087
110.91927689301738 262.6547491102876
112.25615330021799 263.5460000484213
113.14740423835173 264.88287645562195
114.03865517648549 266.2197528628226
115.3755315836861 267.55662927002317
116.26678252181983 268.8935056772238
117.6036589290205 270.2303820844244
118.9405353362211 271.567258491625
120.27741174342171 272.4585094297588
121.61428815062231 272.01288396069185
121.61428815062231 270.6760075534913
121.16866268155545 269.33913114629064
121.16866268155545 268.00225473909006
121.16866268155545 266.6653783318894
121.16866268155545 265.3285019246888
120.72303721248855 263.9916255174882
119.83178627435484 262.6547491102876
119.38616080528794 261.317872703087
119.38616080528794 259.98099629588637
119.38616080528794 258.64411988868574
118.9405353362211 257.3072434814851
118.4949098671542 255.9703670742845
117.6036589290205 254.63349066708386
116.71240799088673 253.29661425988326
116.71240799088673 251.95973785268262
115.3755315836861 251.06848691454888
115.3755315836861 249.28598503828138
116.71240799088676 248.39473410014764
117.60365892902053 247.05785769294704
118.94053533622113 246.1666067548133
120.27741174342174 245.7209812857464
121.61428815062234 245.2753558166795
122.95116455782298 244.82973034761267
124.28804096502355 244.3841048785458
125.62491737222416 244.3841048785458
126.96179377942482 244.3841048785458
128.29867018662546 244.3841048785458
129.63554659382606 244.3841048785458
130.97242300102667 244.3841048785458
132.30929940822728 244.3841048785458
133.64617581542788 244.3841048785458
134.98305222262854 244.3841048785458
136.31992862982915 244.3841048785458
137.65680503702978 244.3841048785458
138.9936814442304 243.9384794094789
140.330557851431 243.9384794094789
141.6674342586316 243.9384794094789
143.00431066583226 243.9384794094789
144.34118707303287 243.9384794094789
145.67806348023348 243.9384794094789
147.01493988743408 243.9384794094789
148.3518162946347 243.9384794094789
150.1343181709022 243.9384794094789
151.4711945781028 243.9384794094789
152.8080709853034 243.9384794094789
153.30780910207503 242.35774646030416
154.05770331140747 241.23290514630548
154.4326504160737 240.10806383230678
155.55749173007237 239.35816962297432
nb_points_on_contour: 229
327.2832656672048 198.11398810968925
326.9083185625385 196.61419969102434
325.78347724853995 195.1144112723594
325.4085301438737 193.9895699583607
324.6586359345413 192.48978153969583
324.3738765760495 191.8002995286548
323.92825110698254 190.46342312145416
323.03700016884886 189.12654671425355
322.5913746997819 187.78967030705292
321.70012376164823 186.4527938998523
321.2544982925814 185.11591749265168
320.3632473544476 183.7790410854511
319.4719964163139 182.44216467825046
318.5807454781801 181.10528827104986
318.13512000911317 179.76841186384922
317.2438690709795 178.43153545664862
316.79824360191265 177.09465904944798
315.90699266377885 175.75778264224738
315.461367194712 174.42090623504674
314.5701162565782 173.08402982784614
313.2332398493777 172.1927788897124
311.89636344217695 172.1927788897124
310.5594870349764 172.1927788897124
309.2226106277758 173.08402982784614
307.88573422057516 173.97528076597987
306.5488578133745 175.75778264224738
306.1032323443077 177.09465904944798
305.65760687524073 178.43153545664862
305.65760687524073 179.76841186384922
305.2119814061739 181.10528827104986
305.2119814061739 182.44216467825046
305.2119814061739 183.7790410854511
305.2119814061739 185.11591749265168
305.2119814061739 186.4527938998523
305.2119814061739 187.78967030705292
305.2119814061739 189.12654671425355
305.2119814061739 190.46342312145416
305.2119814061739 191.8002995286548
305.2119814061739 193.1371759358554
305.65760687524073 194.47405234305603
305.65760687524073 195.81092875025664
305.65760687524073 197.14780515745727
306.1032323443077 198.48468156465788
306.1032323443077 199.8215579718585
307.4401087515083 200.71280890999225
308.77698515870895 201.60405984812598
308.5359104338937 202.613353365684
308.5359104338937 203.73819467968266
308.5359104338937 204.86303599368136
308.16096332922757 206.36282441234624
308.16096332922757 207.48766572634494
308.16096332922757 208.61250704034364
307.7860162245613 209.73734835434232
307.7860162245613 210.862189668341
307.7860162245613 211.98703098233966
307.41106911989505 213.11187229633836
307.41106911989505 214.23671361033706
307.0361220152289 216.1114491336682
306.66117491056264 217.23629044766687
306.66117491056264 218.73607886633184
306.2862278058965 220.23586728499666
306.2862278058965 221.36070859899536
305.9112807012302 222.4855499129941
305.9112807012302 223.98533833165897
305.53633359656396 225.4851267503239
305.53633359656396 227.35986227365504
305.1613864918977 228.4847035876537
305.1613864918977 229.98449200631867
305.1613864918977 231.48428042498355
305.1613864918977 232.9840688436485
305.1613864918977 234.10891015764713
305.1613864918977 235.23375147164583
305.1613864918977 237.10848699497694
305.1613864918977 238.23332830897567
305.1613864918977 239.35816962297432
305.1613864918977 240.48301093697302
305.1613864918977 241.6078522509717
304.7864393872311 242.7326935649704
306.1032323443079 244.3841048785458
306.54885781337464 245.7209812857464
307.88573422057516 246.61223222388014
308.77698515870907 247.94910863108075
310.1138615659097 248.39473410014764
311.0051125040436 249.73161050734828
312.34198891124413 250.622861445482
313.23323984937804 251.95973785268262
314.57011625657856 252.40536332174952
315.461367194712 253.74223972895012
315.9069926637792 255.07911613615076
315.9069926637792 256.41599254335136
315.461367194712 257.75286895055194
315.0157417256453 259.0897453577526
314.57011625657856 260.4266217649532
313.23323984937804 261.76349817215385
311.89636344217695 262.6547491102876
311.0051125040436 263.9916255174882
309.668236096843 264.43725098655506
308.33135968964234 265.3285019246888
306.99448328244137 266.6653783318894
306.54885781337464 268.00225473909006
306.1032323443079 269.33913114629064
306.1032323443079 270.6760075534913
305.65760687524073 272.01288396069185
304.7663559371074 273.3497603678925
303.42947952990676 274.2410113060263
302.53822859177285 275.5778877132269
301.20135218457233 276.02351318229375
300.3101012464384 277.3603895894944
298.9732248392378 278.25164052762807
297.63634843203727 279.14289146576186
296.29947202483675 279.14289146576186
294.9625956176361 278.697265996695
293.6257192104356 278.25164052762807
292.28884280323496 278.25164052762807
290.9519663960343 278.25164052762807
289.61508998883335 278.25164052762807
288.2782135816327 278.25164052762807
286.9413371744321 278.25164052762807
285.60446076723156 278.25164052762807
284.2675843600309 278.25164052762807
282.9307079528303 278.25164052762807
281.59383154562966 278.25164052762807
280.25695513842913 278.25164052762807
278.9200787312285 277.80601505856123
277.583202324028 277.80601505856123
276.24632591682735 278.697265996695
274.9094495096265 278.697265996695
273.5725731024262 279.5885169348287
272.23569669522533 280.92539334202934
270.8988202880247 282.26226974923
270.8988202880247 283.5991461564306
270.8988202880247 284.93602256363124
270.45319481895785 286.2728989708318
270.45319481895785 287.60977537803245
270.45319481895785 288.94665178523303
270.8988202880247 290.28352819243366
271.7910941766031 289.9760287529151
272.9159354906018 290.3509758575813
274.04077680460045 290.3509758575813
275.5405652232654 290.3509758575813
277.0403536419302 290.3509758575813
278.91508916526163 290.3509758575813
280.41487758392657 290.7259229622475
281.53971889792524 291.1008700669138
282.6645602119239 291.47581717158005
284.5392957352551 291.47581717158005
285.6641370492538 291.8507642762462
287.1639254679186 291.8507642762462
288.66371388658354 291.8507642762462
289.7885552005822 291.8507642762462
291.6632907239133 291.8507642762462
293.1630791425782 291.8507642762462
294.2879204565768 291.47581717158005
295.41276177057546 290.7259229622475
296.53760308457413 290.3509758575813
298.03739150323906 289.22613454358265
299.16223281723774 288.4762403342502
300.2870741312364 287.72634612491777
301.4119154452351 287.3513990202515
302.53675675923375 286.60150481091904
303.6615980732324 285.8516106015866
304.7864393872311 285.10171639225416
305.9112807012302 284.35182218292164
306.66117491056264 283.22698086892296
307.7860162245613 282.47708665959055
308.91085753856 281.7271924502581
310.03569885255865 280.9772982409256
310.78559306189106 279.85245692692695
311.91043437588974 278.352668508262
312.66032858522215 277.22782719426334
313.7851698992208 276.10298588026467
314.9100112132195 274.60319746159973
316.03485252721816 273.1034090429348
316.7847467365506 271.9785677289361
317.5346409458831 270.10383220560504
317.90958805054925 268.6040437869401
318.65948225988177 267.47920247294144
319.4093764692142 265.9794140542765
320.1592706785466 264.85457274027783
320.53421778321285 263.72973142627916
320.909164887879 262.2299430076142
322.1457492307153 261.76349817215385
323.0370001688491 260.4266217649532
324.3738765760497 259.0897453577526
324.81950204511656 257.75286895055194
325.71075298325036 256.41599254335136
326.6020039213838 255.07911613615076
327.4932548595177 253.74223972895012
328.3845057976515 252.40536332174952
328.3845057976515 251.06848691454888
328.3845057976515 249.73161050734828
328.3845057976515 248.39473410014764
328.3845057976515 247.05785769294704
328.3845057976515 245.7209812857464
328.83013126671824 244.3841048785458
329.2757567357853 243.04722847134516
329.72138220485215 241.71035206414456
329.72138220485215 240.37347565694392
329.72138220485215 239.03659924974332
329.72138220485215 237.69972284254268
330.61263314298594 236.36284643534208
331.0582586120528 235.02597002814144
331.0582586120528 233.68909362094084
331.0582586120528 232.3522172137402
331.0582586120528 231.0153408065396
331.0582586120528 229.67846439933896
331.5038840811194 228.34158799213833
331.5038840811194 227.00471158493775
331.5038840811194 225.66783517773715
331.5038840811194 224.3309587705365
331.5038840811194 222.9940823633359
331.5038840811194 221.65720595613527
331.5038840811194 220.32032954893467
331.5038840811194 218.98345314173403
332.3951350192533 217.64657673453343
331.94950955018646 216.3097003273328
331.05825861205267 214.97282392013219
330.1670076739189 213.63594751293155
330.1670076739189 212.29907110573095
330.1670076739189 210.9621946985303
330.1670076739189 209.6253182913297
330.1670076739189 208.28844188412907
330.1670076739189 206.95156547692847
330.1670076739189 205.61468906972783
330.1670076739189 204.27781266252723
329.2757567357853 202.94093625532665
328.3845057976515 201.60405984812598
327.9388803285847 200.2671834409254
327.0476293904509 198.93030703372474
nb_points_on_contour: 93
143.895561603966 213.63594751293155
145.23243801116658 214.08157298199842
147.01493988743408 214.08157298199842
148.3518162946347 214.08157298199842
149.6886927018353 214.08157298199842
151.025569109036 214.08157298199842
152.36244551623665 214.08157298199842
153.69932192343725 214.08157298199842
155.03619833063783 214.08157298199842
156.3730747378384 214.08157298199842
157.709951145039 214.08157298199842
159.04682755223973 214.08157298199842
160.38370395944034 214.08157298199842
161.72058036664097 214.08157298199842
163.05745677384155 213.63594751293155
163.05745677384155 212.29907110573095
163.05745677384155 210.9621946985303
161.72058036664097 209.6253182913297
160.38370395944034 208.28844188412907
159.49245302130652 206.95156547692847
158.60120208317286 205.61468906972783
157.709951145039 204.27781266252723
157.709951145039 202.94093625532665
157.709951145039 201.60405984812598
157.709951145039 200.2671834409254
157.709951145039 198.93030703372474
157.709951145039 197.59343062652417
157.709951145039 196.2565542193235
157.709951145039 194.91967781212293
157.26432567597223 193.58280140492226
156.81870020690536 192.2459249977217
156.81870020690536 190.90904859052102
156.81870020690536 189.57217218332045
156.3730747378384 188.2352957761198
155.03619833063783 187.34404483798605
153.69932192343725 186.8984193689192
152.36244551623665 186.8984193689192
151.025569109036 187.78967030705292
149.6886927018353 188.6809212451867
148.3518162946347 190.0177976523873
147.01493988743408 190.90904859052102
146.12368894930043 192.2459249977217
145.67806348023353 193.58280140492226
144.78681254209982 195.36530328118977
143.44993613489908 196.70217968839037
142.55868519676542 198.039056095591
141.22180878956482 198.48468156465788
139.88493238236416 199.8215579718585
138.5480559751635 199.8215579718585
137.2111795679629 200.2671834409254
135.87430316076228 200.2671834409254
134.53742675356168 200.71280890999225
133.20055034636104 201.15843437905912
131.86367393916044 201.60405984812598
130.52679753195977 201.60405984812598
129.1899211247592 201.60405984812598
127.85304471755856 201.60405984812598
126.51616831035795 201.60405984812598
125.17929190315735 201.60405984812598
123.84241549595671 201.60405984812598
122.50553908875605 201.60405984812598
121.16866268155547 202.49531078625972
119.38616080528794 202.49531078625972
119.38616080528794 203.83218719346036
119.38616080528794 205.16906360066096
119.38616080528794 206.5059400078616
118.04928439808734 207.39719094599533
116.71240799088673 208.73406735319597
115.821157052753 210.07094376039657
114.48428064555239 210.9621946985303
113.59302970741868 212.7446965747978
114.92990611461926 213.19032204386468
116.71240799088679 214.08157298199842
118.04928439808737 214.52719845106535
119.38616080528794 214.97282392013219
120.72303721248855 215.41844938919905
122.05991361968927 216.3097003273328
123.39679002688987 216.75532579639966
124.73366643409048 217.64657673453343
126.07054284129109 217.64657673453343
127.40741924849166 217.64657673453343
128.74429565569235 218.09220220360027
130.52679753195977 218.53782767266716
131.86367393916046 218.53782767266716
133.64617581542788 218.53782767266716
134.98305222262857 218.53782767266716
136.31992862982918 218.53782767266716
137.6568050370298 218.09220220360027
138.99368144423042 217.64657673453343
140.33055785143102 217.20095126546653
141.2218087895648 215.86407485826592
141.2218087895648 214.52719845106535
142.11305972769853 213.19032204386468
slice_number: 14
nb_points_on_contour: 63
286.7889783632522 274.978144566266
286.0390841539198 273.8533032522673
285.2891899445873 272.72846193826865
284.5392957352549 271.6036206242699
283.4144544212562 270.85372641493746
282.0394570146965 270.6760075534913
280.70258060749586 270.6760075534913
279.36570420029534 270.6760075534913
278.0288277930947 270.6760075534913
276.6919513858941 270.6760075534913
275.35507497869344 270.6760075534913
274.0181985714928 270.6760075534913
272.68132216429217 271.12163302255817
271.34444575709165 272.01288396069185
270.8988202880247 273.3497603678925
269.56194388082406 274.2410113060263
268.2250674736234 274.6866367750931
266.8881910664229 275.5778877132269
265.55131465922227 275.5778877132269
264.21443825202164 276.02351318229375
264.6670991879447 277.6027742989296
264.29215208327855 278.7276156129283
264.29215208327855 279.85245692692695
264.29215208327855 281.3522453455919
264.29215208327855 282.47708665959055
265.04204629261096 283.9768750782555
265.7919405019434 285.4766634969204
266.5418347112759 286.97645191558524
267.2917289206083 288.1012932295839
268.04162312994083 289.60108164824885
268.79151733927324 291.47581717158005
269.54141154860577 292.9756055902449
270.2913057579382 294.10044690424365
271.0411999672706 295.2252882182423
272.16604128126926 296.72507663690726
272.9159354906018 297.8499179509059
274.4157239092666 298.2248650555721
275.5405652232654 298.9747592649046
276.66540653726406 298.9747592649046
277.79024785126273 298.9747592649046
279.29003626992755 298.59981216023834
280.41487758392634 297.47497084623967
281.539718897925 296.72507663690726
282.6645602119237 295.97518242757474
283.7894015259225 295.6002353229085
284.91424283992103 295.2252882182423
286.0390841539198 294.4753940089098
287.1639254679185 294.10044690424365
288.28876678191716 292.9756055902449
289.7885552005821 291.8507642762462
290.5384494099145 290.7259229622475
290.5384494099145 289.60108164824885
290.91339651458077 288.1012932295839
291.2883436192469 286.97645191558524
291.6632907239132 285.4766634969204
291.6632907239132 283.9768750782555
291.6632907239132 282.47708665959055
291.6632907239132 280.60235113625936
290.5384494099145 279.10256271759454
289.7885552005821 277.6027742989296
289.03866099124957 276.47793298493093
288.28876678191716 275.3530916709322
287.9138196772509 274.22825035693353
slice_number: 15
nb_points_on_contour: 129
343.09014627685815 218.98345314173403
343.09014627685815 217.64657673453343
343.09014627685815 216.3097003273328
343.09014627685815 214.97282392013219
343.09014627685815 213.63594751293155
343.09014627685815 212.29907110573095
343.09014627685815 210.9621946985303
343.09014627685815 209.6253182913297
343.09014627685815 208.28844188412907
343.09014627685815 206.95156547692847
343.09014627685815 205.61468906972783
343.535771745925 204.27781266252723
343.535771745925 202.94093625532662
343.535771745925 201.60405984812598
342.19889533872436 201.60405984812598
340.8620189315237 201.60405984812598
339.5251425243231 201.60405984812598
338.18826611712257 202.49531078625972
337.2970151789888 203.83218719346036
336.405764240855 205.16906360066096
335.5145133027212 206.5059400078616
334.6232623645875 207.8428164150622
333.28638595738687 208.28844188412907
331.94950955018635 209.17969282226284
331.05825861205255 210.51656922946344
329.7213822048519 211.40782016759718
328.3845057976513 212.7446965747978
327.04762939045065 213.63594751293155
325.71075298325013 214.97282392013219
324.3738765760495 215.86407485826592
323.03700016884886 217.20095126546653
322.14574923071507 218.53782767266716
320.80887282351443 218.98345314173403
319.4719964163139 219.87470407986777
318.13512000911317 220.32032954893467
316.79824360191265 220.32032954893467
315.461367194712 220.32032954893467
314.1244907875114 220.32032954893467
312.78761438031074 220.32032954893467
311.4507379731101 221.2115804870684
310.1138615659095 221.65720595613527
308.77698515870895 222.548456894269
307.88573422057516 223.88533330146964
306.99448328244137 225.22220970867025
305.65760687524073 226.55908611587088
304.3207304680402 227.45033705400462
302.9838540608396 228.78721346120523
301.64697765363894 229.23283893027212
300.3101012464383 230.56971533747273
298.9732248392377 231.46096627560647
297.63634843203704 231.90659174467336
296.2994720248365 232.7978426828071
295.4082210867027 234.1347190900077
294.9625956176359 235.47159549720834
294.0713446795021 236.80847190440895
293.1800937413683 238.14534831160958
293.1800937413683 239.4822247188102
293.1800937413683 240.81910112601082
293.1800937413683 242.15597753321143
293.1800937413683 243.49285394041206
293.1800937413683 244.82973034761267
293.1800937413683 246.1666067548133
293.62571921043525 247.50348316201388
293.62571921043525 248.84035956921448
294.0713446795021 250.17723597641512
294.51697014856893 251.51411238361572
295.4082210867027 252.85098879081636
296.74509749390336 253.29661425988326
298.081973901104 253.29661425988326
299.4188503083045 253.74223972895012
300.75572671550515 253.74223972895012
302.0926031227059 254.18786519801696
303.4294795299064 254.18786519801696
304.76635593710705 254.18786519801696
306.1032323443077 254.63349066708386
307.4401087515083 254.63349066708386
308.77698515870895 254.63349066708386
310.1138615659095 254.63349066708386
311.4507379731101 254.63349066708386
312.78761438031074 254.63349066708386
314.1244907875114 254.63349066708386
315.461367194712 254.63349066708386
316.79824360191265 254.63349066708386
318.5807454781801 254.63349066708386
319.91762188538075 254.63349066708386
321.2544982925814 254.63349066708386
322.5913746997819 254.63349066708386
323.4826256379157 253.29661425988326
324.3738765760495 251.95973785268262
325.2651275141832 250.622861445482
326.6020039213838 249.73161050734828
327.4932548595176 248.39473410014764
328.8301312667181 247.50348316201388
330.6126331429857 247.05785769294704
331.94950955018635 246.1666067548133
332.84076048832003 244.82973034761267
333.28638595738687 243.49285394041206
333.7320114264538 242.15597753321143
333.7320114264538 240.81910112601082
332.84076048832003 239.4822247188102
331.5038840811194 238.59097378067642
330.16700767391876 237.69972284254268
328.8301312667181 236.80847190440895
327.4932548595176 236.80847190440895
326.15637845231697 236.36284643534208
324.81950204511634 235.9172209662752
323.92825110698254 234.5803445590746
323.03700016884886 233.24346815187397
322.5913746997819 231.90659174467336
322.5913746997819 230.56971533747273
322.5913746997819 229.23283893027212
322.5913746997819 227.8959625230715
323.4826256379157 226.55908611587088
323.92825110698254 225.22220970867025
324.81950204511634 223.88533330146964
325.71075298325013 222.548456894269
327.04762939045065 221.2115804870684
328.3845057976513 220.7659550180015
329.7213822048519 220.7659550180015
331.05825861205255 220.7659550180015
332.3951350192532 220.7659550180015
333.7320114264538 220.7659550180015
335.06888783365434 220.7659550180015
336.405764240855 220.7659550180015
337.7426406480556 220.7659550180015
339.07951705525625 220.7659550180015
340.4163934624569 220.7659550180015
341.7532698696575 220.7659550180015
343.09014627685815 220.32032954893467
slice_number: 16
nb_points_on_contour: 63
117.6036589290205 258.19849441961884
118.04928439808734 256.8616180124182
118.9405353362211 255.5247416052176
119.83178627435484 254.18786519801696
121.16866268155545 253.29661425988326
122.05991361968921 251.95973785268262
122.95116455782295 250.622861445482
123.39679002688982 249.28598503828138
123.84241549595669 247.94910863108075
123.84241549595669 246.61223222388014
123.84241549595669 245.2753558166795
123.39679002688982 243.9384794094789
122.05991361968921 242.60160300227827
120.72303721248855 241.71035206414456
119.83178627435484 240.37347565694392
118.4949098671542 239.03659924974332
117.1580334599536 238.14534831160958
115.821157052753 237.25409737347584
114.03865517648549 236.80847190440895
112.70177876928489 235.9172209662752
111.81052783115112 234.5803445590746
110.47365142395051 233.68909362094084
109.13677501674988 232.7978426828071
107.79989860954927 231.46096627560647
106.46302220234864 230.56971533747273
105.12614579514803 229.67846439933896
103.7892693879474 228.78721346120523
102.4523929807468 228.34158799213833
101.11551657354619 228.34158799213833
99.77864016634555 228.34158799213833
98.44176375914492 228.34158799213833
97.10488735194431 228.78721346120523
95.76801094474371 228.78721346120523
94.43113453754307 229.23283893027212
93.53988359940934 230.56971533747273
93.09425813034247 231.90659174467336
92.6486326612756 233.24346815187397
92.6486326612756 234.5803445590746
92.6486326612756 235.9172209662752
92.6486326612756 237.25409737347584
92.6486326612756 238.59097378067642
92.6486326612756 239.92785018787703
92.6486326612756 241.26472659507766
92.6486326612756 242.60160300227827
92.6486326612756 243.9384794094789
92.6486326612756 245.2753558166795
92.6486326612756 246.61223222388014
93.53988359940934 247.94910863108075
94.87676000660997 248.84035956921448
95.32238547567681 250.17723597641512
96.65926188287744 251.51411238361572
98.44176375914492 253.29661425988326
99.77864016634555 254.63349066708386
100.66989110447929 255.9703670742845
101.56114204261306 257.3072434814851
102.89801844981366 258.19849441961884
104.2348948570143 258.64411988868574
105.5717712642149 258.64411988868574
106.90864767141551 258.64411988868574
108.24552407861614 258.64411988868574
109.58240048581678 257.75286895055194
110.91927689301738 257.75286895055194
112.25615330021799 257.75286895055194
nb_points_on_contour: 39
93.0942581303425 208.73406735319597
94.4311345375431 208.73406735319597
95.76801094474371 208.73406735319597
96.2136364138106 207.39719094599533
97.55051282101121 206.06031453879473
97.99613829007811 204.7234381315941
98.44176375914492 203.3865617243935
99.77864016634558 202.04968531719285
101.11551657354622 200.71280890999225
102.45239298074682 199.3759325027916
103.34364391888053 198.039056095591
103.78926938794743 196.70217968839037
103.78926938794743 195.36530328118977
103.78926938794743 194.02842687398913
103.78926938794743 192.69155046678853
103.34364391888053 191.35467405958795
102.00676751167993 190.46342312145416
101.11551657354622 189.12654671425355
99.77864016634558 188.6809212451867
98.44176375914492 187.78967030705292
97.10488735194431 187.78967030705292
95.32238547567681 188.2352957761198
94.43113453754307 189.57217218332045
93.53988359940934 190.90904859052102
93.09425813034247 192.24592499772166
92.2030071922087 193.58280140492226
91.75738172314186 194.9196778121229
90.8661307850081 196.2565542193235
89.52925437780749 197.14780515745727
88.63800343967375 198.48468156465788
88.19237797060686 199.8215579718585
88.19237797060686 201.15843437905912
88.19237797060686 202.49531078625972
88.19237797060686 203.83218719346036
88.19237797060686 205.16906360066096
88.19237797060686 206.5059400078616
89.0836289087406 207.8428164150622
90.4205053159412 208.73406735319597
91.75738172314186 208.73406735319597
nb_points_on_contour: 51
346.6551500293931 229.67846439933896
346.6551500293931 228.34158799213833
346.6551500293931 227.00471158493775
346.6551500293931 225.66783517773715
346.6551500293931 224.3309587705365
346.20952456032626 222.9940823633359
346.20952456032626 221.65720595613527
346.20952456032626 220.32032954893467
346.20952456032626 218.98345314173403
346.20952456032626 217.64657673453343
346.20952456032626 216.3097003273328
346.20952456032626 214.97282392013219
346.20952456032626 213.63594751293155
346.20952456032626 212.29907110573095
346.20952456032626 210.9621946985303
346.20952456032626 209.6253182913297
346.20952456032626 208.28844188412907
346.20952456032626 206.95156547692847
344.8726481531256 206.5059400078616
343.535771745925 206.5059400078616
342.19889533872436 206.5059400078616
340.8620189315237 207.39719094599533
339.5251425243231 207.8428164150622
338.18826611712257 208.73406735319597
336.85138970992193 209.17969282226284
335.5145133027212 209.6253182913297
334.17763689552066 210.51656922946344
332.84076048832003 210.51656922946344
331.5038840811194 210.51656922946344
330.16700767391876 211.40782016759718
329.2757567357851 212.7446965747978
328.3845057976513 214.08157298199842
327.4932548595176 215.41844938919905
326.6020039213838 216.75532579639966
327.4932548595176 218.09220220360027
328.3845057976513 219.4290786108009
329.7213822048519 219.87470407986777
330.6126331429857 221.2115804870684
331.94950955018635 221.65720595613527
333.28638595738687 222.548456894269
334.6232623645875 223.43970783240275
335.96013877178814 224.3309587705365
337.2970151789888 224.77658423960338
338.6338915861894 224.77658423960338
339.97076799339004 225.66783517773715
341.30764440059056 226.55908611587088
342.6445208077912 227.00471158493775
343.98139721499183 227.45033705400462
345.31827362219246 227.45033705400462
346.6551500293931 227.8959625230715
347.99202643659373 228.78721346120523
nb_points_on_contour: 61
344.4270226840588 236.80847190440895
343.09014627685815 236.80847190440895
341.7532698696575 236.80847190440895
340.4163934624569 236.80847190440895
338.6338915861894 236.80847190440895
337.2970151789888 236.80847190440895
335.96013877178814 236.36284643534208
334.6232623645875 235.9172209662752
333.28638595738687 235.47159549720834
331.94950955018635 234.5803445590746
330.6126331429857 234.1347190900077
329.2757567357851 233.68909362094084
327.93888032858445 233.24346815187397
326.15637845231697 233.24346815187397
324.3738765760495 233.68909362094084
323.03700016884886 234.5803445590746
321.2544982925814 235.47159549720834
319.91762188538075 237.25409737347584
318.13512000911317 238.59097378067642
316.79824360191265 239.92785018787703
315.461367194712 240.37347565694392
314.1244907875114 240.81910112601082
312.78761438031074 240.81910112601082
311.4507379731101 240.81910112601082
310.1138615659095 240.81910112601082
308.77698515870895 241.26472659507766
308.331359689642 242.60160300227827
308.331359689642 243.9384794094789
308.77698515870895 245.2753558166795
308.77698515870895 246.61223222388014
309.2226106277758 247.94910863108075
309.66823609684263 249.28598503828138
310.5594870349764 250.622861445482
311.89636344217695 251.51411238361572
313.2332398493777 252.85098879081636
314.5701162565782 253.29661425988326
315.90699266377885 253.74223972895012
317.2438690709795 254.18786519801696
318.5807454781801 254.63349066708386
319.91762188538075 255.07911613615076
321.2544982925814 255.07911613615076
322.5913746997819 255.07911613615076
323.92825110698254 254.63349066708386
325.2651275141832 254.18786519801696
326.6020039213838 253.29661425988326
327.93888032858445 252.40536332174952
329.2757567357851 251.95973785268262
330.6126331429857 250.622861445482
331.94950955018635 249.28598503828138
333.28638595738687 248.39473410014764
334.17763689552066 247.05785769294704
335.5145133027212 246.61223222388014
336.85138970992193 246.61223222388014
338.18826611712257 246.61223222388014
339.5251425243231 246.61223222388014
340.8620189315237 246.61223222388014
342.19889533872436 246.1666067548133
342.6445208077912 244.82973034761267
343.09014627685815 243.49285394041206
343.09014627685815 242.15597753321143
343.09014627685815 240.81910112601082
nb_points_on_contour: 59
330.16700767391876 274.2410113060263
331.05825861205255 272.90413489882565
331.94950955018635 271.567258491625
332.3951350192532 270.2303820844244
332.3951350192532 268.8935056772238
332.3951350192532 267.55662927002317
332.3951350192532 266.2197528628226
332.3951350192532 264.88287645562195
332.3951350192532 263.5460000484213
331.94950955018635 262.2091236412207
330.6126331429857 261.317872703087
329.2757567357851 261.317872703087
327.93888032858445 261.317872703087
326.6020039213838 261.76349817215385
325.2651275141832 263.1003745793544
324.3738765760495 264.43725098655506
323.4826256379157 265.77412739375563
322.5913746997819 267.11100380095627
321.70012376164823 268.4478802081569
320.3632473544476 268.4478802081569
319.02637094724696 269.33913114629064
317.6894945400463 270.2303820844244
316.3526181328457 271.12163302255817
315.01574172564517 271.12163302255817
313.67886531844454 271.12163302255817
312.3419889112439 271.12163302255817
311.89636344217695 272.4585094297588
311.89636344217695 273.7953858369594
311.89636344217695 275.13226224416
311.89636344217695 276.4691386513606
311.4507379731101 277.80601505856123
311.4507379731101 279.14289146576186
311.4507379731101 280.4797678729625
311.4507379731101 281.81664428016313
311.4507379731101 283.15352068736377
311.4507379731101 284.49039709456434
311.4507379731101 285.827273501765
311.4507379731101 287.60977537803245
311.4507379731101 288.94665178523303
311.4507379731101 290.28352819243366
311.4507379731101 291.6204045996343
311.4507379731101 292.95728100683493
312.78761438031074 292.95728100683493
314.5701162565782 291.6204045996343
315.461367194712 290.28352819243366
316.79824360191265 288.94665178523303
318.13512000911317 288.05540084709935
319.4719964163139 287.16414990896556
320.3632473544476 285.827273501765
320.80887282351443 284.49039709456434
322.14574923071507 283.5991461564306
323.03700016884886 282.26226974923
323.4826256379157 280.92539334202934
324.3738765760495 279.5885169348287
325.71075298325013 278.697265996695
327.04762939045065 277.3603895894944
327.93888032858445 276.02351318229375
328.8301312667181 274.6866367750931
329.7213822048519 273.3497603678925
slice_number: 17
nb_points_on_contour: 122
341.7532698696575 262.2091236412207
341.7532698696575 260.87224723402005
341.7532698696575 259.5353708268194
341.7532698696575 258.19849441961884
341.7532698696575 256.8616180124182
341.7532698696575 255.5247416052176
341.7532698696575 254.18786519801696
342.6445208077912 252.85098879081636
343.09014627685815 251.51411238361572
343.535771745925 250.17723597641512
344.4270226840588 248.84035956921448
344.8726481531256 247.50348316201388
345.7638990912593 246.1666067548133
346.20952456032626 244.82973034761267
346.6551500293931 243.49285394041206
346.6551500293931 242.15597753321143
346.6551500293931 240.81910112601082
346.6551500293931 239.4822247188102
346.6551500293931 238.14534831160958
346.6551500293931 236.80847190440895
346.6551500293931 235.47159549720834
347.10077549845994 234.1347190900077
347.5464009675268 232.7978426828071
348.4376519056606 231.46096627560647
348.8832773747274 230.12408986840586
349.32890284379437 228.78721346120523
350.22015378192805 227.45033705400462
350.665779250995 226.113460646804
351.11140472006184 223.43970783240275
351.11140472006184 222.10283142520214
351.11140472006184 220.7659550180015
351.11140472006184 219.4290786108009
351.11140472006184 218.09220220360027
351.11140472006184 216.75532579639966
351.11140472006184 214.97282392013219
351.11140472006184 213.63594751293155
351.11140472006184 212.29907110573095
351.11140472006184 210.9621946985303
350.665779250995 209.6253182913297
349.32890284379437 209.17969282226284
347.99202643659373 209.17969282226284
346.6551500293931 209.17969282226284
345.31827362219246 209.17969282226284
343.98139721499183 209.17969282226284
342.6445208077912 209.17969282226284
340.8620189315237 209.17969282226284
339.5251425243231 209.17969282226284
338.18826611712257 209.17969282226284
336.85138970992193 209.17969282226284
335.5145133027212 209.17969282226284
334.17763689552066 209.17969282226284
332.84076048832003 210.07094376039657
331.5038840811194 210.9621946985303
330.16700767391876 212.29907110573095
328.8301312667181 213.19032204386468
328.3845057976513 214.52719845106532
327.4932548595176 215.86407485826592
326.6020039213838 217.20095126546653
326.6020039213838 218.53782767266716
327.93888032858445 218.98345314173403
329.2757567357851 218.98345314173403
330.6126331429857 218.98345314173403
331.94950955018635 219.4290786108009
333.28638595738687 219.87470407986777
334.6232623645875 220.32032954893467
335.96013877178814 220.32032954893467
337.2970151789888 220.32032954893467
338.6338915861894 221.2115804870684
339.5251425243231 222.548456894269
339.97076799339004 223.88533330146964
340.8620189315237 225.22220970867025
341.7532698696575 226.55908611587088
341.7532698696575 227.8959625230715
341.7532698696575 229.23283893027212
342.19889533872436 231.0153408065396
342.6445208077912 232.3522172137402
342.6445208077912 233.68909362094084
342.6445208077912 235.02597002814144
341.7532698696575 236.36284643534208
340.8620189315237 237.69972284254268
339.97076799339004 239.03659924974332
339.07951705525625 240.37347565694392
337.7426406480556 240.37347565694392
336.405764240855 240.37347565694392
335.06888783365434 240.37347565694392
333.7320114264538 240.37347565694392
332.3951350192532 240.37347565694392
331.05825861205255 240.37347565694392
329.7213822048519 240.37347565694392
328.3845057976513 241.26472659507766
327.04762939045065 242.60160300227827
325.71075298325013 243.9384794094789
324.3738765760495 245.2753558166795
323.03700016884886 246.61223222388014
322.14574923071507 247.94910863108075
320.80887282351443 249.28598503828138
320.3632473544476 250.622861445482
319.4719964163139 251.95973785268262
318.5807454781801 253.29661425988326
317.2438690709795 253.74223972895012
316.3526181328457 255.07911613615076
315.461367194712 256.8616180124182
315.461367194712 258.19849441961884
315.461367194712 259.5353708268194
316.3526181328457 261.317872703087
317.6894945400463 262.2091236412207
319.02637094724696 262.2091236412207
320.3632473544476 263.1003745793544
321.70012376164823 263.9916255174882
323.03700016884886 263.9916255174882
324.3738765760495 263.9916255174882
325.71075298325013 263.9916255174882
327.04762939045065 263.9916255174882
328.8301312667181 263.9916255174882
330.6126331429857 263.9916255174882
332.3951350192532 263.9916255174882
333.7320114264538 263.5460000484213
335.06888783365434 263.1003745793544
336.405764240855 263.1003745793544
337.7426406480556 262.6547491102876
339.07951705525625 262.2091236412207
340.4163934624569 262.2091236412207
slice_number: 18
nb_points_on_contour: 90
315.461367194712 255.9703670742845
317.2438690709798 255.07911613615076
318.58074547818035 254.18786519801696
319.91762188538087 253.74223972895012
321.70012376164823 252.85098879081636
323.0370001688492 251.95973785268262
324.37387657604984 250.622861445482
325.7107529832505 249.28598503828138
326.1563784523171 247.94910863108075
326.1563784523171 246.61223222388014
326.1563784523171 245.2753558166795
326.1563784523171 243.9384794094789
326.1563784523171 242.60160300227827
325.2651275141832 241.26472659507766
323.92825110698266 240.37347565694392
323.0370001688492 239.03659924974332
321.70012376164823 238.59097378067642
320.3632473544476 237.69972284254268
319.02637094724696 237.69972284254268
317.68949454004644 237.69972284254268
316.3526181328459 237.69972284254268
315.0157417256453 237.69972284254268
313.67886531844476 237.69972284254268
312.34198891124413 237.69972284254268
311.0051125040436 237.69972284254268
309.668236096843 237.69972284254268
307.88573422057516 237.69972284254268
306.1032323443079 237.69972284254268
304.3207304680402 237.69972284254268
302.9838540608396 237.69972284254268
301.64697765363894 237.69972284254268
300.3101012464384 238.14534831160958
298.9732248392378 238.59097378067642
297.19072296297054 239.03659924974332
295.85384655577 239.92785018787703
294.51697014856893 240.81910112601082
293.1800937413683 241.71035206414456
291.8432173341678 243.04722847134516
290.50634092696714 244.3841048785458
289.1694645197666 245.2753558166795
288.2782135816327 246.61223222388014
287.3869626434994 247.94910863108075
286.9413371744321 249.28598503828138
285.60446076723156 250.17723597641512
284.2675843600309 251.06848691454888
282.9307079528303 251.95973785268262
281.1482060765627 252.85098879081636
279.36570420029534 253.29661425988326
278.0288277930947 253.74223972895012
278.0288277930947 255.07911613615076
278.47445326216155 256.8616180124182
279.36570420029534 258.19849441961884
280.70258060749586 259.0897453577526
281.59383154562966 260.4266217649532
282.9307079528303 261.317872703087
284.2675843600309 262.2091236412207
285.15883529816483 263.5460000484213
286.05008623629874 265.3285019246888
287.3869626434994 266.6653783318894
288.7238390506999 267.55662927002317
290.0607154579005 268.00225473909006
291.8432173341678 268.8935056772238
293.1800937413683 268.8935056772238
294.51697014856893 268.8935056772238
294.9625956176361 267.55662927002317
294.9625956176361 266.2197528628226
295.40822108670284 264.88287645562195
295.40822108670284 263.5460000484213
296.29947202483675 262.2091236412207
297.1907229629704 260.87224723402005
298.52759937017106 259.5353708268194
299.8644757773717 259.0897453577526
301.64697765363894 258.64411988868574
302.9838540608396 258.64411988868574
304.3207304680402 259.0897453577526
304.3207304680402 260.4266217649532
304.3207304680402 261.76349817215385
305.211981406174 263.5460000484213
305.211981406174 264.88287645562195
306.54885781337464 265.3285019246888
307.88573422057516 265.77412739375563
309.66823609684275 265.77412739375563
311.0051125040434 265.77412739375563
311.4507379731102 264.43725098655506
312.3419889112439 262.6547491102876
312.3419889112439 261.317872703087
312.78761438031074 259.98099629588637
313.67886531844454 258.64411988868574
314.1244907875114 257.3072434814851
314.1244907875114 255.9703670742845
nb_points_on_contour: 51
312.78761438031086 288.05540084709935
312.341988911244 286.7185244398987
311.0051125040434 285.827273501765
310.1138615659096 284.49039709456434
308.77698515870907 283.5991461564306
307.44010875150843 282.7078952182968
306.54885781337464 281.37101881109623
305.211981406174 280.4797678729625
304.76635593710716 279.14289146576186
303.42947952990653 278.697265996695
302.092603122706 278.25164052762807
300.75572671550515 278.25164052762807
299.8644757773716 279.5885169348287
299.4188503083045 280.92539334202934
299.4188503083045 282.26226974923
299.4188503083045 284.04477162549745
299.8644757773716 285.3816480326981
299.8644757773716 286.7185244398987
299.8644757773716 288.05540084709935
299.8644757773716 289.3922772543
299.8644757773716 290.72915366150056
299.8644757773716 292.0660300687012
299.8644757773716 293.4029064759018
300.75572671550515 295.18540835216925
301.64697765363894 296.5222847593699
302.9838540608396 297.4135356975037
303.87510499897337 298.7504121047042
305.211981406174 299.641663042838
306.54885781337464 300.08728851190483
307.88573422057516 300.08728851190483
309.2226106277758 300.08728851190483
310.55948703497654 300.08728851190483
311.89636344217695 300.08728851190483
313.2332398493778 300.08728851190483
314.1244907875114 300.08728851190483
315.01574172564517 298.7504121047042
316.3526181328457 297.4135356975037
317.6894945400463 297.4135356975037
319.02637094724696 297.4135356975037
319.471996416314 296.5222847593699
320.80887282351455 295.6310338212362
321.70012376164823 294.29415741403557
322.1457492307152 292.95728100683493
322.1457492307152 291.6204045996343
320.80887282351455 291.17477913056746
319.471996416314 290.72915366150056
318.13512000911317 290.28352819243366
316.79824360191276 290.28352819243366
315.461367194712 289.3922772543
314.1244907875114 288.94665178523303
312.78761438031086 288.5010263161662
nb_points_on_contour: 53
188.90373397972013 288.5010263161662
187.5668575725195 287.60977537803245
185.78435569625202 286.2728989708318
184.4474792890514 285.827273501765
182.6649774127839 285.3816480326981
181.32810100558328 285.3816480326981
179.99122459838264 284.93602256363124
178.65434819118204 284.49039709456434
177.31747178398143 284.04477162549745
176.4262208458477 282.7078952182968
175.08934443864703 281.81664428016313
174.19809350051332 280.4797678729625
172.8612170933127 279.5885169348287
171.96996615517898 278.25164052762807
170.63308974797832 277.80601505856123
169.2962133407777 277.3603895894944
167.9593369335771 276.91476412042755
166.62246052637647 276.91476412042755
165.28558411917587 276.91476412042755
164.839958650109 278.25164052762807
164.839958650109 279.5885169348287
165.73120958824273 280.92539334202934
166.1768350573096 282.26226974923
166.62246052637647 284.04477162549745
167.06808599544337 285.3816480326981
167.06808599544337 286.7185244398987
166.62246052637647 288.05540084709935
166.1768350573096 289.3922772543
166.1768350573096 290.72915366150056
166.1768350573096 292.0660300687012
166.1768350573096 293.4029064759018
166.1768350573096 294.7397828831024
166.1768350573096 296.07665929030304
167.06808599544337 297.4135356975037
167.06808599544337 298.7504121047042
167.5137114645102 300.08728851190483
168.85058787171084 300.9785394500386
170.18746427891148 300.9785394500386
171.96996615517898 301.42416491910546
173.75246803144643 301.42416491910546
175.08934443864703 301.8697903881724
176.4262208458477 301.8697903881724
177.7630972530483 301.8697903881724
179.0999736602489 300.9785394500386
179.99122459838264 299.641663042838
181.32810100558328 298.7504121047042
182.6649774127839 297.4135356975037
183.55622835091765 296.07665929030304
184.00185381998452 294.7397828831024
184.89310475811826 293.4029064759018
185.78435569625202 292.0660300687012
186.2299811653189 290.72915366150056
187.5668575725195 289.8379027233668
