Study: 1.2.124.113532.129.195.3.60.20021216.103108.1056994
Series: 1.2.840.113704.1.1762660180.2367.1040153838.6
SpacingX: 0.481770833
SpacingY: 0.481770833
SpacingZ: 10.0

label: fibrosis
localisation: non-relevant
slice_number: 7
nb_points_on_contour: 54
271.76378733558084 154.27247660226934
271.2637873355809 152.7724766022693
270.26378733558084 151.27247660226934
268.7637873355809 149.77247660226934
267.26378733558084 148.77247660226934
266.26378733558084 147.27247660226934
264.76378733558084 146.27247660226934
263.76378733558084 144.77247660226934
262.26378733558084 143.7724766022693
260.76378733558084 142.27247660226934
259.2637873355808 141.2724766022693
257.76378733558084 140.2724766022693
256.26378733558084 139.2724766022693
254.7637873355809 138.7724766022693
253.26378733558084 138.27247660226934
251.76378733558084 138.27247660226934
250.26378733558084 137.7724766022693
248.76378733558084 137.7724766022693
247.26378733558084 137.7724766022693
245.76378733558084 137.7724766022693
244.26378733558084 137.7724766022693
242.76378733558084 137.7724766022693
241.26378733558084 137.7724766022693
239.76378733558084 137.7724766022693
238.26378733558084 138.27247660226934
237.26378733558084 139.77247660226934
236.26378733558084 141.2724766022693
235.76378733558084 142.7724766022693
235.76378733558084 144.2724766022693
235.76378733558084 145.77247660226934
235.76378733558084 147.27247660226934
236.26378733558084 148.77247660226934
237.76378733558084 149.77247660226934
239.26378733558084 150.2724766022693
240.76378733558084 150.77247660226934
242.26378733558084 151.27247660226934
244.26378733558084 151.77247660226934
245.76378733558084 152.27247660226934
247.26378733558084 152.7724766022693
248.76378733558084 153.27247660226934
250.26378733558084 153.77247660226934
251.76378733558084 154.27247660226934
253.26378733558084 154.27247660226934
254.7637873355809 155.2724766022693
256.26378733558084 155.2724766022693
257.76378733558084 155.77247660226934
259.2637873355808 155.77247660226934
260.76378733558084 155.77247660226934
262.26378733558084 155.77247660226934
263.76378733558084 155.77247660226934
265.26378733558084 155.77247660226934
266.7637873355809 155.77247660226934
268.26378733558084 155.77247660226934
269.76378733558084 155.77247660226934
slice_number: 8
nb_points_on_contour: 29
283.76378733558084 164.77247660226934
283.2637873355809 163.27247660226934
282.26378733558084 161.77247660226934
281.26378733558084 160.27247660226934
280.7637873355809 158.77247660226934
279.76378733558084 157.27247660226934
278.2637873355809 156.27247660226934
277.76378733558084 154.77247660226934
276.76378733558084 153.27247660226934
275.26378733558084 151.77247660226934
273.7637873355809 151.27247660226934
272.26378733558084 151.27247660226934
270.76378733558084 151.77247660226934
269.26378733558084 152.7724766022693
267.76378733558084 153.77247660226934
267.26378733558084 155.2724766022693
267.26378733558084 156.77247660226934
267.26378733558084 158.27247660226934
267.26378733558084 159.77247660226934
268.26378733558084 161.27247660226934
269.26378733558084 162.77247660226934
270.76378733558084 163.27247660226934
272.26378733558084 164.27247660226934
273.7637873355809 165.27247660226934
275.26378733558084 165.77247660226934
276.76378733558084 165.77247660226934
278.2637873355809 165.77247660226934
279.76378733558084 165.77247660226934
281.26378733558084 165.77247660226934
slice_number: 11
nb_points_on_contour: 339
295.2637873355809 194.27247660226936
295.2637873355809 192.77247660226925
295.2637873355809 191.27247660226925
295.2637873355809 189.7724766022693
294.7637873355809 187.77247660226925
294.2637873355808 186.27247660226936
294.2637873355808 184.77247660226936
293.2637873355808 183.2724766022693
292.2637873355808 181.77247660226928
291.7637873355808 180.2724766022693
291.7637873355808 178.77247660226942
290.7637873355807 177.27247660226936
290.2637873355809 175.77247660226942
289.2637873355808 174.2724766022693
288.2637873355808 172.77247660226934
287.7637873355809 171.27247660226934
286.2637873355809 169.77247660226936
285.2637873355809 168.27247660226936
283.7637873355808 166.7724766022693
282.26378733558084 165.77247660226934
280.7637873355809 164.7724766022693
279.2637873355808 164.2724766022693
277.7637873355808 163.77247660226928
276.2637873355809 162.7724766022693
274.7637873355808 162.27247660226928
273.2637873355808 161.77247660226934
271.7637873355809 160.77247660226934
270.2637873355808 160.27247660226925
268.7637873355809 159.7724766022693
267.26378733558084 159.2724766022693
265.7637873355808 158.77247660226928
264.2637873355809 157.7724766022693
262.7637873355808 156.7724766022694
261.2637873355808 155.7724766022693
259.7637873355808 154.77247660226934
258.7637873355808 153.27247660226934
257.2637873355809 152.27247660226934
256.2637873355808 150.7724766022693
254.7637873355809 149.77247660226934
254.26378733558084 148.2724766022694
253.12484750085605 146.87779078708598
252.94744080623929 146.34557070323564
252.94744080623929 145.81335061938526
252.94744080623929 145.2811305355349
252.94744080623929 144.74891045168454
252.94744080623929 144.2166903678342
253.12484750085605 143.6844702839838
253.47966089008963 143.15225020013347
253.47966089008963 142.6200301162831
253.47966089008963 142.08781003243274
253.47966089008963 141.55558994858237
253.47966089008963 141.023369864732
253.65706758470643 140.49114978088164
253.65706758470643 139.95892969703127
253.65706758470643 139.42670961318092
253.65706758470643 138.89448952933054
253.83447427932322 138.3622694454802
254.01188097394 137.83004936162982
254.01188097394 137.29782927777947
254.01188097394 136.7656091939291
254.01188097394 136.23338911007875
254.01188097394 135.70116902622837
254.01188097394 135.168948942378
254.01188097394 134.63672885852765
254.01188097394 134.10450877467727
254.01188097394 133.57228869082692
254.26378733558084 130.77247660226936
254.26378733558084 129.27247660226936
254.26378733558084 127.77247660226938
254.26378733558084 126.27247660226932
255.26378733558084 124.77247660226934
256.7637873355809 125.27247660226935
258.2637873355808 126.27247660226932
259.7637873355808 127.27247660226934
261.2637873355808 127.77247660226938
262.7637873355808 128.7724766022693
264.2637873355809 129.27247660226936
265.7637873355808 130.2724766022693
267.26378733558084 130.77247660226936
268.7637873355809 131.77247660226934
270.26378733558084 132.27247660226936
271.2637873355809 133.77247660226934
272.7637873355808 134.2724766022693
273.7637873355809 135.7724766022694
275.2637873355808 136.77247660226934
276.7637873355808 137.7724766022693
277.7637873355808 139.27247660226934
279.26378733558084 139.77247660226936
280.26378733558084 141.2724766022693
281.76378733558084 142.27247660226934
282.76378733558084 143.77247660226934
283.76378733558084 145.2724766022693
284.2637873355808 146.7724766022693
285.7637873355809 147.77247660226934
286.2637873355809 149.27247660226934
287.7637873355809 150.2724766022693
288.7637873355808 151.77247660226936
290.2637873355809 152.27247660226934
291.2637873355808 153.77247660226936
292.48716413029 154.95238856110845
292.8639470950165 155.2035772042594
293.11513573816745 155.58036016898583
293.3663243813184 155.95714313371224
293.74310734604484 156.33392609843872
293.86870166762037 156.71070906316515
294.24548463234675 156.9618977063161
294.3710789539223 157.33868067104254
294.49667327549776 157.71546363576897
294.7478619186487 158.0922466004954
294.8734562402242 158.46902956522183
294.99905056179966 158.84581252994826
295.2502392049506 159.22259549467472
295.3758335265261 159.59937845940115
295.7526164912525 159.9761614241276
296.0038051344035 160.352944388854
296.25499377755443 160.72972735358047
296.5061824207054 161.1065103183069
296.8829653854318 161.48329328303333
297.13415402858277 161.8600762477598
297.3853426717337 162.23685921248622
297.5109369933092 162.61364217721263
297.76212563646015 163.1160194635146
298.0133142796111 163.49280242824102
298.26450292276206 163.86958539296745
298.39009724433754 164.24636835769388
298.5156915659131 164.62315132242028
298.766880209064 164.99993428714674
299.14366317379046 165.37671725187317
299.39485181694135 165.75350021659963
299.77163478166784 166.0046888597506
300.0228234248188 166.38147182447705
300.3996063895452 166.88384911077893
300.6507950326962 167.26063207550538
301.02757799742267 167.7630093618073
301.4043609621491 168.13979232653375
301.78114392687553 168.51657529126018
301.906738248451 169.01895257756206
301.906738248451 169.3957355422885
302.2637873355809 170.77247660226936
302.2637873355809 172.27247660226936
302.7637873355808 173.77247660226936
303.5394644289322 175.92664026421346
303.6650587505077 176.3034232289399
303.79065307208316 176.68020619366632
304.0418417152341 177.05698915839275
304.1674360368096 177.43377212311918
304.41862467996054 177.8105550878456
304.544219001536 178.18733805257204
304.6698133231115 178.56412101729853
305.046596287838 178.94090398202496
305.29778493098894 179.31768694675137
305.67456789571537 179.6944699114778
305.9257565388663 180.07125287620423
306.3025395035927 180.19684719777973
306.2637873355809 181.2724766022693
307.0561054330456 181.95516769983644
307.0561054330456 182.45754498613837
307.0561054330456 182.8343279508648
307.0561054330456 183.21111091559123
307.0561054330456 183.58789388031767
306.93051111147014 183.9646768450441
306.80491678989466 184.3414598097705
306.80491678989466 184.71824277449696
306.80491678989466 185.09502573922342
306.80491678989466 185.47180870394988
306.80491678989466 185.84859166867628
306.93051111147014 186.2253746334027
307.0561054330456 186.60215759812922
307.3072940761966 186.9789405628556
307.4328883977721 187.35572352758203
307.68407704092306 187.73250649230846
307.8096713624984 188.10928945703492
307.935265684074 188.48607242176138
308.0608600056495 188.86285538648775
307.7637873355808 190.2724766022693
307.7637873355808 191.77247660226936
307.7637873355808 193.27247660226936
308.2637873355808 194.27247660226936
308.2637873355808 195.77247660226936
308.2637873355808 197.2724766022693
308.2637873355808 198.77247660226942
308.2637873355808 200.27247660226936
308.2637873355808 201.7724766022693
308.2637873355808 203.2724766022693
308.2637873355808 204.7724766022693
308.2637873355808 206.27247660226922
308.2637873355808 207.77247660226936
308.2637873355808 209.27247660226934
308.2637873355808 210.77247660226936
308.2637873355808 212.27247660226936
306.2637873355808 212.7724766022693
306.2637873355808 214.2724766022693
305.2637873355808 215.77247660226936
304.7637873355809 217.27247660226934
304.7637873355809 218.77247660226942
304.7637873355809 220.27247660226942
304.2637873355809 221.7724766022693
303.7637873355808 223.27247660226934
303.7637873355808 224.77247660226936
303.7637873355808 226.27247660226936
303.7637873355808 227.77247660226936
303.2637873355808 229.27247660226936
302.2637873355809 230.77247660226936
301.2637873355808 232.27247660226936
300.2637873355808 233.77247660226936
299.2637873355809 235.27247660226936
298.2637873355808 236.77247660226936
297.7637873355808 238.27247660226936
296.26378733558084 239.27247660226936
295.2637873355809 240.77247660226936
293.7637873355808 241.7724766022693
292.7637873355809 243.27247660226928
292.2637873355808 244.77247660226936
291.2637873355808 246.27247660226936
290.2637873355809 247.7724766022693
289.2637873355808 249.2724766022693
287.7637873355809 250.2724766022693
286.2637873355809 251.27247660226934
285.2637873355809 252.77247660226936
283.7637873355808 253.27247660226936
282.26378733558084 254.27247660226936
280.7637873355809 255.7724766022693
279.7637873355808 257.2724766022693
278.7637873355808 258.7724766022693
278.2637873355809 260.2724766022693
276.7637873355808 261.2724766022693
275.2637873355808 262.27247660226925
273.7637873355809 263.2724766022693
272.2637873355809 264.2724766022693
270.76378733558084 265.27247660226925
269.2637873355808 266.27247660226925
267.76378733558084 267.2724766022693
266.26378733558084 267.77247660226925
265.7637873355808 269.2724766022693
264.2637873355809 270.2724766022693
262.7637873355808 271.7724766022693
261.2637873355808 272.7724766022693
260.3088952816322 274.0841468059777
259.71173452580194 274.28320039125447
259.1145737699717 274.28320039125447
258.5174130141414 274.28320039125447
257.9202522583112 274.4822539765311
257.32309150248096 274.68130756180784
256.52687716137393 274.68130756180784
255.9297164055437 274.68130756180784
255.33255564971347 274.68130756180784
254.7353948938832 274.8803611470847
254.138234138053 275.07941473236144
253.54107338222275 275.27846831763816
252.9439126263925 275.27846831763816
252.34675187056223 275.27846831763816
251.749591114732 275.27846831763816
251.15243035890177 275.4775219029149
250.5552696030715 275.4775219029149
249.95810884724125 275.4775219029149
249.36094809141102 275.4775219029149
248.7637873355808 275.67657548819165
248.16662657975047 275.8756290734684
247.56946582392027 276.07468265874513
246.97230506809004 276.4727898292986
246.3751443122598 276.67184341457533
245.57892997115277 277.06995058512894
244.98176921532254 277.26900417040565
244.3846084594923 277.26900417040565
242.26378733558082 277.27247660226925
240.76378733558076 277.27247660226925
239.2637873355808 277.27247660226925
237.76378733558082 276.27247660226925
236.26378733558084 275.7724766022693
234.76378733558073 274.77247660226925
233.26378733558073 273.77247660226936
232.76378733558084 271.7724766022693
232.76378733558084 270.2724766022693
233.26378733558073 268.77247660226925
234.26378733558084 267.2724766022693
235.7637873355808 266.27247660226925
237.26378733558082 266.27247660226925
238.76378733558082 266.27247660226925
240.26378733558073 266.27247660226925
241.76378733558076 266.27247660226925
243.26378733558082 266.27247660226925
244.7637873355808 265.7724766022693
246.2637873355807 265.2724766022692
247.7637873355807 264.7724766022693
249.26378733558084 264.7724766022693
250.7637873355808 264.2724766022693
252.26378733558073 264.2724766022693
253.76378733558084 263.77247660226914
255.26378733558073 263.77247660226914
256.7637873355809 262.27247660226925
258.2637873355808 261.2724766022692
259.7637873355808 259.7724766022692
261.2637873355808 259.2724766022693
262.2637873355808 257.7724766022693
263.7637873355808 256.7724766022692
264.7637873355808 255.27247660226925
266.26378733558084 253.77247660226925
267.76378733558084 252.2724766022692
269.2637873355808 251.27247660226925
270.2637873355808 249.77247660226925
270.2637873355808 248.27247660226925
270.2637873355808 246.77247660226936
271.2637873355809 245.27247660226934
271.7637873355809 243.7724766022693
273.2637873355808 242.77247660226928
274.7637873355808 241.7724766022693
276.7637873355808 240.27247660226928
278.7637873355808 239.2724766022693
280.7637873355809 238.2724766022693
282.76378733558084 237.27247660226942
284.2637873355808 236.27247660226936
285.7637873355809 235.2724766022693
287.2637873355808 233.7724766022693
289.2637873355808 232.77247660226925
290.2637873355809 231.27247660226928
291.7637873355808 230.2724766022693
293.7637873355808 228.77247660226934
294.7637873355809 228.2724766022693
295.76378733558084 226.7724766022693
296.76378733558084 224.7724766022692
296.76378733558084 223.27247660226922
297.7637873355808 221.77247660226925
298.2637873355808 220.27247660226942
298.2637873355808 218.77247660226942
298.2637873355808 217.27247660226934
298.7637873355808 215.77247660226936
298.7637873355808 214.27247660226925
297.7637873355808 212.27247660226936
297.2637873355809 210.77247660226936
297.2637873355809 209.27247660226934
297.2637873355809 207.77247660226936
297.2637873355809 206.27247660226922
297.2637873355809 204.7724766022693
297.2637873355809 203.2724766022693
297.2637873355809 201.7724766022693
297.2637873355809 200.27247660226936
297.2637873355809 198.77247660226942
297.2637873355809 197.2724766022693
296.76378733558084 195.77247660226936
slice_number: 13
nb_points_on_contour: 199
275.81380189249995 153.44401031049998
275.81380189249995 154.88932280950002
274.85026022650004 156.33463530849997
274.36848939350006 157.77994780749998
273.88671856049996 159.2252603065
273.4049477275 160.67057280549994
272.9231768944999 162.1158853045
272.44140606150006 163.56119780350002
271.4778643955001 165.00651030249992
270.9960935625 166.4518228015
270.0325518964999 167.8971353005
269.0690102305 169.3424477995
268.10546856450003 170.78776029849996
267.14192689849995 172.23307279749997
266.66015606549985 173.67838529649998
265.69661439950005 175.12369779549994
265.21484356649995 176.56901029449995
264.2513019005 178.4960936265
263.76953106750005 180.42317695849994
263.2877602344999 182.3502602905
262.80598940149997 183.7955727895
262.3242185685 185.2408852884999
261.8424477355 186.68619778749996
261.3606769024999 188.61328111950002
261.3606769024999 190.0585936184999
261.3606769024999 191.50390611749992
261.3606769024999 192.9492186165
261.3606769024999 194.87630194849993
261.3606769024999 196.32161444749994
261.3606769024999 197.76692694649998
261.3606769024999 199.2122394455
261.3606769024999 201.13932277749996
261.3606769024999 202.5846352765
261.3606769024999 204.0299477755
261.3606769024999 205.4752602744998
260.7637873355808 206.7724766022692
262.26378733558084 206.7724766022692
263.76378733558084 206.7724766022692
265.2637873355808 206.7724766022692
266.7637873355809 207.27247660226936
268.26378733558084 207.27247660226936
269.7637873355808 207.77247660226934
271.2637873355809 208.2724766022693
272.76378733558084 209.27247660226934
274.2637873355808 210.77247660226934
275.7637873355809 211.2724766022693
277.76378733558084 212.7724766022693
279.2637873355808 213.77247660226925
280.7637873355809 214.27247660226922
282.26378733558084 215.2724766022692
283.7637873355808 216.27247660226934
285.2637873355809 217.27247660226936
286.76378733558084 217.77247660226934
287.7637873355809 219.27247660226934
287.7637873355809 220.77247660226934
287.7637873355809 222.27247660226925
288.2637873355808 223.7724766022692
288.7637873355808 225.2724766022692
289.2637873355808 227.27247660226936
289.2637873355808 228.77247660226936
289.76378733558084 230.27247660226928
289.76378733558084 231.77247660226928
289.76378733558084 233.27247660226928
289.76378733558084 234.77247660226934
289.76378733558084 236.27247660226934
289.76378733558084 237.77247660226934
291.26378733558084 238.77247660226928
292.7637873355809 238.77247660226928
294.2637873355808 238.77247660226928
295.76378733558084 238.77247660226928
297.2637873355809 238.77247660226928
298.7637873355808 237.77247660226934
299.2637873355809 236.27247660226934
300.76378733558084 235.2724766022693
301.26378733558084 233.77247660226928
302.7637873355808 232.77247660226925
304.2637873355809 230.77247660226928
305.76378733558084 229.77247660226934
306.2637873355809 228.27247660226936
306.7637873355809 226.77247660226936
307.26378733558084 225.27247660226936
307.76378733558084 223.77247660226936
308.26378733558084 222.27247660226936
309.2637873355809 220.77247660226936
310.76378733558084 218.77247660226936
310.76378733558084 217.27247660226936
310.26378733558084 215.27247660226928
310.26378733558084 213.77247660226928
310.26378733558084 212.27247660226934
310.26378733558084 210.77247660226934
310.26378733558084 209.27247660226934
311.46484353449995 207.40234360649984
311.94661436749993 205.4752602744998
312.42838520050003 204.0299477755
312.42838520050003 202.5846352765
312.42838520050003 201.13932277749996
312.42838520050003 199.69401027849995
312.42838520050003 197.76692694649998
312.42838520050003 196.32161444749994
312.42838520050003 194.87630194849993
312.42838520050003 193.43098944950003
312.42838520050003 191.98567695049996
312.42838520050003 190.5403644514999
312.42838520050003 188.61328111950002
312.42838520050003 187.16796862049995
312.42838520050003 185.72265612149994
312.42838520050003 184.27734362249987
312.42838520050003 182.83203112349997
312.42838520050003 181.38671862449996
312.42838520050003 179.9414061255
312.42838520050003 178.4960936265
312.42838520050003 177.0507811275
312.42838520050003 175.60546862849992
312.42838520050003 174.16015612950002
312.42838520050003 172.7148436305
312.42838520050003 171.26953113149995
311.94661436749993 169.82421863249994
311.46484353449995 168.37890613349998
310.50130186850004 166.93359363449997
309.53776020250007 165.48828113550002
309.77864561899986 162.5976561375
308.81510395300006 161.15234363849999
308.33333311999996 159.70703113950003
307.369791454 158.26171864050002
306.8880206209999 156.8164061415
305.924478955 155.37109364249994
305.442708122 153.9257811435
304.47916645600003 152.48046864449998
303.51562479000006 151.03515614550003
302.55208312400003 149.58984364650001
302.07031229100005 148.1445311475
301.10677062499997 146.6992186485
300.62499979199987 145.25390614949993
299.5782159987249 143.3087941045519
299.1565194952963 142.67624934940903
298.5239747401534 142.46540109769472
297.8914299850105 142.04370459426616
297.25888522986764 141.6220080908376
296.8371887264392 140.98946333569472
296.2046439712963 140.5677668322661
295.57209921615345 140.14607032883754
294.9395544610104 139.72437382540897
294.30700970586764 139.30267732198035
293.67446495072477 138.8809808185518
293.0419201955819 138.45928431512323
292.40937544043913 138.03758781169464
291.77683068529615 137.40504305655173
291.14428593015333 136.98334655312317
290.51174117501034 136.5616500496946
289.87919641986747 136.13995354626599
289.6683481681533 135.5074087911231
289.0358034130103 135.29656053940886
288.61410690958184 134.66401578426598
287.98156215443896 134.45316753255167
287.3490173992961 134.0314710291231
286.7164726441532 133.8206227774088
286.2947761407246 133.18807802226593
285.208333136 132.2460936585
283.76302063699995 131.28255199249998
282.31770813800006 130.80078115950002
280.872395639 129.83723949350002
279.42708314000004 128.8736978275
277.981770641 128.3919269945
276.536458142 127.91015616149996
275.09114564299995 127.91015616149996
274.12760397699986 129.3554686605
274.12760397699986 130.80078115950002
275.09114564299995 132.2460936585
275.57291647600005 133.6914061575
275.57291647600005 135.13671865650002
275.57291647600005 136.58203115549998
276.05468730900003 138.0273436545
276.05468730900003 139.4726561535
276.1740600584386 141.200311587409
276.1740600584386 141.83285634255185
276.1740600584386 142.46540109769472
276.1740600584386 143.0979458528376
276.38490831015275 143.73049060798047
277.0174530652956 143.73049060798047
277.64999782043867 144.1521871114091
278.28254257558154 144.36303536312337
278.9150873307244 144.78473186655197
279.5476320858673 145.41727662169478
280.18017684101005 145.41727662169478
280.6018733444388 146.0498213768377
280.6018733444388 146.6823661319806
280.6018733444388 147.31491088712346
280.6018733444388 147.94745564226633
280.6018733444388 148.58000039740915
280.6018733444388 149.21254515255208
280.6018733444388 149.84508990769496
280.6018733444388 150.47763466283783
280.3910250927245 151.1101794179807
279.7584803375816 151.32102766969496
279.12593558243873 151.53187592140927
278.4933908272957 151.53187592140927
277.8608460721528 151.74272417312352
277.22830131701005 152.16442067655214
276.5957565618672 152.37526892826645
nb_points_on_contour: 159
259.72789642472395 268.4472314969837
259.72789642472395 267.81468674184083
259.72789642472395 267.18214198669796
259.72789642472395 266.3387489798408
259.72789642472395 265.7062042246979
259.3061999212954 264.65196296612646
259.0953516695811 263.80856995926933
258.4628069144382 262.96517695241215
258.25195866272395 262.12178394555497
258.04111041100964 261.4892391904121
258.04111041100964 260.8566944352692
257.619413907581 260.0133014284121
257.40856565586677 259.1699084215549
257.1977174041525 258.53736366641203
256.9868691524382 257.90481891126916
256.7760209007239 257.061425904412
256.5651726490096 256.4288811492691
256.3543243972953 255.79633639412623
255.72177964215243 255.37463989069767
255.30008313872386 254.7420951355548
254.66753838358096 254.32039863212623
254.0349936284381 253.8987021286976
253.40244887329524 253.68785387698335
252.76990411815234 253.47700562526904
252.13735936300947 253.47700562526904
251.2939663561523 253.47700562526904
250.66142160100944 253.47700562526904
249.60718034243797 253.47700562526904
248.76378733558082 253.47700562526904
248.13124258043794 253.47700562526904
247.0770013218665 253.68785387698335
246.23360831500932 253.8987021286976
245.39021530815216 254.32039863212623
244.7576705530093 254.53124688384048
243.9142775461521 254.9529433872691
243.07088453929495 255.58548814241195
242.43833978415208 256.00718464584054
241.8057950290092 256.21803289755485
241.17325027386636 256.85057765269767
240.11900901529486 257.4831224078406
239.486464260152 258.1156671629834
238.85391950500912 258.3265154146977
238.01052649815196 258.74821191812634
237.1671334912948 259.1699084215549
236.53458873615193 259.1699084215549
235.90204398100906 259.38075667326916
235.05865097415187 259.38075667326916
234.426106219009 259.38075667326916
233.79356146386613 259.38075667326916
232.7393202052947 259.59160492498347
231.47423069500894 259.59160492498347
230.84168593986607 259.59160492498347
230.2091411847232 259.59160492498347
229.365748177866 259.59160492498347
228.73320342272314 259.59160492498347
227.889810415866 259.59160492498347
227.25726566072314 259.59160492498347
226.62472090558023 259.59160492498347
225.9921761504374 259.59160492498347
225.1487831435802 259.59160492498347
224.30539013672305 259.59160492498347
223.4619971298659 259.59160492498347
222.6186041230087 259.8024531766978
221.98605936786583 260.0133014284121
221.35351461272296 260.43499793184066
220.7209698575801 260.8566944352692
220.2992733541515 261.4892391904121
219.66672859900865 261.91093569384066
219.24503209558003 262.5434804489836
218.82333559215147 263.3868734558407
218.4016390887229 264.0194182109836
217.76909433358 264.44111471441215
217.55824608186572 265.0736594695551
217.13654957843715 265.7062042246979
216.92570132672284 266.3387489798408
216.71485307500853 266.97129373498365
216.71485307500853 267.6038384901265
216.71485307500853 268.2363832452694
216.92570132672284 269.0797762521266
217.3473978301514 269.71232100726945
217.55824608186572 270.3448657624123
217.76909433358 270.9774105175552
218.4016390887229 271.3991070209838
219.03418384386578 271.8208035244124
219.66672859900865 272.45334827955526
220.2992733541515 272.8750447829838
220.9318181092944 273.2967412864124
221.56436286443727 273.9292860415553
222.19690761958012 274.14013429326957
222.82945237472302 274.56183079669813
223.4619971298659 274.98352730012675
224.09454188500874 275.4052238035553
224.7270866401516 275.8269203069839
225.3596313952945 276.2486168104125
225.9921761504374 276.67031331384106
226.83556915729454 277.0920098172696
227.6789621641517 277.51370632069825
228.52235517100885 277.9354028241268
229.15489992615173 278.3570993275554
229.78744468129463 278.5679475792697
230.4199894364375 279.20049233441256
231.05253419158035 279.41134058612687
231.68507894672322 279.83303708955543
232.31762370186613 280.04388534126974
233.16101670872325 280.4655818446983
234.00440971558044 280.88727834812687
234.6369544707233 281.3089748515555
235.48034747758047 281.51982310326974
236.32374048443762 281.94151960669836
236.9562852395805 282.1523678584126
237.58882999472337 282.3632161101269
238.22137474986624 282.57406436184124
239.06476775672343 282.7849126135555
239.90816076358058 283.2066091169841
240.54070551872346 283.2066091169841
241.17325027386636 283.41745736869836
241.8057950290092 283.41745736869836
242.6491880358664 283.6283056204127
243.49258104272354 283.6283056204127
244.12512579786642 283.6283056204127
244.7576705530093 283.6283056204127
245.60106355986645 283.6283056204127
246.23360831500932 283.6283056204127
247.0770013218665 283.6283056204127
247.70954607700935 283.6283056204127
248.34209083215222 283.6283056204127
248.9746355872951 283.6283056204127
249.60718034243797 283.6283056204127
250.23972509758084 283.6283056204127
250.87226985272372 283.6283056204127
251.50481460786662 283.41745736869836
252.13735936300947 283.41745736869836
252.76990411815234 283.2066091169841
253.40244887329524 282.9957608652698
254.2458418801524 282.7849126135555
254.87838663529524 282.57406436184124
255.51093139043815 282.1523678584126
256.14347614558096 281.73067135498405
256.7760209007239 281.73067135498405
257.40856565586677 281.51982310326974
258.04111041100964 281.51982310326974
258.6736551661525 281.3089748515555
259.5170481730097 280.6764300964126
259.9387446764382 280.04388534126974
260.3604411798668 279.20049233441256
260.9929859350097 278.5679475792697
261.41468243843826 277.72455457241256
261.8363789418669 277.0920098172696
262.04722719358114 276.4594650621268
262.04722719358114 275.8269203069839
262.04722719358114 275.19437555184106
262.04722719358114 274.56183079669813
262.04722719358114 273.9292860415553
262.04722719358114 273.2967412864124
262.04722719358114 272.66419653126957
262.04722719358114 272.03165177612664
262.04722719358114 271.3991070209838
261.6255306901526 270.7665622658409
261.203834186724 270.1340175106981
slice_number: 14
nb_points_on_contour: 114
310.0195310354999 163.0794269705
309.53776020249995 161.63411447150003
309.0559893694999 160.1888019725
307.6106768704999 158.7434894735
306.1653643714999 156.8164061415
304.7200518724999 155.8528644755
304.23828103949984 154.40755197649997
302.79296854049994 152.4804686445
301.82942687449986 151.0351561455
300.8658852084999 149.58984364650001
299.4205727094999 148.62630198050002
297.97526021049987 147.66276031450002
296.52994771149986 147.66276031450002
295.08463521249996 149.10807281349997
294.1210935464999 150.5533853125
293.63932271349995 151.9986978115
292.6757810474999 153.4440103105
292.19401021449994 154.88932280950002
291.71223938149996 156.33463530849997
291.71223938149996 157.7799478075
291.23046854849986 159.2252603065
291.23046854849986 160.67057280550003
291.71223938149996 162.59765613750002
291.71223938149996 164.52473946950002
292.19401021449994 166.4518228015
292.19401021449994 167.89713530050003
293.1575518804999 169.34244779949998
293.63932271349995 171.75130196450002
294.1210935464999 173.67838529649998
294.6028643794999 175.60546862849998
295.08463521249996 177.05078112750002
295.5664060454999 179.4596352925
295.5664060454999 180.9049477915
296.04817687849993 182.83203112349997
296.52994771149986 184.2773436225
297.0117185444999 185.7226561215
297.4934893774998 187.6497394535
298.4570310434999 189.5768227855
298.93880187649995 191.5039061175
298.93880187649995 192.9492186165
298.93880187649995 194.3945311155
299.4205727094999 195.83984361449998
299.4205727094999 198.2486977795
299.9023435424999 199.69401027849997
299.9023435424999 202.10286444349998
299.9023435424999 203.54817694249996
299.9023435424999 205.47526027449996
299.9023435424999 207.40234360649995
299.4205727094999 209.8111977715
299.4205727094999 211.25651027049997
299.4205727094999 213.66536443549998
299.4205727094999 216.07421860049996
299.4205727094999 218.48307276549997
299.4205727094999 220.4101560975
298.93880187649995 221.85546859649995
298.93880187649995 224.26432276149998
298.4570310434999 225.70963526049997
298.4570310434999 227.15494775949998
297.97526021049987 228.60026025849996
297.97526021049987 230.04557275749997
297.97526021049987 231.49088525649995
297.4934893774998 233.41796858849995
297.0117185444999 234.86328108749998
297.0117185444999 236.3085935865
297.0117185444999 237.75390608549998
298.4570310434999 238.2356769185
299.9023435424999 238.2356769185
301.34765604149993 237.75390608549998
302.3111977074999 236.3085935865
303.7565102064999 234.86328108749998
304.7200518724999 233.41796858849995
305.68359353849996 231.97265608949996
306.64713520449993 230.04557275749997
307.12890603749986 228.60026025849996
308.5742185365 227.15494775949998
308.5742185365 225.70963526049997
308.5742185365 224.26432276149998
308.5742185365 222.3372394295
308.5742185365 220.4101560975
308.5742185365 218.96484359849995
308.5742185365 217.51953109949997
309.0559893695 215.59244776749998
309.0559893695 214.14713526849997
309.0559893695 212.22005193649997
309.53776020250007 210.7747394375
310.0195310355 209.32942693849998
310.0195310355 207.8841144395
310.0195310355 206.43880194049996
310.50130186850004 204.9934894415
310.50130186850004 203.54817694249996
310.98307270149996 202.10286444349998
311.4648435345 199.69401027849997
311.94661436749993 197.76692694649998
312.4283852005001 196.3216144475
313.39192686650006 194.3945311155
313.8736976995 192.9492186165
314.3554685325 191.5039061175
314.3554685325 190.05859361849997
314.3554685325 188.13151028649997
314.3554685325 186.6861977875
314.3554685325 185.24088528849998
314.3554685325 183.79557278949997
314.3554685325 181.86848945749998
314.3554685325 180.4231769585
314.3554685325 178.4960936265
314.3554685325 177.0507811275
314.3554685325 175.60546862849998
313.39192686650006 174.1601561295
313.39192686650006 172.71484363049998
312.4283852005001 170.7877602985
311.4648435345 168.8606769665
310.50130186850004 166.9335936345
310.50130186850004 165.4882811355
310.50130186850004 164.0429686365
slice_number: 16
nb_points_on_contour: 174
99.00390618149993 124.05598949750001
97.55859368249992 124.05598949750001
96.11328118349995 124.05598949750001
94.66796868449995 124.05598949750001
92.74088535249996 124.53776033049996
90.81380202049995 125.50130199649999
89.36848952149994 125.9830728295
87.92317702249993 125.9830728295
86.47786452349993 126.46484366249996
85.03255202449992 126.94661449550003
83.58723952549995 127.91015616150005
82.62369785949993 129.3554686605
81.6601561934999 130.8007811595
80.21484369449996 131.76432282549996
79.25130202849988 133.20963532450003
78.28776036249994 134.65494782349992
77.80598952949993 136.10026032250002
76.84244786349993 137.5455728215
75.87890619749992 138.99088532049998
75.87890619749992 140.4361978195
75.39713536449993 141.88151031849998
74.91536453149995 143.32682281750004
73.95182286549993 145.2539061495
73.4700520324999 146.6992186485
73.4700520324999 148.14453114749998
72.9882811994999 149.5898436465
72.50651036649992 151.51692697850004
72.02473953349988 152.9622394775
71.54296870049991 154.40755197649997
71.54296870049991 155.8528644755
71.54296870049991 157.29817697449997
71.06119786749987 158.74348947349998
70.0976562014999 160.1888019725
69.13411453549989 161.63411447150006
68.17057286949994 163.0794269705
67.20703120349991 164.52473946950005
66.2434895374999 165.97005196850003
65.27994787149993 167.41536446749998
64.79817703849989 168.86067696650002
64.31640620549992 170.3059894655
63.352864539499976 171.75130196450004
62.871093706499906 173.67838529649995
62.871093706499906 175.12369779550002
62.871093706499906 177.05078112750004
62.389322873499935 178.49609362649997
62.389322873499935 179.94140612550004
61.907552040499965 181.38671862450002
61.907552040499965 182.83203112349995
61.425781207499995 184.2773436225
61.425781207499995 186.20442695449998
60.94401037449994 187.64973945349996
60.46223954149991 189.09505195249997
59.980468708499984 190.5403644515
59.980468708499984 191.98567695049994
59.49869787549994 193.9127602825
59.498697875500014 196.3216144475
60.94401037449995 199.69401027849997
61.907552040500036 201.13932277749998
62.38932287350001 202.5846352765
62.87109370649999 205.47526027449996
63.83463537250002 208.36588527249998
64.79817703849996 211.7382811035
65.7617187045 214.1471352685
66.24348953749997 216.5559894335
67.20703120349998 218.9648435985
67.68880203650002 220.41015609750002
67.68880203650002 221.85546859649995
67.68880203650002 223.7825519285
68.17057286949995 225.22786442749998
68.65234370249999 226.67317692649996
69.6158853685 228.60026025849996
70.09765620149997 231.00911442349997
71.06119786749994 232.9361977555
72.02473953349995 235.3450519205
72.50651036649992 236.7903644195
72.50651036649992 238.2356769185
73.95182286549993 240.1627602505
73.95182286549993 242.08984358249998
74.86394709501646 242.6970481239928
76.36394709501647 242.6970481239928
77.86394709501646 242.19704812399277
79.36394709501646 242.19704812399277
80.86394709501646 240.69704812399277
82.36394709501646 239.6970481239928
83.86394709501647 238.1970481239928
85.36394709501646 237.1970481239928
86.86394709501647 236.19704812399277
87.36394709501647 234.69704812399277
87.86394709501646 233.19704812399277
87.86394709501648 231.69704812399277
88.8639470950165 230.19704812399277
89.8639470950165 228.69704812399277
90.86394709501651 227.19704812399277
91.36394709501648 225.6970481239928
92.8639470950165 225.19704812399277
92.8639470950165 223.69704812399277
92.8639470950165 222.19704812399277
92.8639470950165 220.69704812399277
92.8639470950165 219.19704812399277
92.8639470950165 217.69704812399277
91.36394709501648 216.69704812399283
90.3639470950165 215.19704812399277
89.8639470950165 213.69704812399277
89.8639470950165 212.19704812399277
89.8639470950165 210.69704812399277
89.8639470950165 209.19704812399277
89.8639470950165 207.69704812399277
89.8639470950165 206.19704812399277
89.8639470950165 204.69704812399277
89.3639470950165 203.19704812399277
88.8639470950165 201.69704812399277
87.3639470950165 201.69704812399277
85.8639470950165 201.69704812399277
84.36394709501648 200.69704812399277
82.8639470950165 199.6970481239928
81.36394709501648 198.19704812399283
80.86394709501648 196.69704812399277
80.86394709501648 195.19704812399277
80.86394709501648 193.69704812399277
80.86394709501648 192.19704812399274
81.36394709501648 190.69704812399274
82.3639470950165 189.19704812399272
82.3639470950165 187.69704812399277
82.3639470950165 186.19704812399277
82.3639470950165 184.69704812399277
82.3639470950165 183.19704812399277
82.3639470950165 181.69704812399277
82.3639470950165 180.19704812399277
83.3639470950165 178.69704812399274
84.8639470950165 177.69704812399277
85.8639470950165 176.19704812399277
87.3639470950165 175.19704812399274
88.8639470950165 174.69704812399277
90.3639470950165 173.69704812399274
91.8639470950165 172.69704812399277
93.3639470950165 172.69704812399277
94.8639470950165 172.69704812399277
96.3639470950165 172.69704812399277
97.86394709501648 172.69704812399277
99.3639470950165 172.69704812399277
99.3639470950165 171.19704812399277
99.3639470950165 169.69704812399277
99.3639470950165 168.19704812399277
99.3639470950165 166.69704812399277
99.3639470950165 165.19704812399274
98.8639470950165 163.69704812399274
98.3639470950165 162.19704812399274
97.36394709501651 160.69704812399277
96.8639470950165 159.19704812399277
96.8639470950165 157.69704812399277
96.3639470950165 156.19704812399277
96.3639470950165 154.69704812399277
96.3639470950165 153.19704812399277
96.8639470950165 151.69704812399274
97.36394709501651 150.19704812399274
98.8639470950165 149.19704812399277
100.3639470950165 149.19704812399277
101.8639470950165 148.69704812399274
102.86394709501647 147.19704812399272
102.86394709501647 145.69704812399272
102.86394709501647 144.19704812399277
102.86394709501647 142.19704812399272
102.86394709501647 140.69704812399272
102.86394709501647 139.19704812399277
102.86394709501647 137.69704812399277
102.86394709501647 136.19704812399277
102.86394709501647 134.69704812399277
102.86394709501647 133.19704812399274
102.86394709501647 131.69704812399274
102.86394709501647 130.19704812399274
102.86394709501647 128.69704812399272
102.86394709501647 127.19704812399272
102.86394709501647 125.69704812399272
102.86394709501647 124.19704812399274
slice_number: 17
nb_points_on_contour: 165
315.3190101985 178.49609362649997
313.87369769950004 178.49609362649997
312.42838520050014 178.49609362649997
310.9830727015 178.49609362649997
309.5377602025001 178.49609362649997
308.0924477035 178.49609362649997
306.6471352045001 178.97786445949995
305.2018227055 179.4596352925
303.7565102065 180.4231769585
303.2747393735001 181.86848945749998
302.31119770750007 183.3138019565
301.3476560415 184.75911445549997
300.38411437549996 186.20442695449998
299.9023435425001 187.64973945349996
298.93880187650007 189.09505195249997
298.4570310435001 190.5403644515
297.01171854450007 191.50390611749998
296.52994771150003 192.94921861649996
296.52994771150003 194.3945311155
296.0481768785001 195.83984361449996
295.5664060455 197.28515611350002
295.08463521250013 198.73046861249998
295.08463521250013 200.1757811115
294.6028643794999 201.6210936105
294.12109354650005 203.06640610949998
293.1575518805 204.9934894415
292.6757810475001 206.43880194049996
291.7122393815001 207.88411443950002
290.74869771550004 209.32942693849998
290.26692688250006 210.7747394375
289.7851560495001 212.70182276949998
288.8216143835001 214.1471352685
287.8580727175 215.5924477675
287.37630188450004 217.03776026649996
286.41276021850007 218.96484359849998
284.96744771950006 221.3736977635
284.00390605350003 223.30078109549999
283.04036438750006 225.22786442749998
282.0768227215001 226.67317692649996
281.1132810555001 228.11848942549997
279.66796855650006 229.56380192449996
279.1861977235001 231.00911442349997
278.2226560575001 232.9361977555
276.77734355850004 233.8997394215
276.29557272550005 235.3450519205
275.81380189250007 236.7903644195
274.8502602265001 238.2356769185
274.3684893935001 239.68098941749997
274.3684893935001 241.1263019165
273.8867185605 242.57161441549997
273.8867185605 244.01692691449998
272.3639470950165 245.6970481239928
273.8639470950165 246.6970481239928
275.3639470950165 247.1970481239928
276.8639470950165 247.69704812399277
278.3639470950165 248.1970481239928
278.8639470950165 249.6970481239928
278.3639470950165 251.1970481239928
277.8639470950165 252.69704812399277
276.8639470950165 254.19704812399283
276.8639470950165 255.69704812399283
275.3639470950165 256.6970481239928
274.8639470950165 258.1970481239928
273.3639470950165 258.69704812399283
272.3639470950165 260.19704812399283
271.8639470950165 261.6970481239928
270.8639470950165 263.1970481239928
269.3639470950165 264.19704812399283
268.3639470950165 265.69704812399283
266.8639470950165 266.6970481239928
265.69661439950005 268.58723939749996
264.7330727335001 270.5143227294999
263.7695310675001 272.44140606149995
262.3242185685 273.88671856049996
260.8789060695001 275.33203105949997
259.4335935705 276.7773435585
258.47005190450005 278.2226560575
257.5065102385001 279.6679685565
257.5065102385001 281.1132810554999
257.5065102385001 282.5585935544999
257.5065102385001 284.0039060534999
258.95182273750004 284.9674477195
260.3971352365001 284.9674477195
261.84244773550006 284.9674477195
263.2877602345 284.9674477195
265.21484356650006 284.9674477195
266.6601560655 284.9674477195
268.1054685645001 284.9674477195
269.5507810635 284.9674477195
270.9960935625001 284.48567688649996
272.44140606150006 284.0039060534999
273.8867185605 283.5221352205
275.3320310595001 282.0768227215
276.77734355850004 281.1132810554999
277.2591143915 279.6679685565
278.2226560575001 278.2226560575
279.1861977235001 276.7773435585
279.66796855650006 275.33203105949997
280.6315102225 273.88671856049996
281.5950518885001 272.44140606149995
282.0768227215001 270.99609356249994
283.04036438750006 269.5507810634999
283.52213522050005 268.1054685644999
284.48567688650013 266.6601560654999
285.4492185525001 265.2148435665
286.89453105150005 264.2513019004999
287.8580727175 262.8059894014999
289.3033852165001 262.3242185685
290.74869771550004 261.84244773549995
292.19401021450005 260.87890606950003
293.6393227135 260.39713523649993
295.5664060455 259.43359357049997
297.01171854450007 259.43359357049997
298.4570310435001 258.4700519045
299.9023435425001 257.5065102385
300.8658852085001 256.0611977394999
301.3476560415 254.1341144074999
302.31119770750007 252.68880190849998
302.7929685405001 251.24348940949997
302.7929685405001 249.79817691049996
303.2747393735001 247.8710935785
303.7565102065 246.42578107949996
303.7565102065 244.98046858050003
303.7565102065 243.5351560815
303.7565102065 242.08984358249998
303.7565102065 240.64453108349997
303.7565102065 239.19921858450002
303.7565102065 237.7539060855
304.72005187250005 236.3085935865
305.68359353850013 234.86328108749998
306.16536437150006 233.41796858849995
307.1289060375 231.97265608949996
308.0924477035 230.52734359049998
308.57421853650004 229.08203109149997
309.0559893695001 227.63671859249996
310.01953103550005 226.1914060935
310.9830727015 224.7460935945
310.9830727015 223.30078109549999
311.94661436749993 221.85546859649995
311.94661436749993 220.41015609750002
311.94661436749993 218.96484359849998
311.94661436749993 217.51953109949997
311.94661436749993 216.07421860049996
311.94661436749993 214.6289061015
311.94661436749993 213.1835936025
311.94661436749993 211.7382811035
311.94661436749993 210.29296860449998
311.94661436749993 208.84765610550002
311.94661436749993 207.40234360649995
311.94661436749993 205.9570311075
312.42838520050014 204.51171860849996
312.42838520050014 203.06640610949998
312.42838520050014 201.6210936105
312.42838520050014 200.1757811115
312.42838520050014 198.73046861249998
312.42838520050014 197.28515611350002
312.42838520050014 195.83984361449996
311.94661436749993 194.3945311155
311.94661436749993 192.94921861649996
311.94661436749993 191.50390611749998
311.94661436749993 190.05859361849997
312.42838520050014 188.6132811195
312.42838520050014 187.16796862049998
312.42838520050014 185.7226561215
312.42838520050014 184.27734362249996
slice_number: 18
nb_points_on_contour: 181
63.36394709501651 194.69704812399277
64.36394709501648 193.19704812399277
65.36394709501646 191.69704812399277
66.86394709501651 190.19704812399277
68.36394709501647 188.69704812399274
68.36394709501647 187.19704812399274
69.36394709501651 185.69704812399274
69.8639470950165 184.19704812399272
69.8639470950165 182.69704812399277
70.8639470950165 181.19704812399277
71.86394709501647 179.69704812399277
72.36394709501646 178.19704812399277
73.3639470950165 176.69704812399277
73.86394709501657 175.19704812399274
74.86394709501648 173.69704812399274
75.86394709501646 172.19704812399274
76.8639470950165 170.69704812399272
77.36394709501648 169.19704812399277
78.36394709501657 167.69704812399277
79.86394709501657 166.69704812399277
80.8639470950165 165.19704812399274
82.36394709501657 163.69704812399274
83.36394709501657 162.19704812399274
84.86394709501657 161.69704812399277
86.36394709501657 161.19704812399277
87.86394709501656 161.19704812399277
89.36394709501657 161.19704812399277
90.86394709501658 161.19704812399277
92.36394709501657 161.19704812399277
93.86394709501657 161.19704812399277
95.36394709501657 161.69704812399277
96.86394709501657 162.19704812399274
98.36394709501657 162.69704812399277
99.86394709501657 162.69704812399277
101.8639470950165 162.69704812399277
103.36394709501653 162.69704812399277
104.8639470950165 162.69704812399277
106.36394709501647 162.69704812399277
107.8639470950165 163.19704812399277
109.36394709501647 163.69704812399274
110.86394709501658 164.19704812399277
112.36394709501656 164.69704812399277
113.86394709501664 165.69704812399272
115.86394709501647 166.69704812399277
117.36394709501658 167.69704812399277
118.86394709501656 168.69704812399274
120.86394709501658 169.19704812399277
122.36394709501664 170.19704812399274
123.86394709501664 170.69704812399272
125.36394709501656 170.69704812399272
126.86394709501664 170.69704812399272
128.86394709501664 171.19704812399277
130.86394709501664 171.19704812399277
132.86394709501664 171.19704812399277
134.3639470950165 171.19704812399277
135.86394709501653 171.19704812399277
137.36394709501656 171.19704812399277
138.86394709501658 171.19704812399277
139.86394709501656 169.69704812399277
140.36394709501647 168.19704812399277
140.36394709501647 166.69704812399277
140.86394709501653 165.19704812399274
140.86394709501653 163.69704812399274
140.86394709501653 162.19704812399274
140.86394709501653 160.69704812399277
140.86394709501653 159.19704812399277
140.86394709501653 157.69704812399277
140.86394709501653 156.19704812399277
140.86394709501653 154.69704812399277
140.36394709501647 153.19704812399277
140.36394709501647 151.69704812399274
139.86394709501656 150.19704812399274
139.86394709501656 148.69704812399274
139.86394709501656 146.69704812399274
139.86394709501656 145.19704812399274
139.86394709501656 143.69704812399274
139.86394709501656 142.19704812399272
139.86394709501656 140.19704812399274
139.86394709501656 138.69704812399272
139.86394709501656 136.69704812399274
139.86394709501656 135.19704812399274
139.86394709501656 133.69704812399272
139.86394709501656 132.19704812399272
139.86394709501656 130.69704812399272
139.86394709501656 128.69704812399272
139.86394709501656 126.69704812399274
139.86394709501656 125.19704812399274
139.86394709501656 123.69704812399273
139.86394709501656 121.69704812399276
139.86394709501656 120.19704812399273
139.86394709501656 118.69704812399273
139.86394709501656 117.19704812399273
139.86394709501656 115.6970481239927
139.86394709501656 114.19704812399274
139.86394709501656 112.69704812399274
139.3639470950165 111.19704812399272
137.86394709501647 109.69704812399276
136.8639470950165 108.19704812399276
135.36394709501647 107.19704812399273
133.86394709501644 106.19704812399272
132.86394709501664 104.69704812399276
131.3639470950165 103.69704812399273
129.86394709501664 102.69704812399274
128.36394709501664 102.1970481239927
126.86394709501664 102.1970481239927
125.36394709501656 102.1970481239927
123.86394709501664 102.69704812399274
122.36394709501664 102.69704812399274
120.3639470950165 102.69704812399274
118.8639470950165 102.69704812399274
117.3639470950165 103.19704812399276
115.86394709501647 104.69704812399276
114.3639470950165 105.19704812399273
112.86394709501647 106.19704812399273
111.3639470950165 107.19704812399273
109.8639470950165 108.69704812399273
108.36394709501647 109.19704812399274
106.86394709501647 109.69704812399276
105.36394709501647 110.69704812399274
103.86394709501647 111.69704812399276
102.86394709501647 113.19704812399276
101.36394709501646 114.19704812399274
99.86394709501647 115.19704812399274
98.36394709501646 116.19704812399276
96.86394709501647 117.19704812399274
95.36394709501646 118.19704812399276
93.86394709501647 119.19704812399274
92.36394709501646 120.19704812399274
90.86394709501647 121.19704812399276
89.86394709501647 122.69704812399276
88.36394709501646 123.69704812399274
86.86394709501647 124.69704812399274
85.36394709501646 125.69704812399274
84.36394709501646 127.19704812399274
82.86394709501647 128.19704812399274
81.86394709501646 129.69704812399277
80.36394709501647 130.69704812399274
79.36394709501646 132.19704812399274
77.86394709501646 133.19704812399274
76.86394709501647 134.69704812399277
76.36394709501647 136.19704812399277
75.86394709501646 137.69704812399277
75.86394709501646 139.19704812399277
75.86394709501646 140.69704812399274
75.86394709501646 142.19704812399274
75.36394709501646 143.69704812399274
73.86394709501647 144.69704812399277
72.36394709501646 145.69704812399274
71.86394709501646 147.19704812399274
71.36394709501646 148.69704812399274
70.3639470950165 149.69704812399277
69.8639470950165 151.19704812399277
69.8639470950165 152.69704812399277
69.36394709501651 154.19704812399277
68.86394709501646 155.69704812399277
67.86394709501648 157.19704812399272
67.3639470950165 158.69704812399274
66.86394709501651 160.19704812399274
65.36394709501646 162.19704812399274
65.36394709501646 163.69704812399274
64.86394709501647 165.19704812399274
64.86394709501647 166.69704812399277
64.36394709501648 168.19704812399277
63.8639470950165 169.69704812399277
63.8639470950165 171.69704812399277
62.86394709501646 173.19704812399277
62.36394709501647 174.69704812399277
61.86394709501646 176.19704812399277
61.86394709501646 177.69704812399277
61.36394709501647 179.19704812399272
61.36394709501647 180.69704812399274
61.36394709501647 182.19704812399274
61.36394709501647 183.69704812399274
61.36394709501647 185.19704812399277
61.36394709501647 186.69704812399277
61.36394709501647 188.19704812399277
61.36394709501647 189.69704812399277
61.36394709501647 191.19704812399277
61.36394709501647 192.69704812399277
61.36394709501647 194.19704812399274
62.86394709501646 194.69704812399277
slice_number: 19
nb_points_on_contour: 65
313.8736976995 217.51953109949997
312.4283852005001 217.51953109949997
310.98307270149996 217.51953109949997
309.53776020250007 217.51953109949997
308.09244770349994 217.51953109949997
305.6835935385001 217.51953109949997
303.7565102065 217.51953109949997
302.3111977075 217.51953109949997
300.8658852085 217.51953109949997
298.93880187650007 218.00130193249996
297.49348937749994 218.00130193249996
296.04817687850004 218.48307276549997
293.63932271349995 218.96484359849995
292.19401021450005 218.96484359849995
290.2669268825 219.44661443149997
288.33984355050006 219.44661443149997
285.9309893855 219.44661443149997
284.4856768865001 219.44661443149997
282.5585935545 219.92838526449995
281.11328105550007 220.4101560975
279.6679685565 220.4101560975
277.74088522450006 221.3736977635
275.8138018925 221.85546859649995
274.36848939350006 222.3372394295
272.9231768945 223.30078109549999
270.99609356250005 224.26432276149998
269.5507810635 225.22786442749998
268.5872393975 226.67317692649996
267.62369773150004 228.11848942549997
267.14192689850006 229.56380192449996
266.66015606549996 231.00911442349997
266.66015606549996 232.45442692249995
266.66015606549996 234.86328108749998
266.66015606549996 236.3085935865
266.66015606549996 237.75390608549998
266.66015606549996 239.1992185845
266.66015606549996 240.64453108349997
266.66015606549996 243.0533852485
267.14192689850006 244.49869774749996
267.62369773150004 245.94401024649997
268.10546856450003 248.35286441149995
268.5872393975 249.79817691049996
269.0690102305 251.24348940949997
269.5507810635 252.68880190849998
270.03255189649997 254.61588524049998
271.47786439550003 256.0611977394999
272.4414060615 257.5065102385
272.4414060615 258.9518227374999
273.88671856049996 260.8789060695
275.3320310595 261.84244773549995
276.7773435585 261.84244773549995
278.70442689050003 261.84244773549995
280.1497393895 261.84244773549995
281.59505188850005 261.84244773549995
283.0403643875 261.84244773549995
284.4856768865001 261.84244773549995
285.9309893855 261.84244773549995
287.3763018845 261.84244773549995
289.30338521650003 261.84244773549995
290.7486977155 260.8789060695
292.19401021450005 259.9153644035
293.63932271349995 259.43359357049997
295.5664060455 258.9518227374999
297.0117185445 258.4700519045
298.4570310435 257.98828107149996
slice_number: 21
nb_points_on_contour: 75
321.10026019450004 192.4674477835
319.6549476955 192.9492186165
317.7278643635 193.9127602825
316.2825518645001 194.3945311155
314.83723936549995 195.83984361449998
313.39192686650006 196.3216144475
311.94661436749993 197.2851561135
310.50130186850004 197.76692694649998
308.5742185365 198.73046861249998
307.1289060375 199.69401027849997
305.6835935385001 200.1757811115
303.7565102065 201.62109361049997
302.3111977075 203.06640610949998
301.34765604149993 204.9934894415
300.38411437549996 206.43880194049996
299.4205727095 208.36588527249998
298.4570310435 209.8111977715
297.9752602105 211.25651027049997
297.0117185445 212.70182276949998
296.04817687850004 215.59244776749998
295.0846352125001 218.00130193249996
294.1210935465 219.92838526449995
293.1575518805 221.85546859649995
292.67578104750004 223.30078109549999
292.19401021450005 224.74609359449997
291.23046854849997 227.63671859249996
290.7486977155 229.08203109149997
290.7486977155 230.52734359049995
290.7486977155 232.45442692249995
290.7486977155 234.38151025449994
290.7486977155 235.82682275349998
291.71223938150007 238.2356769185
293.1575518805 240.16276025049999
293.63932271349995 241.60807274949997
294.6028643794999 243.0533852485
295.0846352125001 244.49869774749996
295.5664060455 246.42578107949996
296.5299477115 247.87109357849997
297.9752602105 248.35286441149995
299.4205727095 248.35286441149995
300.8658852085 248.35286441149995
302.3111977075 247.87109357849997
303.7565102065 246.9075519125
305.2018227054999 245.94401024649997
306.64713520450005 244.49869774749996
307.6106768705 243.0533852485
308.5742185365 241.60807274949997
310.50130186850004 240.16276025049999
310.98307270149996 238.71744775149998
312.4283852005001 237.75390608549998
312.4283852005001 236.3085935865
313.39192686650006 234.86328108749998
314.83723936549995 233.41796858849995
315.3190101985 231.97265608949996
316.7643226975 230.52734359049995
316.7643226975 229.08203109149997
317.24609353050005 227.63671859249996
318.2096351965 225.70963526049997
319.1731768625 224.26432276149998
320.13671852850007 222.81901026249994
320.13671852850007 221.3736977635
320.13671852850007 219.92838526449995
320.13671852850007 218.00130193249996
320.13671852850007 216.55598943349997
320.6184893615 215.11067693449996
321.10026019450004 213.18359360249997
321.10026019450004 211.7382811035
321.10026019450004 209.8111977715
321.10026019450004 208.36588527249998
321.10026019450004 206.9205727735
321.10026019450004 205.47526027449996
321.10026019450004 204.02994777549998
321.10026019450004 202.58463527649997
321.10026019450004 201.13932277749998
321.10026019450004 199.69401027849997
slice_number: 22
nb_points_on_contour: 136
321.3639470950165 226.6970481239928
321.8639470950165 225.19704812399277
321.8639470950165 223.69704812399277
321.8639470950165 222.19704812399277
321.8639470950165 220.69704812399277
321.8639470950165 219.19704812399277
321.8639470950165 217.69704812399277
320.3639470950165 217.1970481239928
318.86394709501656 217.1970481239928
317.36394709501656 217.1970481239928
315.8639470950165 217.69704812399277
314.36394709501656 218.1970481239928
312.8639470950166 218.1970481239928
311.3639470950165 218.1970481239928
309.86394709501656 218.69704812399277
308.3639470950166 219.19704812399277
306.8639470950165 219.6970481239928
305.36394709501656 220.69704812399277
303.8639470950166 221.69704812399277
303.36394709501644 223.19704812399277
301.8639470950165 223.69704812399277
300.36394709501656 225.19704812399277
298.8639470950166 226.19704812399277
297.3639470950165 226.6970481239928
295.86394709501656 228.1970481239928
294.3639470950166 228.69704812399277
292.8639470950165 229.6970481239928
291.86394709501656 231.1970481239928
290.86394709501656 232.6970481239928
289.86394709501656 234.1970481239928
288.36394709501656 235.19704812399283
287.86394709501656 236.6970481239928
286.86394709501656 238.1970481239928
285.86394709501656 239.6970481239928
284.36394709501656 241.1970481239928
282.86394709501656 242.19704812399277
281.86394709501656 243.69704812399277
280.36394709501656 244.69704812399277
278.86394709501656 245.6970481239928
277.36394709501656 247.1970481239928
276.36394709501656 248.6970481239928
274.86394709501656 249.6970481239928
273.86394709501656 251.1970481239928
272.86394709501656 252.69704812399277
271.8639470950165 254.19704812399283
270.86394709501656 255.69704812399283
270.86394709501656 257.19704812399283
270.86394709501656 258.69704812399283
271.36394709501656 260.19704812399283
271.36394709501656 261.6970481239928
271.36394709501656 263.1970481239928
271.36394709501656 264.6970481239928
271.36394709501656 266.1970481239928
271.36394709501656 267.6970481239928
271.36394709501656 269.1970481239928
271.36394709501656 270.6970481239928
271.36394709501656 272.1970481239928
270.86394709501656 273.6970481239928
269.36394709501656 275.1970481239928
267.86394709501656 276.1970481239928
266.36394709501656 277.19704812399283
264.8639470950165 278.1970481239928
263.36394709501656 278.1970481239928
261.86394709501656 278.69704812399283
260.36394709501656 279.1970481239928
258.86394709501656 279.6970481239928
257.36394709501656 279.6970481239928
255.86394709501656 279.6970481239928
254.3639470950165 280.1970481239929
252.86394709501656 281.19704812399283
251.8639470950165 282.69704812399283
251.36394709501656 284.19704812399283
251.36394709501656 285.69704812399283
251.36394709501656 287.19704812399283
251.36394709501656 288.6970481239929
252.86394709501656 289.69704812399283
254.3639470950165 289.69704812399283
255.86394709501656 289.69704812399283
257.36394709501656 289.69704812399283
258.86394709501656 289.69704812399283
260.36394709501656 289.69704812399283
261.86394709501656 289.69704812399283
263.36394709501656 289.69704812399283
264.8639470950165 289.69704812399283
266.36394709501656 289.69704812399283
267.86394709501656 289.1970481239928
269.36394709501656 288.6970481239929
270.86394709501656 288.1970481239928
272.36394709501656 287.6970481239928
273.86394709501656 287.19704812399283
275.36394709501656 286.6970481239928
276.36394709501656 285.1970481239928
277.8639470950165 283.6970481239928
279.36394709501656 282.69704812399283
280.36394709501656 281.19704812399283
281.86394709501656 280.1970481239929
283.36394709501656 279.1970481239928
284.36394709501656 277.6970481239928
285.86394709501656 276.6970481239928
287.36394709501656 276.1970481239928
288.86394709501656 275.1970481239928
290.36394709501656 274.19704812399283
291.86394709501656 273.6970481239928
293.36394709501656 272.69704812399283
294.86394709501656 271.6970481239929
296.36394709501656 270.6970481239928
297.86394709501656 269.6970481239928
298.8639470950166 268.1970481239928
300.36394709501656 266.6970481239928
301.8639470950165 265.69704812399283
302.3639470950165 264.19704812399283
303.8639470950166 263.1970481239928
304.86394709501656 261.6970481239928
306.3639470950165 260.19704812399283
307.36394709501656 258.69704812399283
308.3639470950166 257.19704812399283
309.86394709501656 256.1970481239928
310.8639470950165 254.69704812399277
311.3639470950165 253.19704812399277
312.36394709501656 251.69704812399277
313.3639470950166 250.19704812399277
313.3639470950166 248.6970481239928
313.3639470950166 247.1970481239928
313.3639470950166 245.6970481239928
313.86394709501656 244.1970481239928
315.3639470950166 242.6970481239928
315.8639470950165 241.1970481239928
316.86394709501656 239.6970481239928
317.8639470950166 238.1970481239928
318.86394709501656 236.6970481239928
320.3639470950165 235.6970481239928
320.3639470950165 234.1970481239928
320.3639470950165 232.6970481239928
320.3639470950165 231.1970481239928
320.3639470950165 229.6970481239928
320.3639470950165 228.1970481239928
