Study: 1.2.840.113619.2.30.1.1762288805.1961.1111646831.339
Series: 1.2.840.113619.2.30.1.1762288805.1961.1111646831.343
SpacingX: 0.716797
SpacingY: 0.716797
SpacingZ: 10.0

label: ground_glass
localisation: diffuse
slice_number: 10
nb_points_on_contour: 54
97.48904480513514 195.53953594233826
96.78109902075099 194.47761726576206
95.71918034417479 194.12364437357
94.30328877540651 194.12364437357
93.24137009883032 193.76967148137794
92.17945142225412 193.76967148137794
90.76355985348582 193.76967148137794
88.9936953925255 193.76967148137794
87.5778038237572 193.76967148137794
86.515885147181 193.76967148137794
84.74602068622066 193.76967148137794
83.33012911745237 194.12364437357
82.26821044087617 194.47761726576206
80.85231887210789 195.53953594233826
79.43642730333961 195.89350883453034
77.66656284237926 196.95542751110654
76.60464416580307 197.30940040329858
75.54272548922687 198.01734618768273
74.48080681265064 198.72529197206688
73.41888813607444 199.07926486425896
72.35696945949825 199.7872106486431
71.29505078292202 200.49515643302723
70.58710499853788 201.55707510960343
70.58710499853788 202.61899378617966
70.58710499853788 204.0348853549479
70.58710499853788 205.09680403152413
70.58710499853788 206.5126956002924
70.58710499853788 207.92858716906068
71.29505078292202 208.99050584563687
72.00299656730616 210.05242452221307
72.35696945949825 211.1143431987893
73.7728610282665 212.53023476755757
75.18875259703478 213.59215344413377
76.25067127361098 214.30009922851792
77.3125899501872 215.00804501290207
79.08245441114755 215.00804501290207
80.14437308772375 215.00804501290207
81.20629176429995 215.00804501290207
82.62218333306824 213.94612633632585
84.03807490183651 213.59215344413377
85.45396647060477 212.88420765974965
86.86985803937307 212.17626187536553
88.9936953925255 211.1143431987893
90.76355985348582 210.40639741440515
92.17945142225412 209.34447873782895
93.24137009883032 208.28256006125275
93.94931588321444 207.22064138467653
94.65726166759859 206.15872270810036
95.01123455979064 205.09680403152413
95.71918034417479 204.0348853549479
95.71918034417479 202.9729666783717
95.71918034417479 201.55707510960343
95.71918034417479 200.49515643302723
95.71918034417479 199.43323775645104
nb_points_on_contour: 102
143.85949368229618 213.94612633632585
142.79757500571998 212.88420765974962
141.73565632914375 212.53023476755754
140.3197647603755 212.17626187536547
138.9038731916072 211.82228898317345
137.48798162283896 211.82228898317345
136.07209005407066 211.46831609098138
135.01017137749443 211.46831609098138
133.59427980872616 211.11434319878927
132.17838823995794 211.11434319878927
130.7624966711896 211.11434319878927
129.34660510242134 211.11434319878927
127.93071353365306 211.11434319878927
126.16084907269277 211.11434319878927
124.74495750392444 211.11434319878927
122.97509304296415 211.11434319878927
121.55920147419582 211.11434319878927
120.49728279761962 211.11434319878927
118.72741833665927 211.11434319878927
117.66549966008307 211.11434319878927
116.60358098350684 211.46831609098138
115.54166230693065 211.46831609098138
114.47974363035442 212.17626187536547
113.06385206158618 212.53023476755754
112.00193338500995 212.53023476755754
110.5860418162417 213.23818055194167
109.1701502474734 213.94612633632585
108.1082315708972 214.3000992285179
107.04631289432098 214.65407212071
105.98439421774478 215.00804501290207
105.27644843336063 216.0699636894782
104.21452975678443 217.1318823660544
103.86055686459238 218.19380104263064
103.15261108020823 219.60969261139894
102.44466529582411 220.67161128797517
102.09069240363203 222.0875028567434
102.09069240363203 223.14942153331964
102.09069240363203 224.2113402098958
102.09069240363203 225.27325888647204
102.44466529582411 226.33517756304826
102.79863818801616 227.3970962396245
103.5065839724003 228.45901491620066
104.56850264897653 229.87490648496896
105.63042132555273 231.29079805373726
107.04631289432098 232.7066896225055
108.46220446308928 234.12258119127375
109.5241231396655 235.18449986784998
110.94001470843375 236.2464185444262
112.00193338500995 237.30833722100243
113.06385206158618 238.01628300538653
114.47974363035442 239.07820168196275
115.54166230693065 239.7861474663469
116.95755387569895 240.494093250731
118.3734454444672 241.20203903511515
119.43536412104339 241.55601192730722
121.20522858200377 242.26395771169138
122.26714725857997 242.61793060388345
123.32906593515617 242.61793060388345
124.74495750392444 243.3258763882676
125.80687618050064 243.3258763882676
126.86879485707686 243.3258763882676
127.93071353365306 243.3258763882676
130.0545508868055 243.3258763882676
131.1164695633817 243.3258763882676
132.53236113214996 243.3258763882676
133.59427980872616 243.3258763882676
135.01017137749443 243.3258763882676
136.07209005407066 242.97190349607547
137.48798162283896 242.61793060388345
138.9038731916072 242.26395771169138
139.9657918681834 241.90998481949924
141.3816834369517 241.55601192730722
142.44360211352793 241.20203903511515
143.85949368229618 240.84806614292302
144.92141235887237 240.494093250731
146.69127681983272 241.20203903511515
147.0452497120248 239.7861474663469
147.75319549640895 238.01628300538653
148.81511417298515 236.95436432881036
149.1690870651772 235.89244565223413
150.2310057417534 234.8305269756579
151.29292441832962 233.76860829908173
152.00087020271377 232.35271673031343
152.35484309490582 231.29079805373726
152.35484309490582 230.22887937716104
152.35484309490582 229.1669607005848
152.35484309490582 228.10504202400858
152.35484309490582 227.0431233474324
152.35484309490582 225.9812046708562
152.35484309490582 224.91928599428002
152.35484309490582 223.8573673177038
152.35484309490582 222.79544864112756
152.35484309490582 221.73352996455134
151.64689731052172 220.3176383957831
150.93895152613754 218.90174682701485
150.2310057417534 217.83982815043862
149.5230599573693 216.7779094738624
148.46114128079307 215.71599079728617
147.75319549640898 214.65407212071
146.69127681983275 213.94612633632585
145.98333103544857 212.88420765974962
144.92141235887237 212.53023476755754
slice_number: 12
nb_points_on_contour: 78
278.0152198230903 230.22887937716104
276.95330114651415 230.22887937716104
275.89138246993787 230.22887937716104
274.4754909011697 230.22887937716104
273.4135722245934 230.22887937716104
272.3516535480172 230.22887937716104
271.28973487144106 230.22887937716104
270.2278161948648 230.22887937716104
269.1658975182886 230.22887937716104
267.7500059495203 230.22887937716104
266.3341143807521 230.22887937716104
265.27219570417583 230.22887937716104
263.8563041354075 230.22887937716104
262.79438545883136 230.22887937716104
261.7324667822552 230.5828522693531
260.6705481056789 230.9368251615452
259.96260232129487 231.99874383812136
258.9006836447186 233.41463540688966
258.19273786033443 234.47655408346583
257.8387649681424 235.53847276004205
257.13081918375826 236.60039143661828
256.4228733993741 237.66231011319445
255.71492761499 239.07820168196275
255.00698183060584 240.14012035853892
254.2990360462217 241.20203903511515
253.9450631540296 242.61793060388345
253.59109026183754 243.67984928045968
253.59109026183754 245.44971374142
253.59109026183754 247.21957820238038
253.9450631540296 248.63546977114862
254.2990360462217 250.05136133991687
254.65300893841376 251.1132800164931
255.3609547227979 252.17519869306932
256.068900507182 253.23711736964555
256.77684629156624 254.29903604622172
257.4847920759503 255.71492761499002
258.54671075252656 256.4228733993741
259.2546565369106 257.8387649681424
260.3165752134869 258.54671075252656
261.37849389006306 258.9006836447186
262.4404125666392 259.6086294291028
263.8563041354075 259.9626023212948
264.9182228119838 260.3165752134869
265.98014148856 260.67054810567896
267.04206016513615 261.02452099787104
268.10397884171243 261.02452099787104
269.1658975182886 261.02452099787104
270.2278161948648 261.02452099787104
271.6437077636331 260.3165752134869
272.70562644020936 259.2546565369107
273.7675451167855 258.1927378603345
274.4754909011697 256.7768462915662
275.89138246993787 255.36095472279794
276.599328254322 254.29903604622172
277.6612469308982 252.8831444774534
278.36919271528245 251.46725290868517
279.0771384996665 250.40533423210894
279.4311113918586 249.34341555553277
280.4930300684348 247.92752398676447
281.5549487450111 246.15765952580415
282.61686742158724 245.09574084922792
283.6787860981634 244.0338221726517
284.7407047747397 243.3258763882676
285.80262345131587 242.26395771169138
286.5105692357 241.20203903511515
286.5105692357 240.14012035853892
286.86454212789204 239.07820168196275
286.86454212789204 238.01628300538653
286.86454212789204 236.60039143661828
286.1565963435079 235.53847276004205
285.0946776669317 234.8305269756579
283.6787860981634 233.76860829908173
282.2628945293951 232.7066896225055
281.20097585281894 232.35271673031343
280.1390571762428 231.99874383812136
279.0771384996665 231.29079805373726
278.0152198230903 230.9368251615452
276.95330114651415 230.22887937716104
slice_number: 5
nb_points_on_contour: 166
116.74289876474518 220.79072030962345
117.86774007874382 220.79072030962345
118.99258139274252 220.41577320495722
120.11742270674125 220.04082610029099
121.61721112540613 219.6658789956248
122.74205243940483 219.29093189095852
123.8668937534035 218.54103768162608
124.99173506740217 217.41619636762738
125.36668217206841 216.29135505362876
125.36668217206841 215.16651373963003
125.36668217206841 214.04167242563133
125.36668217206841 212.9168311116327
124.99173506740217 211.79198979763396
124.24184085806974 210.66714848363534
123.49194664873727 209.54230716963662
122.74205243940483 208.41746585563791
121.99215823007233 207.2926245416392
121.24226402073992 206.16778322764057
120.86731691607363 205.04294191364187
120.49236981140746 203.91810059964322
120.11742270674125 202.7932592856445
119.74247560207499 201.66841797164582
119.74247560207499 200.54357665764718
119.36752849740878 199.41873534364845
119.36752849740878 198.29389402964975
119.36752849740878 197.16905271565113
119.36752849740878 196.0442114016524
120.11742270674125 194.9193700876537
120.11742270674125 193.79452877365506
121.24226402073992 193.04463456432256
122.3671053347386 192.66968745965636
123.11699954407106 191.54484614565766
124.24184085806974 190.79495193632522
124.24184085806974 189.67011062232652
124.24184085806974 188.54526930832787
124.24184085806974 187.42042799432917
124.24184085806974 186.29558668033047
123.11699954407106 185.54569247099803
121.99215823007233 184.79579826166554
120.86731691607363 183.67095694766687
120.11742270674125 182.5461156336682
118.99258139274252 181.79622142433576
118.61763428807632 180.67138011033705
117.49279297407764 179.5465387963384
116.74289876474518 178.42169748233968
115.61805745074648 177.67180327300724
114.4932161367478 177.296856168341
113.36837482274913 176.92190906367478
112.24353350875046 176.17201485434236
111.11869219475176 175.7970677496761
109.99385088075309 175.04717354034364
108.86900956675436 174.29727933101117
108.11911535742195 173.1724380170125
107.36922114808948 172.04759670301382
106.99427404342327 170.92275538901518
106.99427404342327 169.79791407501645
106.99427404342327 168.67307276101775
106.99427404342327 167.54823144701908
106.99427404342327 166.4233901330204
106.99427404342327 165.29854881902173
106.99427404342327 164.17370750502306
106.99427404342327 163.04886619102433
106.24437983409081 161.92402487702566
105.49448562475834 160.79918356302701
105.1195385200921 159.6743422490283
104.74459141542587 158.54950093502964
103.61975010142717 157.79960672569717
102.86985589209473 156.6747654116985
101.74501457809603 155.92487120236603
100.62017326409733 155.54992409769977
99.49533195009869 155.17497699303357
98.37049063610002 155.17497699303357
97.24564932210134 155.54992409769977
96.12080800810264 155.92487120236603
95.74586090343641 157.0497125163647
94.995966694104 158.17455383036338
94.2460724847715 159.6743422490283
93.87112538010527 160.79918356302701
93.87112538010527 161.92402487702566
93.87112538010527 163.04886619102433
93.87112538010527 164.54865460968927
93.87112538010527 165.67349592368794
94.2460724847715 166.7983372376866
94.62101958943771 167.9231785516853
94.62101958943771 169.048019865684
94.62101958943771 170.17286117968268
94.62101958943771 171.29770249368138
94.62101958943771 172.42254380768003
93.87112538010527 173.54738512167873
92.74628406610657 174.29727933101117
91.99638985677416 175.42212064500987
91.24649564744169 176.54696195900857
91.24649564744169 178.0467503776735
91.24649564744169 179.17159169167215
90.87154854277546 180.29643300567082
90.87154854277546 181.42127431966955
89.74670722877673 182.171168529002
88.62186591477808 182.92106273833446
87.49702460077938 183.2960098430007
86.37218328678071 183.67095694766687
85.24734197278204 184.0459040523331
83.7475535541171 185.17074536633183
82.99765934478467 186.29558668033047
81.872818030786 187.42042799432917
81.872818030786 188.54526930832787
81.872818030786 189.67011062232652
82.6227122401184 190.79495193632522
82.6227122401184 191.91979325032395
82.99765934478467 193.04463456432256
83.7475535541171 194.16947587832126
84.49744776344954 195.29431719232
84.49744776344954 196.41915850631864
84.49744776344954 197.5439998203173
84.49744776344954 198.66884113431604
83.3726064494509 198.66884113431604
82.2477651354522 198.66884113431604
81.12292382145353 198.66884113431604
79.99808250745485 198.66884113431604
80.37302961212106 201.57468119547926
80.74797671678726 204.48052125664253
81.12292382145353 207.38636131780584
81.49787092611976 210.29220137896905
81.872818030786 211.41704269296775
81.872818030786 212.54188400696648
82.2477651354522 214.04167242563133
82.2477651354522 215.16651373963003
82.2477651354522 216.29135505362876
82.2477651354522 217.41619636762738
82.2477651354522 218.54103768162608
82.2477651354522 219.6658789956248
82.2477651354522 220.79072030962345
82.6227122401184 221.91556162362212
82.99765934478467 223.04040293762085
82.99765934478467 224.1652442516195
83.7475535541171 225.2900855656182
84.8723948681158 226.4149268796169
85.62228907744824 227.53976819361554
86.37218328678071 228.66460950761424
86.74713039144694 229.78945082161297
87.49702460077938 230.9142921356116
88.62186591477808 231.66418634494408
89.74670722877673 232.41408055427652
90.87154854277546 232.78902765894273
91.99638985677416 233.53892186827522
93.12123117077283 234.28881607760766
94.2460724847715 234.66376318227387
95.37091379877018 235.03871028694016
96.49575511276888 235.41365739160636
97.62059642676755 235.41365739160636
98.74543774076619 234.66376318227387
99.8702790547649 233.53892186827522
100.99512036876362 232.78902765894273
101.74501457809603 231.66418634494408
102.86985589209473 230.9142921356116
103.99469720609343 229.78945082161297
105.1195385200921 228.66460950761424
106.24437983409081 228.28966240294804
107.36922114808948 227.53976819361554
108.49406246208815 226.4149268796169
109.24395667142062 225.2900855656182
110.36879798541929 224.5401913562857
111.49363929941799 223.79029714695326
112.61848061341664 223.79029714695326
113.36837482274913 223.79029714695326
114.4932161367478 223.41535004228706
115.61805745074648 223.04040293762083
slice_number: 6
nb_points_on_contour: 109
249.84912092125612 204.29304770430943
250.97396223525473 204.29304770430943
252.09880354925346 204.29304770430943
253.5985919679184 204.29304770430943
255.09838038658327 204.29304770430943
256.2232217005819 204.29304770430943
257.3480630145807 204.29304770430943
258.47290432857926 203.9181005996432
259.9726927472442 203.54315349497696
261.09753406124287 203.16820639031073
262.22237537524165 202.4183121809783
263.7221637939065 202.04336507631203
264.84700510790515 201.2934708669796
265.59689931723767 200.1686295529809
266.3467935265701 199.04378823898224
267.0966877359025 197.91894692498354
267.47163484056887 196.41915850631864
267.846581945235 195.29431719231997
268.2215290499013 193.79452877365503
269.34637036389995 192.66968745965636
269.7213174685662 191.54484614565766
270.4712116778986 190.42000483165899
271.5960529918973 189.29516351766028
272.72089430589597 188.54526930832785
274.2206827245609 187.42042799432917
275.3455240385596 186.6705337849967
276.47036535255825 185.92063957566424
277.5952066665569 185.1707453663318
277.9701537712232 184.0459040523331
278.34510087588944 182.92106273833443
279.09499508522185 181.79622142433576
279.8448892945544 180.67138011033705
280.2198363992205 179.17159169167215
280.5947835038868 178.04675037767348
281.3446777132192 176.92190906367478
281.71962481788546 175.42212064500987
282.46951902721787 174.29727933101117
283.2194132365503 173.1724380170125
283.9693074458828 172.04759670301382
284.34425455054907 170.92275538901515
284.34425455054907 169.79791407501645
284.34425455054907 168.67307276101775
284.34425455054907 167.54823144701908
284.34425455054907 166.4233901330204
284.34425455054907 165.29854881902173
283.59436034121666 164.17370750502303
282.84446613188413 163.04886619102433
281.71962481788546 161.92402487702566
280.96973060855294 160.799183563027
279.8448892945544 160.04928935369452
278.7200479805556 159.29939514436208
277.9701537712232 158.17455383036338
276.8453124572245 157.4246596210309
275.72047114322584 156.67476541169847
274.59562982922716 155.92487120236603
273.4707885152285 155.17497699303357
272.3459472012297 155.17497699303357
271.22110588723103 154.0501356790349
270.09626457323236 153.30024146970243
268.9714232592337 152.55034726036996
267.846581945235 152.55034726036996
266.72174063123634 152.55034726036996
265.59689931723767 152.55034726036996
264.472058003239 152.55034726036996
263.3472166892403 152.55034726036996
261.09753406124287 152.55034726036996
259.59774564257805 152.9252943650362
258.47290432857926 152.9252943650362
256.97311590991444 154.0501356790349
256.2232217005819 155.17497699303357
255.47332749124953 156.29981830703224
254.3484861772508 157.79960672569717
253.5985919679184 159.29939514436208
252.47375065391967 161.1741306676932
251.72385644458726 162.2989719816919
251.348909339921 163.7987604003568
250.97396223525473 164.92360171435547
250.59901513058853 166.04844302835417
250.22406802592232 167.17328434235287
249.84912092125612 168.67307276101775
249.47417381658985 170.17286117968268
249.47417381658985 171.6726495983476
249.47417381658985 172.7974909123463
249.47417381658985 173.92233222634496
249.47417381658985 175.7970677496761
249.47417381658985 176.92190906367478
249.47417381658985 178.04675037767348
249.47417381658985 179.17159169167215
249.47417381658985 180.29643300567082
249.47417381658985 181.79622142433576
249.47417381658985 182.92106273833443
249.47417381658985 184.0459040523331
249.47417381658985 185.1707453663318
249.47417381658985 186.29558668033047
249.47417381658985 187.42042799432917
249.47417381658985 188.54526930832785
249.47417381658985 189.67011062232652
248.34933250259118 190.42000483165899
247.59943829325871 191.54484614565766
247.2244911885925 192.66968745965636
246.47459697926004 193.79452877365503
246.09964987459378 194.9193700876537
245.72470276992757 196.0442114016524
245.72470276992757 197.1690527156511
245.72470276992757 198.29389402964975
246.47459697926004 199.41873534364845
246.84954408392625 200.54357665764715
247.59943829325871 201.66841797164582
248.7242796072574 202.4183121809783
slice_number: 8
nb_points_on_contour: 137
99.61943721525691 199.48370021095286
101.19683057645736 199.48370021095286
102.1199616827623 200.5435766576472
103.24480299676097 200.5435766576472
104.36964431075967 200.5435766576472
105.49448562475834 200.5435766576472
106.24437983409081 199.41873534364845
107.36922114808948 198.66884113431607
108.49406246208815 197.91894692498354
109.61890377608685 196.79410561098484
110.7437450900855 195.66926429698617
111.11869219475176 194.5444229829875
111.11869219475176 193.41958166898888
111.49363929941799 192.29474035499013
111.49363929941799 191.16989904099142
111.49363929941799 190.04505772699284
111.49363929941799 188.92021641299408
111.11869219475176 187.79537509899538
110.7437450900855 186.67053378499676
109.99385088075309 185.54569247099803
108.86900956675436 184.79579826166554
107.74416825275566 184.42085115699933
106.61932693875701 184.42085115699933
105.49448562475834 184.0459040523331
104.36964431075967 184.0459040523331
102.86985589209473 184.0459040523331
101.74501457809603 184.0459040523331
100.62017326409733 184.0459040523331
99.49533195009869 183.2960098430007
98.37049063610002 182.5461156336682
97.62059642676755 181.42127431966958
96.87070221743508 180.29643300567082
96.87070221743508 179.17159169167215
96.87070221743508 178.0467503776735
97.24564932210134 176.92190906367478
97.62059642676755 175.7970677496761
97.99554353143378 174.67222643567746
98.37049063610002 173.54738512167873
98.37049063610002 172.42254380768003
98.37049063610002 171.29770249368138
98.37049063610002 170.17286117968268
97.62059642676755 169.048019865684
96.49575511276888 167.9231785516853
95.74586090343641 166.7983372376866
94.62101958943771 166.0484430283542
93.49617827543901 164.92360171435547
92.37133696144036 164.17370750502306
92.37133696144036 163.04886619102433
91.62144275210787 161.54907777235945
90.49660143810922 160.79918356302701
89.74670722877673 159.6743422490283
88.62186591477808 158.92444803969585
87.49702460077938 158.54950093502964
86.37218328678071 158.54950093502964
85.24734197278204 158.17455383036338
84.12250065878337 157.79960672569717
82.99765934478467 157.79960672569717
81.872818030786 157.79960672569717
80.74797671678726 157.79960672569717
79.62313540278856 157.79960672569717
78.49829408878992 158.54950093502964
77.37345277479125 158.92444803969585
76.24861146079257 159.6743422490283
75.12377014679387 160.42423645836078
73.9989288327952 161.1741306676932
72.87408751879653 161.92402487702566
71.74924620479784 162.29897198169192
70.62440489079914 162.67391908635813
69.49956357680045 162.67391908635813
68.37472226280178 162.67391908635813
67.24988094880308 163.7987604003568
66.12503963480441 164.92360171435547
65.00019832080571 165.67349592368794
63.87535700680702 166.7983372376866
63.12546279747458 167.9231785516853
62.00062148347591 168.67307276101775
61.62567437880968 169.79791407501645
61.62567437880968 170.92275538901518
61.62567437880968 172.04759670301382
62.00062148347591 173.1724380170125
61.25072727414344 174.6722264356774
61.25072727414344 175.7970677496761
61.25072727414344 176.92190906367478
61.25072727414344 178.04675037767348
61.25072727414344 179.17159169167215
61.25072727414344 180.29643300567082
61.25072727414344 181.42127431966952
61.25072727414344 182.5461156336682
61.25072727414344 183.67095694766687
61.25072727414344 184.79579826166554
61.25072727414344 185.92063957566424
61.62567437880968 187.42042799432917
61.62567437880968 188.54526930832785
61.62567437880968 189.67011062232652
62.00062148347591 190.79495193632522
62.00062148347591 191.91979325032392
62.00062148347591 193.04463456432256
62.00062148347591 194.16947587832126
62.00062148347591 195.29431719231997
62.00062148347591 196.41915850631864
62.37556858814213 197.91894692498354
63.12546279747458 199.04378823898224
63.875357006807036 200.1686295529809
64.25030411147327 201.2934708669796
64.62525121613949 202.4183121809783
65.00019832080572 203.54315349497696
65.75009253013819 204.66799480897564
66.49998673947064 205.79283612297434
66.87493384413686 206.917677436973
67.99977515813553 207.66757164630548
69.12461647213425 207.66757164630548
70.24945778613292 207.66757164630548
71.3742991001316 207.66757164630548
72.49914041413027 207.66757164630548
73.62398172812897 207.2926245416392
75.12377014679387 206.917677436973
76.24861146079257 206.16778322764057
77.37345277479125 205.79283612297434
78.49829408878992 205.04294191364187
79.62313540278859 204.66799480897564
80.37302961212106 203.54315349497696
81.12292382145353 202.4183121809783
82.2477651354522 201.66841797164582
83.3726064494509 200.91852376231338
84.49744776344957 200.54357665764715
85.62228907744824 200.1686295529809
86.74713039144694 200.1686295529809
87.87197170544562 200.1686295529809
88.99681301944432 200.1686295529809
90.12165433344299 200.1686295529809
91.24649564744169 200.1686295529809
92.37133696144036 199.79368244831468
93.49617827543904 199.41873534364845
94.62101958943774 199.41873534364845
95.74586090343641 199.41873534364845
97.24564932210134 199.41873534364845
98.37049063610002 199.79368244831468
slice_number: 9
nb_points_on_contour: 277
91.10151306477431 118.40568144524795
90.15507704805395 118.72116011748804
89.37176012411055 120.30489625907438
88.24691881011185 120.67984336374059
86.74713039144694 121.42973757307306
85.62228907744824 121.80468467773927
84.49744776344954 122.17963178240552
83.3726064494509 122.92952599173798
82.2477651354522 123.67942020107044
81.12292382145353 124.42931441040287
80.37302961212106 125.55415572440157
79.62313540278856 126.67899703840024
79.62313540278856 127.80383835239891
79.24818829812239 128.9286796663976
78.49829408878992 130.05352098039629
77.37345277479125 130.80341518972875
76.24861146079257 131.55330939906122
75.49871725146008 132.6781507130599
75.12377014679387 133.80299202705856
75.49871725146008 134.92783334105724
76.62355856545878 134.92783334105724
77.74839987945745 135.6777275503897
78.87324119345618 136.05267465505597
79.99808250745485 136.80256886438838
81.12292382145353 137.17751596905464
82.2477651354522 137.92741017838708
83.3726064494509 138.3023572830533
84.49744776344954 139.05225149238575
85.62228907744824 139.42719859705198
86.74713039144694 139.42719859705198
87.49702460077938 140.55203991105066
87.49702460077938 141.67688122504936
87.49702460077938 142.80172253904806
87.49702460077938 143.92656385304673
87.12207749611318 145.0514051670454
86.37218328678071 146.17624648104407
85.62228907744824 147.30108779504278
84.8723948681158 148.42592910904148
83.7475535541171 149.17582331837392
82.6227122401184 149.55077042304015
81.49787092611976 149.55077042304015
80.37302961212106 149.55077042304015
79.24818829812239 149.55077042304015
78.12334698412371 149.17582331837392
76.99850567012501 148.8008762137077
75.87366435612637 148.05098200437521
74.74882304212764 147.30108779504278
73.9989288327952 146.17624648104407
72.87408751879653 145.42635227171164
72.12419330946406 144.30151095771294
70.99935199546537 143.92656385304673
69.87451068146667 143.92656385304673
68.749669367468 144.6764580623792
67.62482805346933 144.6764580623792
66.49998673947063 145.42635227171164
65.75009253013819 146.55119358571034
65.75009253013819 148.05098200437521
66.12503963480441 149.17582331837392
66.12503963480441 150.30066463237262
66.49998673947063 151.4255059463713
67.24988094880308 152.55034726036996
67.24988094880308 153.67518857436863
67.62482805346933 154.8000298883673
67.62482805346933 155.92487120236603
67.62482805346933 157.0497125163647
67.99977515813553 158.17455383036338
68.749669367468 159.6743422490283
69.49956357680045 160.79918356302701
70.62440489079914 161.92402487702566
70.99935199546537 163.04886619102433
71.3742991001316 164.54865460968927
71.3742991001316 165.67349592368794
71.3742991001316 166.7983372376866
71.3742991001316 167.9231785516853
71.3742991001316 169.048019865684
71.3742991001316 170.17286117968268
70.62440489079914 171.29770249368138
70.24945778613292 172.42254380768003
69.12461647213425 173.1724380170125
67.99977515813553 173.92233222634496
66.87493384413686 175.04717354034364
65.75009253013819 175.42212064500987
64.62525121613949 175.7970677496761
63.50040990214082 175.7970677496761
61.62567437880968 177.296856168341
61.25072727414344 178.42169748233968
60.12588596014477 179.17159169167215
59.375991750812304 180.29643300567082
59.001044646146084 181.42127431966952
58.25115043681362 182.5461156336682
58.25115043681362 183.67095694766687
57.8762033321474 184.79579826166554
57.8762033321474 185.92063957566424
57.50125622748118 187.04548088966294
57.126309122814945 188.17032220366164
57.126309122814945 189.29516351766028
57.126309122814945 190.42000483165899
57.126309122814945 191.54484614565766
57.126309122814945 192.66968745965636
57.126309122814945 193.79452877365503
57.126309122814945 194.9193700876537
56.75136201814871 196.0442114016524
56.75136201814871 197.1690527156511
56.75136201814871 198.29389402964975
57.50125622748118 199.41873534364845
57.50125622748118 200.54357665764715
58.25115043681362 201.66841797164582
59.001044646146084 202.7932592856445
59.75093885547854 203.9181005996432
60.87578016947721 204.66799480897564
61.62567437880968 205.79283612297434
62.750515692808364 206.54273033230677
63.875357006807036 207.2926245416392
65.00019832080572 208.41746585563791
66.12503963480441 209.16736006497038
67.24988094880308 209.91725427430285
67.99977515813553 211.04209558830152
69.12461647213425 211.41704269296775
69.87451068146667 212.54188400696646
70.99935199546537 212.91683111163266
72.12419330946406 212.91683111163266
73.24903462346273 212.91683111163266
74.37387593746143 212.91683111163266
75.4987172514601 212.91683111163266
76.62355856545878 212.54188400696646
77.74839987945745 212.1669369023002
79.1133235196506 212.10284710055666
80.05975953637088 211.7873684283165
81.00619555309117 211.47188975607642
82.8990675865318 210.84093241159636
84.16098227549213 210.20997506711606
85.42289696445255 209.89449639487594
87.00029032565305 209.57901772263585
88.26220501461339 208.63258170591564
89.20864103133371 208.63258170591564
91.10151306477431 208.00162436143538
92.04794908149458 207.68614568919529
92.99438509821485 207.37066701695517
93.87112538010527 207.2926245416392
94.2460724847715 206.16778322764057
94.2460724847715 205.04294191364187
93.12123117077283 204.29304770430943
92.37133696144036 203.16820639031073
91.62144275210787 202.04336507631203
91.24649564744169 200.91852376231338
91.24649564744169 199.79368244831468
91.24649564744169 198.6688411343161
91.62144275210787 197.5439998203173
92.37133696144036 196.41915850631864
93.49617827543901 195.29431719232002
94.62101958943771 194.5444229829875
95.74586090343641 194.16947587832126
96.87070221743508 193.4195816689889
97.99554353143378 193.4195816689889
99.49533195009869 193.4195816689889
100.62017326409733 193.4195816689889
101.74501457809603 193.4195816689889
102.86985589209473 193.4195816689889
103.99469720609343 193.4195816689889
105.1195385200921 193.4195816689889
106.24437983409081 193.4195816689889
106.61932693875701 192.29474035499013
106.61932693875701 191.16989904099142
106.61932693875701 190.04505772699284
106.61932693875701 188.92021641299408
106.61932693875701 187.79537509899538
106.61932693875701 186.67053378499676
106.61932693875701 185.54569247099803
106.61932693875701 184.42085115699933
106.61932693875701 183.2960098430007
105.86943272942452 182.171168529002
105.49448562475834 181.0463272150033
104.36964431075967 180.29643300567082
103.61975010142717 179.17159169167215
102.4949087874285 178.42169748233968
101.37006747342983 178.0467503776735
100.24522615943116 177.296856168341
99.12038484543248 176.92190906367478
97.99554353143378 176.1720148543424
96.87070221743508 176.1720148543424
95.74586090343641 176.54696195900857
94.62101958943771 177.296856168341
93.87112538010527 178.42169748233968
93.12123117077283 179.54653879633847
91.99638985677416 180.67138011033705
90.87154854277546 181.0463272150033
88.99681301944432 181.79622142433576
87.87197170544562 182.171168529002
86.74713039144694 182.171168529002
85.62228907744824 182.171168529002
84.49744776344954 181.42127431966958
83.3726064494509 180.29643300567082
82.6227122401184 179.17159169167215
82.6227122401184 178.0467503776735
83.7475535541171 177.296856168341
84.8723948681158 176.92190906367478
85.24734197278204 175.7970677496761
83.7475535541171 174.67222643567746
82.99765934478467 173.54738512167873
81.872818030786 172.79749091234632
81.49787092611976 171.6726495983476
80.37302961212106 170.9227553890152
79.99808250745485 169.79791407501645
79.99808250745485 168.67307276101775
80.74797671678726 167.54823144701908
82.2477651354522 167.54823144701908
83.3726064494509 167.54823144701908
84.49744776344954 167.54823144701908
85.62228907744824 167.54823144701908
86.74713039144694 167.54823144701908
88.24691881011185 167.54823144701908
89.37176012411055 167.54823144701908
90.49660143810922 167.54823144701908
91.99638985677416 168.29812565635154
93.12123117077283 168.29812565635154
94.2460724847715 168.29812565635154
95.37091379877018 168.29812565635154
96.49575511276888 168.29812565635154
97.62059642676755 168.67307276101775
98.74543774076619 169.048019865684
99.8702790547649 169.79791407501645
100.99512036876362 169.79791407501645
101.74501457809603 168.67307276101775
102.1199616827623 167.54823144701908
102.1199616827623 166.4233901330204
101.37006747342983 166.0484430283542
100.24522615943116 166.0484430283542
99.12038484543248 165.29854881902173
97.62059642676755 164.54865460968927
96.49575511276888 163.7987604003568
95.74586090343641 162.67391908635813
94.995966694104 161.54907777235945
94.2460724847715 160.42423645836078
93.12123117077283 159.6743422490283
92.37133696144036 158.54950093502964
91.62144275210787 157.4246596210309
90.87154854277546 156.29981830703224
90.12165433344299 155.17497699303357
89.37176012411055 154.0501356790349
88.99681301944432 152.9252943650362
88.62186591477808 151.8004530510375
88.62186591477808 150.67561173703882
88.62186591477808 149.55077042304015
88.62186591477808 148.42592910904148
88.99681301944432 147.30108779504278
89.74670722877673 146.17624648104407
90.87154854277546 145.42635227171164
91.99638985677416 144.6764580623792
92.74628406610657 143.55161674838047
93.87112538010527 142.80172253904806
94.995966694104 142.0518283297156
96.12080800810264 142.0518283297156
97.24564932210134 142.0518283297156
98.37049063610002 142.0518283297156
99.49533195009869 141.67688122504936
100.62017326409733 141.67688122504936
101.37006747342983 140.55203991105066
102.4949087874285 139.80214570171822
103.24480299676097 138.67730438771952
103.99469720609343 137.55246307372084
103.99469720609343 136.42762175972217
103.61975010142717 135.3027804457235
103.24480299676097 134.17793913172483
102.1199616827623 133.42804492239236
101.37006747342983 132.30320360839363
100.24522615943116 131.55330939906122
99.49533195009869 130.42846808506252
98.37049063610002 129.67857387573005
97.62059642676755 128.55373256173138
96.49575511276888 127.80383835239891
95.74586090343641 126.67899703840024
95.37091379877018 125.55415572440158
94.995966694104 124.42931441040287
94.995966694104 123.30447309640418
94.62101958943771 122.17963178240554
94.2460724847715 121.05479046840681
93.49617827543901 119.92994915440813
nb_points_on_contour: 128
149.78054610143224 235.44826884632377
149.78054610143224 234.5018328296035
149.78054610143224 232.92443946840302
149.78054610143224 231.97800345168272
149.78054610143224 230.71608876272234
149.78054610143224 229.769652746002
149.78054610143224 228.82321672928174
149.78054610143224 227.56130204032138
149.78054610143224 226.29938735136096
149.46506742919215 225.03747266240057
149.46506742919215 223.77555797344024
149.46506742919215 222.82912195671992
148.83411008471197 221.88268593999965
147.88767406799167 220.62077125103923
146.6257593790313 219.98981390655905
145.67932336231098 219.67433523431896
144.73288734559068 219.35885656207884
143.7864513288704 218.09694187311848
142.52453663991002 217.15050585639815
141.57810062318973 216.51954851191798
140.63166460646946 216.2040698396779
139.36974991750907 216.2040698396779
138.42331390078877 216.2040698396779
137.16139921182838 216.2040698396779
135.5840058506279 216.83502718415806
134.63756983390763 217.46598452863827
133.69113381718734 217.7814632008784
132.11374045598683 219.04337788983875
131.16730443926653 219.67433523431896
129.74765041418613 220.46303191491916
128.3279963891057 221.25172859551944
127.0660817001453 221.88268593999965
125.80416701118492 222.5136432844798
124.22677364998444 223.14460062896
122.96485896102405 223.77555797344024
122.01842294430375 224.0910366456803
120.75650825534336 224.72199399016048
119.81007223862306 225.3529513346407
118.54815754966268 226.29938735136096
116.97076418846217 226.93034469584117
115.70884949950181 227.87678071256144
114.76241348278154 228.19225938480156
113.50049879382112 228.82321672928174
111.60762676038058 229.1386954015219
110.66119074366028 229.45417407376198
109.71475472693999 229.769652746002
108.4528400379796 230.08513141824213
106.87544667677912 230.40061009048222
105.61353198781873 230.71608876272234
104.35161729885834 231.03156743496245
103.08970260989793 231.34704610720254
101.19683057645736 231.6625247794426
99.30395854301682 231.97800345168272
98.35752252629652 231.97800345168272
97.0956078373361 232.29348212392281
95.83369314837574 232.29348212392281
94.88725713165545 232.29348212392281
93.94082111493515 232.6089607961629
92.99438509821485 232.92443946840302
92.04794908149458 233.2399181406431
91.10151306477431 233.5553968128832
89.83959837581389 233.5553968128832
88.8931623590936 233.5553968128832
87.94672634237332 233.5553968128832
86.05385430893276 235.13279017408365
85.10741829221249 235.44826884632377
84.16098227549213 236.39470486304407
83.84550360325207 237.34114087976437
83.21454625877186 238.28757689648467
83.21454625877186 239.23401291320494
82.58358891429165 241.7578422911257
82.26811024205159 243.01975698008607
81.95263156981147 244.5971503412866
81.95263156981147 246.49002237472718
81.95263156981147 247.75193706368756
81.95263156981147 248.6983730804078
81.95263156981147 249.96028776936825
82.58358891429165 250.9067237860885
83.53002493101195 252.16863847504888
84.47646094773225 253.4305531640093
84.79193961997234 254.69246785296966
85.42289696445255 255.63890386968998
85.73837563669264 256.90081855865037
86.36933298117285 258.4782119198508
87.31576899789312 259.10916926433106
87.94672634237332 260.3710839532914
88.8931623590936 261.0020412977716
90.78603439253419 262.26395598673196
91.99638985677416 263.1597431369072
93.12123117077283 263.1597431369072
94.2460724847715 263.53469024157346
95.37091379877018 263.53469024157346
96.49575511276888 264.28458445090587
97.62059642676755 265.03447866023834
97.99554353143378 266.15931997423706
99.12038484543248 266.53426707890327
100.24522615943116 266.9092141835695
101.37006747342983 266.9092141835695
102.4949087874285 267.28416128823574
103.6197501014272 267.28416128823574
104.74459141542587 267.28416128823574
106.24437983409081 267.28416128823574
107.36922114808948 267.28416128823574
108.49406246208815 267.28416128823574
109.61890377608685 267.28416128823574
110.74374509008553 267.28416128823574
111.8685864040842 267.28416128823574
112.9934277180829 267.28416128823574
114.1182690320816 267.28416128823574
115.24311034608027 267.28416128823574
116.36795166007894 266.9092141835695
117.49279297407764 266.53426707890327
118.61763428807632 266.53426707890327
119.74247560207499 266.15931997423706
120.86731691607366 265.7843728695708
121.99215823007236 265.40942576490454
123.11699954407106 264.65953155557213
124.24184085806974 264.28458445090587
125.36668217206841 263.53469024157346
126.49152348606711 263.1597431369072
127.61636480006578 262.784796032241
128.74120611406445 261.65995471824226
129.86604742806315 261.2850076135761
130.99088874206183 260.91006050890985
132.11573005606053 260.5351134042436
133.2405713700592 260.1601662995774
134.3654126840579 260.1601662995774
135.49025399805657 260.1601662995774
slice_number: 12
nb_points_on_contour: 154
99.934915887497 160.99530219766098
99.30395854301682 160.0488661809407
98.9884798707767 159.1024301642204
98.9884798707767 158.1559941475001
98.67300119853661 156.89407945853972
98.35752252629652 155.63216476957933
97.72656518181631 153.42381406389867
97.0956078373361 152.16189937493832
97.0956078373361 150.58450601373778
96.4646504928559 149.32259132477742
96.4646504928559 148.06067663581703
96.4646504928559 147.11424061909673
96.14917182061583 145.85232593013637
96.14917182061583 144.90588991341605
96.14917182061583 143.95945389669578
95.83369314837574 143.0130178799755
95.51821447613563 141.7511031910151
95.51821447613563 140.48918850205473
95.20273580389556 139.5427524853344
94.57177845941536 138.59631646861413
94.25629978717521 137.64988045189386
93.62534244269506 136.70344443517354
92.67890642597479 135.75700841845327
91.73247040925449 134.49509372949285
90.4705557202941 134.17961505725276
89.5241197035738 132.9177003682924
88.57768368685353 132.6022216960523
87.31576899789312 132.28674302381222
86.36933298117285 131.65578567933198
85.42289696445255 131.3403070070919
84.47646094773225 131.3403070070919
83.53002493101195 131.65578567933198
82.58358891429165 131.65578567933198
81.3216742253313 132.28674302381222
80.05975953637088 132.28674302381222
79.1133235196506 132.6022216960523
77.85140883069019 132.9177003682924
76.90497281396995 133.54865771277258
75.95853679724962 133.86413638501267
74.69662210828929 134.810572401733
73.43470741932887 136.38796576293345
72.17279273036851 137.64988045189386
71.5418353858883 138.59631646861413
70.27992069692792 139.5427524853344
69.3334846802076 140.80466717429482
68.70252733572741 141.7511031910151
67.75609131900713 143.0130178799755
66.80965530228684 144.27493256893587
66.17869795780666 145.53684725789626
65.54774061332643 147.42971929133682
65.23226194108635 148.37615530805715
64.28582592436608 149.9535486692576
63.97034725212599 150.89998468597793
63.97034725212599 151.8464207026982
63.6548685798859 153.10833539165856
63.339389907645796 154.68572875285906
63.339389907645796 155.94764344181942
63.12546279747458 157.0497125163647
62.750515692808364 158.17455383036338
62.37556858814213 159.29939514436208
61.62567437880968 160.42423645836075
60.50083306481099 161.1741306676932
59.75093885547854 162.2989719816919
58.62609754147985 163.42381329569056
57.8762033321474 164.92360171435547
57.50125622748118 166.04844302835417
56.75136201814871 167.17328434235287
56.37641491348248 168.29812565635154
55.626520704150025 169.42296697035022
55.626520704150025 170.54780828434892
55.251573599483805 171.6726495983476
54.50167939015135 172.7974909123463
54.50167939015135 173.92233222634496
54.12673228548512 175.04717354034364
53.37683807615265 176.17201485434234
53.00189097148643 177.67180327300724
52.25199676215398 178.79664458700591
52.25199676215398 179.92148590100462
52.25199676215398 181.42127431966952
52.25199676215398 182.5461156336682
52.62694386682021 183.67095694766687
53.00189097148643 184.79579826166554
54.12673228548512 185.54569247099803
54.87662649481757 186.6705337849967
55.626520704150025 187.79537509899538
56.75136201814871 188.92021641299408
57.8762033321474 189.67011062232652
58.62609754147985 190.79495193632522
59.75093885547854 191.91979325032392
60.87578016947721 193.04463456432256
62.00062148347591 194.16947587832126
62.750515692808364 195.29431719231997
64.25030411147327 196.0442114016524
65.37514542547194 196.41915850631864
67.24988094880308 197.5439998203173
68.749669367468 197.91894692498354
69.87451068146667 198.29389402964975
70.99935199546537 199.41873534364845
72.87408751879653 200.1686295529809
73.9989288327952 200.1686295529809
75.12377014679387 199.79368244831468
76.62355856545878 199.04378823898224
78.12334698412371 197.5439998203173
79.24818829812239 196.41915850631864
80.37302961212106 194.9193700876537
81.49787092611976 194.16947587832126
82.8990675865318 194.12056278287113
84.16098227549213 193.80508411063107
85.24734197278204 194.16947587832126
86.37218328678071 194.16947587832126
87.49702460077938 194.16947587832126
88.62186591477808 194.16947587832126
89.74670722877673 194.16947587832126
90.87154854277546 194.16947587832126
91.99638985677416 194.16947587832126
93.12123117077283 194.16947587832126
94.2460724847715 194.16947587832126
95.37091379877018 194.16947587832126
95.74586090343641 195.29431719232
96.87070221743508 196.0442114016524
97.99554353143378 196.0442114016524
99.12038484543248 196.0442114016524
100.24522615943116 196.0442114016524
101.37006747342983 196.0442114016524
102.1199616827623 194.9193700876537
103.24480299676097 193.79452877365506
104.36964431075967 192.66968745965636
104.74459141542587 191.54484614565766
105.49448562475834 190.420004831659
105.86943272942452 189.29516351766028
106.24437983409081 188.17032220366167
106.24437983409081 187.04548088966294
106.24437983409081 185.92063957566424
105.86943272942452 184.79579826166554
104.74459141542587 183.67095694766687
103.61975010142717 182.92106273833446
102.86985589209473 181.79622142433576
102.1199616827623 180.67138011033705
102.1199616827623 179.5465387963384
102.1199616827623 178.42169748233968
102.1199616827623 177.296856168341
102.1199616827623 176.17201485434236
102.1199616827623 175.04717354034364
102.1199616827623 173.92233222634496
102.1199616827623 172.79749091234632
102.1199616827623 171.6726495983476
101.74501457809603 170.54780828434892
101.74501457809603 169.42296697035022
101.74501457809603 168.29812565635154
101.37006747342983 167.17328434235287
101.37006747342983 166.0484430283542
101.37006747342983 164.92360171435547
100.99512036876362 163.7987604003568
100.24522615943116 162.67391908635813
slice_number: 13
nb_points_on_contour: 175
281.33515242555245 209.26353905039576
280.38871640883224 209.26353905039576
279.442280392112 209.26353905039576
277.8648870309114 209.57901772263585
276.9184510141912 209.57901772263585
275.6565363252307 209.57901772263585
274.7101003085105 209.57901772263585
273.7636642917902 209.57901772263585
272.81722827506985 209.57901772263585
271.23983491386934 209.89449639487594
270.29339889714913 210.5254537393562
268.7160055359486 210.84093241159633
267.45409084698827 210.84093241159633
266.50765483026805 211.15641108383636
264.6147827968274 211.15641108383636
263.6683467801072 211.15641108383636
262.4064320911467 211.15641108383636
261.14451740218635 211.15641108383636
260.198081385466 211.15641108383636
259.2516453687457 211.15641108383636
258.3052093520254 211.15641108383636
257.35877333530516 211.7873684283165
255.78137997410468 212.4183257727968
254.83494395738447 212.7338044450368
254.20398661290423 213.6802404617571
253.2575505961839 213.99571913399723
251.6801572349835 215.5731124951977
250.73372121826318 216.51954851191798
249.78728520154291 217.7814632008784
249.15632785706268 219.04337788983875
248.52537051258244 219.9898139065591
248.20989184034235 220.93624992327935
247.57893449586217 221.8826859399997
246.94797715138205 223.14460062896
246.31701980690175 224.72199399016048
245.37058379018154 225.66843000688087
244.7396264457013 226.93034469584117
244.10866910122112 228.19225938480156
243.7931904289811 229.45417407376203
243.1622330845008 230.71608876272234
242.21579706778058 232.92443946840305
241.5848397233003 234.18635415736338
240.63840370658008 234.81731150184365
240.00744636209984 235.76374751856386
239.69196768985975 236.71018353528422
238.74553167313954 237.02566220752433
238.11457432865924 237.97209822424452
236.85265963969889 237.97209822424452
235.9062236229785 238.28757689648467
234.9597876062583 238.28757689648467
233.38239424505778 239.54949158544503
231.80500088385733 240.8114062744055
230.54308619489692 241.4423636188856
229.2811715059366 242.7042783078461
228.0192568169762 244.28167166904655
227.38829947249602 245.2281076857668
226.4418634557757 246.49002237472723
225.49542743905548 247.43645839144745
224.86447009457524 248.38289440816772
223.60255540561482 249.64480909712816
222.6561193888946 250.59124511384843
222.34064071665446 251.53768113056873
221.70968337217423 252.484117147289
221.3942046999342 253.74603183624944
221.3942046999342 254.69246785296966
221.3942046999342 255.63890386969004
221.72808807128902 256.4106952529151
221.72808807128902 257.53553656691383
222.47798228062143 257.1605894622476
223.60282359462016 257.53553656691383
224.72766490861878 258.28543077624624
225.4775591179513 259.4102720902449
225.4775591179513 260.5351134042436
226.60240043194992 262.0349018229085
226.97734753661612 263.1597431369072
226.97734753661612 264.28458445090587
228.10218885061485 265.40942576490454
229.22703016461358 266.15931997423706
230.7268185832784 266.5342670789033
231.85165989727713 266.15931997423706
231.85165989727713 265.0344786602384
232.9765012112758 264.65953155557213
234.10134252527453 264.65953155557213
235.22618383927326 265.0344786602384
236.35102515327188 265.40942576490454
236.35102515327188 266.5342670789033
236.35102515327188 267.6591083929019
237.10091936260434 268.7839497069006
237.8508135719368 270.28373812556555
238.97565488593543 270.28373812556555
240.10049619993416 269.90879102089934
241.22533751393289 269.5338439162331
241.60028461859915 268.4090026022344
241.97523172326535 267.28416128823574
242.72512593259765 266.15931997423706
243.84996724659644 265.7843728695708
244.97480856059505 265.7843728695708
246.09964987459372 265.7843728695708
247.2244911885925 265.7843728695708
248.34933250259112 266.15931997423706
248.34933250259112 267.28416128823574
249.4741738165899 268.03405549756815
250.22406802592232 269.1588968115668
251.348909339921 270.28373812556555
252.4737506539196 270.28373812556555
253.5985919679184 270.28373812556555
254.723433281917 269.90879102089934
255.8482745959158 269.90879102089934
256.97311590991444 269.5338439162331
258.0979572239131 268.7839497069006
259.2227985379118 268.4090026022344
260.34763985191046 268.03405549756815
261.47248116590913 267.28416128823574
262.5973224799078 266.9092141835695
263.7221637939065 265.7843728695708
263.7221637939065 264.65953155557213
263.7221637939065 263.53469024157346
263.7221637939065 262.4098489275747
263.7221637939065 261.2850076135761
263.7221637939065 260.1601662995774
264.472058003239 259.03532498557865
265.59689931723767 258.66037788091245
266.72174063123634 258.66037788091245
267.846581945235 259.4102720902449
268.9714232592337 260.1601662995774
269.7213174685662 261.2850076135761
270.4712116778986 262.4098489275747
271.5553135861096 261.0020412977716
272.5017496028298 260.05560528105127
273.44818561955015 258.4782119198508
274.0791429640303 257.53177590313055
274.7101003085105 256.5853398864102
275.97201499747086 255.63890386969004
277.2339296864312 254.37698918072957
278.4958443753917 253.11507449176918
279.75775906435194 251.85315980280888
280.38871640883224 250.9067237860885
281.0196737533124 249.9602877693683
282.2815884422728 248.6983730804078
282.91254578675296 247.75193706368756
283.2280244589931 246.80550104696724
283.54350313123325 245.859065030247
284.1744604757133 244.91262901352667
284.48993914795346 243.9661929968064
284.8054178201935 242.7042783078461
285.4363751646738 240.8114062744055
285.7518538369138 239.54949158544503
285.7518538369138 238.6030555687248
286.06733250915397 237.34114087976437
286.06733250915397 235.44826884632377
286.06733250915397 234.5018328296035
286.06733250915397 233.23991814064317
286.06733250915397 231.97800345168272
286.06733250915397 231.03156743496248
286.06733250915397 229.45417407376203
286.06733250915397 228.50773805704165
285.7518538369138 227.56130204032144
285.7518538369138 226.61486602360108
285.844042969214 224.915138460952
285.844042969214 223.79029714695326
285.844042969214 222.66545583295456
286.21899007388015 221.54061451895595
286.5939371785464 220.41577320495722
286.9688842832127 219.29093189095852
287.3438313878788 218.16609057695987
287.3438313878788 217.04124926296117
287.3438313878788 215.91640794896256
287.3438313878788 214.7915666349638
287.3438313878788 213.6667253209651
287.3438313878788 212.5418840069665
287.3438313878788 211.41704269296775
286.21899007388015 211.04209558830158
285.0941487598815 210.29220137896905
283.9693074458828 209.54230716963662
282.84446613188413 209.16736006497044
slice_number: 14
nb_points_on_contour: 235
92.36342775373464 194.7515201273513
90.78603439253419 194.7515201273513
89.20864103133371 194.43604145511122
88.26220501461339 194.12056278287113
87.31576899789312 193.80508411063107
85.73837563669264 193.48960543839098
84.16098227549213 193.17412676615083
83.21454625877186 193.17412676615083
81.63715289757138 193.17412676615083
80.37523820861102 193.17412676615083
79.4288021918907 193.17412676615083
78.48236617517043 193.17412676615083
77.53593015845013 193.17412676615083
76.58949414172983 193.17412676615083
75.01210078052935 193.17412676615083
73.75018609156893 193.17412676615083
72.48827140260859 193.17412676615083
71.5418353858883 193.17412676615083
70.59539936916802 193.17412676615083
68.38704866348733 193.17412676615083
66.49417663004677 193.17412676615083
65.37514542547194 192.66968745965636
64.25030411147327 192.66968745965636
63.12546279747458 192.29474035499013
62.00062148347591 191.54484614565766
60.87578016947721 191.91979325032392
59.75093885547854 192.29474035499013
58.62609754147985 192.66968745965636
57.126309122814945 193.79452877365503
56.00146780881626 194.16947587832126
54.50167939015135 195.29431719231997
54.12673228548512 196.41915850631864
54.12673228548512 197.5439998203173
54.12673228548512 198.668841134316
54.12673228548512 199.79368244831468
54.12673228548512 200.91852376231338
54.12673228548512 202.04336507631203
54.12673228548512 203.16820639031073
54.12673228548512 204.29304770430943
54.12673228548512 205.41788901830813
54.12673228548512 206.54273033230677
54.12673228548512 207.66757164630548
54.12673228548512 208.79241296030415
54.87662649481757 209.91725427430285
56.00146780881626 210.66714848363532
56.37641491348248 211.79198979763396
56.37641491348248 212.91683111163266
56.00146780881626 214.04167242563133
55.251573599483805 215.16651373963003
55.251573599483805 216.29135505362873
55.251573599483805 217.41619636762738
54.87662649481757 218.54103768162608
54.50167939015135 220.04082610029099
54.50167939015135 221.1656674142897
54.50167939015135 222.29050872828836
54.50167939015135 223.41535004228706
54.50167939015135 224.5401913562857
54.87662649481757 225.6650326702844
54.87662649481757 226.7898739842831
55.251573599483805 227.91471529828178
55.251573599483805 229.03955661228045
55.251573599483805 230.16439792627915
55.626520704150025 231.28923924027782
56.00146780881626 232.41408055427652
56.00146780881626 233.5389218682752
56.75136201814871 234.66376318227387
57.50125622748118 235.78860449627257
57.8762033321474 236.91344581027127
59.001044646146084 237.6633400196037
59.75093885547854 238.7881813336024
60.12588596014477 239.91302264760105
60.87578016947721 241.03786396159975
61.25072727414344 242.16270527559846
61.62567437880968 243.28754658959713
62.00062148347591 244.4123879035958
62.37556858814213 245.5372292175945
62.750515692808364 246.66207053159317
63.50040990214082 247.78691184559187
64.25030411147327 248.91175315959055
64.62525121613949 250.03659447358922
65.00019832080572 251.16143578758792
65.75009253013819 252.28627710158662
66.12503963480441 253.41111841558526
66.87493384413686 254.53595972958396
67.62482805346933 255.66080104358267
68.37472226280178 256.7856423575813
68.749669367468 257.91048367158
69.12461647213425 259.03532498557865
69.87451068146667 260.1601662995774
70.62440489079914 261.2850076135761
71.3742991001316 262.4098489275747
72.49914041413027 263.1597431369072
73.24903462346273 264.28458445090587
74.37387593746143 264.65953155557213
75.4987172514601 265.40942576490454
76.62355856545878 265.7843728695708
77.74839987945745 266.53426707890327
78.87324119345618 267.28416128823574
79.99808250745485 268.03405549756815
81.12292382145353 268.7839497069006
81.872818030786 269.90879102089934
82.99765934478467 270.65868523023175
84.12250065878337 271.7835265442304
85.24734197278204 272.5334207535629
86.37218328678071 273.28331496289536
87.49702460077938 273.6582620675616
88.62186591477808 274.03320917222777
89.74670722877676 274.03320917222777
90.87154854277546 274.03320917222777
91.99638985677416 274.03320917222777
93.12123117077283 274.03320917222777
94.2460724847715 274.03320917222777
95.74586090343641 274.03320917222777
96.87070221743508 274.03320917222777
97.99554353143378 274.03320917222777
99.12038484543248 274.03320917222777
100.24522615943116 274.03320917222777
101.37006747342983 274.03320917222777
102.4949087874285 274.03320917222777
103.6197501014272 273.6582620675616
104.74459141542587 273.6582620675616
105.86943272942455 273.6582620675616
106.99427404342327 273.6582620675616
108.11911535742195 273.6582620675616
109.24395667142062 273.6582620675616
110.36879798541929 273.6582620675616
111.49363929941799 273.6582620675616
112.61848061341666 273.6582620675616
113.74332192741534 273.6582620675616
115.24311034608027 273.6582620675616
116.36795166007894 273.6582620675616
117.49279297407764 273.28331496289536
118.61763428807632 272.9083678582291
119.74247560207499 272.5334207535629
121.24226402073992 271.4085794395642
122.74205243940483 271.033632334898
123.8668937534035 270.65868523023175
124.99173506740217 270.28373812556555
126.11657638140088 269.1588968115668
127.24141769539958 268.7839497069006
127.99131190473199 267.6591083929019
127.99131190473199 266.53426707890327
127.99131190473199 265.40942576490454
127.24141769539958 264.28458445090587
126.11657638140088 262.784796032241
125.74162927673464 261.2850076135761
127.0660817001453 261.0020412977716
127.3815603723854 260.05560528105127
127.3815603723854 259.10916926433106
127.3815603723854 257.8472545753707
127.3815603723854 256.5853398864102
127.3815603723854 255.3234251974499
127.3815603723854 254.37698918072957
126.4351243556651 253.43055316400932
125.17320966670471 253.11507449176918
124.22677364998444 253.11507449176918
122.96485896102405 253.11507449176918
121.70294427206366 253.11507449176918
119.81007223862306 253.74603183624941
118.99258139274252 253.7860655202515
118.99258139274252 252.66122420625285
118.99258139274252 251.53638289225412
118.61763428807632 250.41154157825545
117.86774007874382 249.2867002642568
117.11784586941141 248.16185895025808
115.99300455541271 247.41196474092567
114.86816324141404 247.41196474092567
113.74332192741534 247.41196474092567
112.61848061341664 247.41196474092567
111.49363929941799 247.41196474092567
110.36879798541929 247.78691184559187
108.86900956675436 248.16185895025808
107.74416825275566 248.5368060549243
106.61932693875701 249.2867002642568
105.49448562475834 250.03659447358922
104.36964431075967 250.03659447358922
103.24480299676097 250.03659447358922
102.1199616827623 250.41154157825545
100.99512036876362 250.41154157825545
99.49533195009869 250.7864886829217
98.37049063610002 250.7864886829217
97.24564932210134 250.7864886829217
96.12080800810264 250.7864886829217
94.995966694104 250.7864886829217
93.87112538010527 250.7864886829217
92.74628406610657 250.7864886829217
91.62144275210787 250.7864886829217
90.49660143810922 250.41154157825545
89.37176012411055 249.66164736892298
88.99681301944432 248.5368060549243
88.62186591477808 247.41196474092567
88.24691881011185 246.28712342692694
88.24691881011185 245.16228211292824
89.37176012411055 244.4123879035958
90.49660143810922 244.4123879035958
91.62144275210787 244.4123879035958
92.74628406610657 244.4123879035958
93.87112538010527 244.4123879035958
94.995966694104 244.4123879035958
96.12080800810264 244.4123879035958
97.24564932210134 244.4123879035958
98.37049063610002 244.4123879035958
99.49533195009869 244.4123879035958
100.62017326409733 244.4123879035958
101.19683057645736 243.01975698008607
100.8813519042173 241.7578422911257
100.56587323197715 240.18044892992523
100.25039455973709 238.9185342409649
100.25039455973709 237.97209822424452
100.25039455973709 237.0256622075243
99.934915887497 235.76374751856386
99.934915887497 234.81731150184365
99.934915887497 233.8708754851233
99.934915887497 232.29348212392281
99.934915887497 231.34704610720257
99.934915887497 230.08513141824213
99.934915887497 229.1386954015219
99.934915887497 228.19225938480156
99.934915887497 226.93034469584117
100.25039455973709 225.35295133464072
100.56587323197715 223.77555797344027
100.8813519042173 222.5136432844798
101.51230924869748 221.25172859551944
101.51230924869748 220.30529257879914
101.82778792093757 219.35885656207884
101.82778792093757 217.7814632008784
102.14326659317766 216.83502718415806
102.45874526541778 215.88859116743782
102.45874526541778 214.9421551507175
102.45874526541778 213.99571913399723
102.45874526541778 213.04928311727693
102.45874526541778 212.10284710055666
102.45874526541778 211.15641108383636
102.45874526541778 209.89449639487594
102.45874526541778 208.94806037815565
slice_number: 18
nb_points_on_contour: 156
301.9667684698618 188.1703222036617
303.09160978386046 187.42042799432917
303.8415039931929 186.29558668033047
304.96634530719155 185.54569247099803
305.71623951652407 184.42085115699933
306.84108083052274 183.67095694766687
307.9659221445214 182.92106273833448
309.0907634585201 182.5461156336682
310.21560477251876 182.171168529002
311.34044608651743 182.171168529002
312.4652874005161 182.171168529002
313.5901287145149 182.5461156336682
313.96507581918104 183.67095694766687
313.96507581918104 184.79579826166554
312.84023450518237 185.54569247099803
312.09034029584996 186.67053378499676
310.96549898185117 187.42042799432917
310.590551877185 188.54526930832787
311.34044608651743 189.67011062232652
311.34044608651743 190.79495193632522
311.7153931911837 191.91979325032395
312.09034029584996 193.04463456432256
312.84023450518237 194.5444229829875
313.5901287145149 195.66926429698617
314.3400229238473 196.79410561098484
315.464864237846 197.5439998203173
316.2147584471784 198.66884113431607
317.33959976117706 199.41873534364845
317.7145468658433 200.5435766576472
318.0894939705096 201.66841797164582
319.21433528450825 201.66841797164582
320.3391765985069 201.66841797164582
321.4640179125056 201.66841797164582
322.96380633117053 200.1686295529809
323.3387534358367 199.04378823898224
323.71370054050305 197.5439998203173
323.71370054050305 196.41915850631864
323.71370054050305 195.29431719232
323.71370054050305 194.16947587832126
323.71370054050305 193.04463456432256
324.0886476451692 191.91979325032395
324.0886476451692 190.79495193632522
324.0886476451692 189.67011062232652
324.46359474983547 188.54526930832787
324.46359474983547 187.42042799432917
324.8385418545016 186.29558668033047
324.8385418545016 185.17074536633183
324.8385418545016 184.0459040523331
324.8385418545016 182.92106273833446
324.8385418545016 181.79622142433576
324.8385418545016 180.67138011033705
324.8385418545016 179.5465387963384
324.8385418545016 178.42169748233968
324.46359474983547 177.296856168341
324.46359474983547 176.1720148543424
324.46359474983547 175.04717354034364
324.46359474983547 173.92233222634496
324.46359474983547 172.79749091234632
324.46359474983547 171.6726495983476
324.46359474983547 170.54780828434892
324.46359474983547 169.42296697035022
324.46359474983547 168.29812565635154
324.0886476451692 167.17328434235287
322.96380633117053 166.7983372376866
321.83896501717186 166.4233901330204
320.7141237031732 166.0484430283542
319.5892823891745 166.0484430283542
318.46444107517584 166.4233901330204
317.33959976117706 166.4233901330204
316.2147584471784 166.7983372376866
315.0899171331797 166.7983372376866
313.96507581918104 167.17328434235287
312.84023450518237 167.9231785516853
311.7153931911837 168.67307276101775
310.67466894388144 170.4596623648639
309.72823292716123 170.775141037104
308.7817969104409 171.40609838158417
307.8353608937207 171.72157705382426
306.88892487700036 172.03705572606435
305.94248886028004 172.35253439830444
304.9960528435596 172.66801307054456
304.0496168268395 172.9834917427847
302.78770213787914 172.9834917427847
301.8412661211588 173.29897041502485
300.8948301044386 173.61444908726486
299.6329154154781 173.92992775950495
298.37100072651776 174.24540643174504
297.42456470979744 174.56088510398516
296.1626500208371 174.8763637762253
295.21621400411675 174.8763637762253
294.2697779873964 174.8763637762253
293.3233419706762 174.8763637762253
292.3769059539559 174.8763637762253
291.43046993723567 174.8763637762253
290.48403392051534 174.8763637762253
288.90664055931484 174.8763637762253
287.64472587035436 174.8763637762253
286.69828985363415 174.8763637762253
285.7518538369138 174.8763637762253
284.1744604757133 174.8763637762253
283.2280244589931 174.8763637762253
282.2815884422728 174.8763637762253
281.33515242555245 174.8763637762253
280.38871640883224 174.8763637762253
279.12680171987176 174.8763637762253
278.18036570315155 174.8763637762253
276.9184510141912 175.1918424484653
275.97201499747086 175.1918424484653
275.02557898075065 175.50732112070543
274.0791429640303 176.13827846518564
273.7636642917902 177.0847144819059
273.7636642917902 178.0311504986262
273.7636642917902 178.9775865153465
274.39462163627036 180.2395012043069
275.6565363252307 180.87045854878707
276.9184510141912 181.50141589326728
278.81132304763173 181.81689456550737
279.75775906435194 182.44785190998763
281.0196737533124 183.07880925446773
281.96610977003274 183.07880925446773
283.54350313123325 183.39428792670785
284.8054178201935 183.70976659894794
285.7518538369138 184.02524527118806
286.69828985363415 184.3407239434282
287.64472587035436 184.3407239434282
288.90664055931484 184.65620261566824
290.3434082252087 186.29558668033047
291.46824953920736 185.54569247099803
292.59309085320604 184.79579826166554
293.34298506253845 183.67095694766687
294.09287927187097 182.5461156336682
295.21772058586964 182.171168529002
295.96761479520217 181.0463272150033
297.0924561092007 180.67138011033705
297.84235031853325 179.54653879633838
298.9671916325319 178.42169748233968
300.0920329465306 177.296856168341
301.21687426052927 176.92190906367478
302.34171557452794 176.17201485434234
303.4665568885267 175.7970677496761
304.5913982025254 175.7970677496761
305.71623951652407 175.7970677496761
306.84108083052274 175.7970677496761
307.9659221445214 176.17201485434234
307.59097503985515 177.296856168341
307.2160279351889 178.42169748233968
306.4661337258565 179.54653879633838
305.71623951652407 180.67138011033705
304.5913982025254 181.42127431966952
303.8415039931929 182.5461156336682
303.09160978386046 183.67095694766687
301.9667684698618 184.42085115699933
300.8419271558631 185.54569247099803
299.71708584186445 185.92063957566424
298.59224452786566 186.29558668033047
297.467403213867 186.6705337849967
