Study: 2.16.840.1.113669.632.20.1211.10000244350
Series: 1.2.840.113704.1.111.3628.1148889502.11
SpacingX: 0.75390625
SpacingY: 0.75390625
SpacingZ: 10.0

label: fibrosis
localisation: diffuse
slice_number: 1
nb_points_on_contour: 74
300.4084024789074 188.17398977143012
301.5332437929061 188.17398977143012
302.65808510690476 187.42409556209768
303.78292642090344 187.42409556209768
304.9077677349021 187.42409556209768
306.0326090489009 187.42409556209768
307.15745036289957 186.6742013527652
308.28229167689824 185.1744129341003
309.4071329908969 184.04957162010163
309.7820800955632 182.92473030610293
310.1570272002293 181.42494188743802
310.1570272002293 180.30010057343935
310.1570272002293 179.17525925944068
310.1570272002293 178.05041794544198
310.1570272002293 176.92557663144328
309.4071329908969 175.8007353174446
309.4071329908969 174.67589400344593
308.28229167689824 173.92599979411347
308.28229167689824 172.8011584801148
308.28229167689824 171.67631716611612
308.28229167689824 170.55147585211742
307.5323974675657 169.0516874334525
307.5323974675657 167.92684611945384
307.5323974675657 166.4270577007889
307.5323974675657 165.30221638679023
306.7825032582333 164.17737507279156
306.0326090489009 163.05253375879286
305.28271483956837 161.92769244479416
304.53282063023596 160.8028511307955
303.78292642090344 159.30306271213058
303.033032211571 157.80327429346568
302.2831380022386 156.678432979467
301.15829668823994 156.678432979467
300.03345537424116 157.0533800841332
298.53366695557634 157.42832718879944
297.40882564157766 157.80327429346568
296.2839843275789 158.17822139813188
295.1591430135802 158.55316850279814
295.1591430135802 159.67800981679682
295.1591430135802 160.8028511307955
295.53409011824647 161.92769244479416
296.65893143224514 163.05253375879286
297.0338785369114 164.17737507279156
297.40882564157766 165.30221638679023
297.7837727462438 166.4270577007889
298.1587198509101 167.5518990147876
298.9086140602425 168.67674032878628
298.9086140602425 169.80158164278498
299.28356116490875 170.92642295678365
299.28356116490875 172.05126427078233
299.658508269575 173.176105584781
298.9086140602425 174.3009468987797
297.40882564157766 175.05084110811214
296.65893143224514 176.17568242211084
295.1591430135802 176.92557663144328
294.03430169958153 177.67547084077574
292.90946038558286 178.05041794544198
291.7846190715842 178.4253650501082
291.0347248622518 179.55020636410688
289.53493644358684 180.30010057343935
289.1599893389206 181.42494188743802
289.1599893389206 182.5497832014367
289.1599893389206 183.6746245154354
289.9098835482531 184.7994658294341
290.6597777575855 185.92430714343277
291.7846190715842 186.6742013527652
292.90946038558286 187.7990426667639
294.03430169958153 188.17398977143012
295.1591430135802 188.54893687609638
296.2839843275789 188.54893687609638
297.40882564157766 188.92388398076258
298.53366695557634 189.29883108542882
299.658508269575 189.29883108542882
300.7833495835737 189.29883108542882
nb_points_on_contour: 134
312.0317627235604 238.79184890137088
312.7816569328928 237.292060482706
313.53155114222534 235.79227206404107
313.53155114222534 234.66743075004234
313.53155114222534 233.54258943604373
313.53155114222534 232.41774812204505
313.53155114222534 231.29290680804633
313.53155114222534 230.1680654940476
313.53155114222534 229.04322418004898
313.53155114222534 227.9183828660503
313.53155114222534 226.79354155205158
313.53155114222534 225.66870023805285
313.53155114222534 224.54385892405423
313.53155114222534 223.41901761005556
313.53155114222534 222.29417629605683
313.9064982468915 220.7943878773919
314.28144535155775 219.29459945872696
314.28144535155775 218.1697581447283
314.28144535155775 217.04491683072968
313.1566040375591 216.6699697260634
312.0317627235604 216.6699697260634
310.90692140956173 215.920075516731
309.78208009556306 215.920075516731
308.6572387815643 215.920075516731
307.5323974675656 216.29502262139715
306.40755615356693 216.29502262139715
305.28271483956826 216.29502262139715
304.1578735255696 216.29502262139715
303.0330322115709 215.54512841206474
301.90819089757224 214.79523420273222
300.78334958357357 214.04533999339986
300.03345537424104 212.54555157473493
299.28356116490863 211.42071026073626
299.28356116490863 210.29586894673753
300.03345537424104 208.7960805280726
300.78334958357357 207.29629210940766
301.90819089757224 205.79650369074278
302.65808510690465 204.29671527207785
303.4079793162372 203.17187395807923
304.53282063023585 202.42197974874682
304.907767734902 200.9221913300819
306.0326090489008 199.79735001608316
306.40755615356693 198.67250870208449
307.5323974675656 197.5476673880858
308.2822916768981 196.4228260740871
308.2822916768981 195.29798476008844
307.15745036289945 194.548090550756
306.0326090489008 194.548090550756
304.907767734902 194.9230376554222
303.7829264209033 195.29798476008844
302.65808510690465 195.67293186475467
301.533243792906 196.4228260740871
300.4084024789073 196.79777317875335
299.28356116490863 197.1727202834196
298.5336669555762 198.29756159741825
297.40882564157755 198.67250870208449
296.658931432245 199.79735001608316
295.9090372229126 200.9221913300819
295.9090372229126 202.04703264408056
294.4092488042477 203.17187395807923
294.4092488042477 204.29671527207785
293.65935459491527 205.42155658607663
292.90946038558275 206.5463979000753
292.15956617625034 207.67123921407398
292.15956617625034 208.7960805280726
290.6597777575854 209.92092184207138
289.15998933892047 210.6708160514038
288.0351480249218 211.7956573654024
286.9103067109231 212.17060447006872
285.78546539692445 212.17060447006872
284.6606240829258 212.17060447006872
283.5357827689271 212.17060447006872
282.41094145492843 212.17060447006872
281.28610014092976 212.54555157473493
280.161258826931 212.9204986794012
278.66147040826615 213.67039288873355
277.5366290942675 214.79523420273222
276.4117877802687 215.17018130739848
274.9119993616039 215.920075516731
273.7871580476052 216.29502262139715
272.2873696289404 217.04491683072968
271.1625283149416 218.1697581447283
269.2877927916104 218.91965235406082
268.1629514776117 219.66954656339323
267.03811016361306 220.41944077272575
267.03811016361306 221.54428208672442
268.1629514776117 222.66912340072304
269.2877927916104 223.41901761005556
270.4126341056091 224.16891181938797
271.53747541960774 224.54385892405423
272.6623167336064 224.9188060287205
273.7871580476052 224.9188060287205
274.9119993616039 225.29375313338664
276.03684067560266 225.29375313338664
277.1616819896011 225.29375313338664
278.2865233035999 225.29375313338664
279.41136461759857 225.29375313338664
280.53620593159724 225.29375313338664
281.6610472455959 225.29375313338664
282.7858885595946 225.66870023805285
283.91072987359325 225.66870023805285
285.4105182922582 225.29375313338664
286.53535960625686 225.29375313338664
287.66020092025553 225.29375313338664
288.7850422342542 225.29375313338664
289.909883548253 225.29375313338664
291.03472486225166 225.29375313338664
292.15956617625034 224.54385892405423
293.284407490249 224.54385892405423
294.4092488042477 223.41901761005556
295.53409011824635 221.91922919139063
296.658931432245 221.1693349820581
297.7837727462437 220.41944077272575
298.90861406024237 220.41944077272575
300.03345537424104 220.41944077272575
301.15829668823983 220.41944077272575
302.2831380022385 221.1693349820581
303.4079793162372 222.29417629605683
304.53282063023596 223.41901761005556
305.28271483956837 224.54385892405423
304.9077677349021 225.6687002380529
304.9077677349021 226.79354155205158
304.53282063023596 228.2933299707165
304.1578735255697 229.7931183893814
304.1578735255697 230.91795970338012
303.78292642090344 232.41774812204505
303.78292642090344 233.54258943604373
304.1578735255697 234.6674307500424
305.28271483956837 235.41732495937487
306.40755615356704 236.16721916870728
307.5323974675657 237.6670075873722
308.6572387815644 238.41690179670468
309.7820800955632 238.41690179670468
310.90692140956185 238.41690179670468
nb_points_on_contour: 106
157.92850270574058 269.9124585886675
156.80366139174185 271.4122470073327
155.67882007774318 272.5370883213314
154.5539787637445 273.6619296353298
154.55397876374462 274.7867709493286
154.17903165907842 275.9116122633273
153.4291374497459 277.41140068199235
152.30429613574725 278.1612948913247
151.17945482174858 278.9111891006571
150.0546135077499 279.28613620532354
148.92977219375118 280.0360304146558
147.4299837750863 280.0360304146558
146.30514246108763 280.0360304146558
145.1803011470889 280.78592462398825
144.05545983309023 281.5358188333209
142.9306185190917 281.5358188333209
141.8057772050929 281.5358188333209
140.30598878642795 282.6606601473194
138.80620036776307 282.6606601473194
137.68135905376434 282.6606601473194
136.93146484443196 282.66066014731945
135.80662353043328 283.7855014613181
134.6817822164346 283.7855014613181
133.18199379776974 284.5353956706507
132.4320995884372 285.66023698464926
131.3072582744386 286.41013119398184
130.18241696043992 287.5349725079805
130.93231116977233 288.65981382197907
132.05715248377103 289.40970803131165
133.18199379776974 289.40970803131165
133.93188800710217 290.5345493453103
135.05672932110085 292.03433776397515
136.1815706350995 292.7842319733076
136.55651773976567 293.9090732873062
137.68135905376434 293.9090732873062
138.80620036776307 293.9090732873062
139.9310416817617 293.9090732873062
141.05588299576058 293.9090732873062
142.1807243097591 293.9090732873062
143.3055656237578 293.53412618264014
144.43040693775646 293.1591790779739
145.55524825175513 292.78423197330756
146.68008956575392 292.0343377639751
147.8049308797525 291.6593906593088
148.92977219375118 291.2844435546428
150.0546135077499 290.9094964499764
151.55440192641478 290.5345493453103
152.67924324041346 289.78465513597774
153.80408455441219 289.40970803131165
154.92892586841086 288.659813821979
156.05376718240953 288.284866717313
157.17860849640817 287.9099196126466
158.3034498104069 286.78507829864793
160.178185333738 286.03518408931546
160.9280795430704 286.0351840893154
162.05292085706913 285.66023698464915
162.8028150664018 285.28528987998317
163.9276563804005 284.5353956706507
165.05249769439916 283.78550146131823
165.42744479906537 282.66066014731956
166.55228611306407 281.9107659379871
167.67712742706277 280.4109775193222
168.80196874106144 279.66108330998975
169.5518629503939 278.1612948913248
170.67670426439258 277.03645357732614
172.92638689238987 276.6615064726598
173.6762811017224 275.5366651586612
174.42617531105483 274.41182384466254
175.17606952038727 272.9120354259976
175.5510166250535 271.78719411199893
175.9259637297197 270.66235279800026
176.30091083438595 269.5375114840016
176.30091083438595 268.4126701700029
176.67585793905215 267.28782885600424
177.05080504371838 265.78804043733925
177.42575214838467 264.66319912334063
177.42575214838467 263.53835780934196
177.42575214838467 262.41351649534323
177.42575214838467 261.28867518134456
177.42575214838467 260.16383386734583
176.67585793905215 259.03899255334716
175.17606952038727 257.9141512393485
174.80112241572098 256.7893099253498
173.3013339970561 255.66446861135114
172.17649268305743 254.91457440201867
171.05165136905876 254.16468019268615
170.30175715972632 253.03983887868748
169.1769158457276 252.28994466935512
168.05207453172892 252.28994466935512
166.92723321773028 252.66489177402133
165.8023919037316 253.78973308801994
165.05249769439908 254.91457440201867
163.5527092757342 256.03941571601734
163.5527092757342 257.164257030016
163.5527092757342 258.28909834401475
163.5527092757342 259.4139396580134
163.5527092757342 260.5387809720121
163.5527092757342 261.66362228601076
163.5527092757342 262.78846360000944
163.5527092757342 263.9133049140081
163.5527092757342 265.0381462280068
162.80281506640176 266.16298754200545
162.80281506640176 267.28782885600424
162.80281506640176 268.78761727466906
161.6779737524031 268.78761727466906
160.17818533373816 269.5375114840016
slice_number: 2
nb_points_on_contour: 106
121.50954152018323 266.1793941100298
121.90670563754537 264.9879017579434
121.90670563754537 263.39924528849485
121.90670563754537 262.2077529364084
122.30386975490751 260.61909646695983
122.70103387226968 258.6332758801492
122.70103387226968 257.44178352806273
122.70103387226968 255.455962941252
123.09819798963181 253.47014235444132
123.09819798963181 251.4843217676306
123.49536210699395 249.49850118081991
123.49536210699395 247.11551647664706
123.89252622435612 243.73962147906886
124.28969034171826 240.36372648149063
124.6868544590804 237.98074177731786
124.6868544590804 235.99492119050714
124.6868544590804 233.21477236897212
124.6868544590804 230.83178766479926
124.6868544590804 228.0516388432643
124.6868544590804 226.0658182564536
124.6868544590804 224.07999766964286
124.6868544590804 221.69701296547007
124.6868544590804 218.51970002657293
124.6868544590804 216.93104355712433
124.1832632857803 215.35233851696486
124.1832632857803 214.22749720296616
123.05842197178163 213.10265588896746
122.30852776244916 211.9778145749688
121.18368644845049 211.60286747030258
120.43379223911802 210.47802615630388
119.30895092511935 209.72813194697144
118.55905671578691 208.60329063297274
117.43421540178821 208.22834352830654
116.30937408778951 207.47844931897404
115.18453277379083 207.10350221430784
114.05969145979216 206.7285551096416
112.93485014579346 206.3536080049754
111.43506172712856 205.6037137956429
110.31022041312985 205.2287666909767
109.18537909913118 205.2287666909767
108.06053778513251 204.85381958631046
106.93569647113384 204.47887248164426
105.81085515713514 204.47887248164426
104.68601384313646 204.47887248164426
102.84282800416264 203.03029944944942
101.65133565207623 203.82462768417366
100.06267918262762 205.0161200362601
98.8711868305412 207.39910474043296
98.4740227131791 208.5905970925194
98.07685859581696 210.17925356196798
97.67969447845482 211.37074591405437
97.28253036109268 212.56223826614084
96.88536624373054 213.75373061822722
96.4882021263684 214.94522297031364
95.6938738916441 218.12253590921077
95.6938738916441 220.1083564960215
95.6938738916441 222.4913412001943
95.6938738916441 223.68283355228075
95.296709774282 224.8743259043672
95.296709774282 226.0658182564536
95.296709774282 227.25731060853997
94.89954565691983 228.84596707798858
94.89954565691983 230.03745943007502
94.89954565691983 231.6261158995236
94.89954565691983 233.6119364863343
94.89954565691983 236.39208530786925
94.89954565691983 237.98074177731786
94.89954565691983 239.96656236412855
94.89954565691983 241.15805471621496
94.89954565691983 242.74671118566351
94.89954565691983 245.12969588983637
94.50238153955766 246.7183523592849
94.50238153955766 247.90984471137133
94.50238153955766 249.49850118081991
94.50238153955766 251.08715765026844
94.50238153955766 252.27865000235488
94.89954565691983 253.86730647180346
96.09103800900627 255.455962941252
96.4882021263684 257.0446194107006
97.28253036109268 258.236111762787
98.4740227131791 259.82476823223556
100.06267918262762 261.4134247016841
101.25417153471406 263.00208117113266
102.4456638868005 264.19357352321913
103.63715623888692 265.3850658753056
105.22581270833544 266.97372234475415
107.21163329514619 268.5623788142027
108.00596152987049 269.75387116628906
109.1974538819569 270.94536351837553
109.99178211668115 272.13685587046194
111.18327446876759 273.32834822254836
112.37476682085403 273.72551233991055
113.56625917294042 274.1226764572726
117.14073622919972 275.3141688093591
118.3322285812861 275.3141688093591
119.52372093337254 275.71133292672124
120.71521328545899 275.71133292672124
121.90670563754537 275.71133292672124
123.89252622435612 275.3141688093591
124.6868544590804 274.1226764572726
125.4811826938047 272.9311841051862
125.87834681116684 271.3425276357376
125.08401857644256 270.15103528365125
123.49536210699395 269.75387116628906
122.30386975490751 268.95954293156484
121.11237740282112 268.1652146968405
slice_number: 3
nb_points_on_contour: 114
143.35356797510102 196.67567357165518
142.1620756230146 195.88134533693088
140.9705832709281 195.88134533693088
139.7790909188417 195.88134533693088
138.1904344493932 196.27850945429304
136.99894209730675 196.27850945429304
134.21879327577167 196.67567357165518
133.02730092368532 197.07283768901732
131.4386444542368 197.07283768901732
130.24715210215038 197.86716592374154
129.05565975006385 198.2643300411037
127.46700328061533 198.2643300411037
125.87834681116684 198.66149415846587
123.89252622435612 198.66149415846587
122.30386975490745 199.05865827582804
120.31804916809685 200.25015062791445
118.72939269864827 201.4416429800009
116.34640799447536 203.03029944944942
114.75775152502686 204.22179180153591
113.16909505557831 205.41328415362227
111.58043858612976 205.81044827098444
110.78611035140548 207.00194062307085
110.38894623404326 208.5905970925194
109.59461799931904 210.17925356196798
109.1974538819569 212.16507414877867
108.80028976459477 213.3565665008651
108.00596152987049 215.3423870876758
108.00596152987049 216.93104355712433
107.60879741250835 218.51970002657293
107.60879741250835 219.71119237865938
107.60879741250835 221.2998488481079
108.81043199446498 222.8512806102894
109.93527330846365 223.60117481962183
111.06011462246232 223.9761219242881
111.43506172712856 225.10096323828677
111.43506172712856 226.22580455228547
111.43506172712856 227.35064586628414
111.81000883179479 228.4754871802828
112.55990304112726 229.6003284942815
113.3097972504597 228.4754871802828
114.80958566912463 228.10054007561658
115.9344269831233 228.4754871802828
117.05926829712197 229.22538138961528
118.18410961112065 229.97527559894772
118.18410961112065 231.10011691294642
118.18410961112065 232.22495822694512
118.18410961112065 233.3497995409438
117.05926829712197 234.09969375027626
117.05926829712197 235.22453506427493
117.05926829712197 236.3493763782736
117.80916250645444 237.4742176922723
118.55905671578691 238.59905900627098
119.68389802978558 239.72390032026968
120.05884513445176 237.84916479693854
120.05884513445176 236.72432348293984
120.05884513445176 235.59948216894114
120.43379223911802 234.47464085494246
120.80873934378425 233.34979954094376
121.55863355311672 232.22495822694506
121.93358065778295 231.1001169129464
123.05842197178157 230.35022270361395
124.18326328578024 229.60032849428148
125.30810459977891 229.60032849428148
126.43294591377767 229.60032849428148
127.55778722777637 229.60032849428148
128.68262854177505 229.60032849428148
129.80746985577375 229.60032849428148
130.93231116977242 229.60032849428148
132.05715248377103 229.60032849428148
133.1819937977697 229.60032849428148
134.3068351117684 229.60032849428148
135.43167642576714 228.85043428494907
136.18157063509958 227.72559297095037
136.93146484443207 226.60075165695167
135.43167642576714 225.475910342953
134.30683511176844 224.3510690289543
132.80704669310356 223.9761219242881
131.6822053791049 223.2262277149556
130.55736406510619 222.8512806102894
129.80746985577375 221.72643929629078
128.68262854177505 220.97654508695823
127.93273433244258 219.85170377295958
126.8078930184439 218.7268624589609
126.43294591377767 217.6020211449622
126.05799880911141 216.1022327262973
126.43294591377767 214.97739141229863
127.55778722777637 214.22749720296613
128.68262854177505 213.85255009829993
129.80746985577375 213.47760299363372
130.93231116977242 213.47760299363372
132.05715248377106 213.47760299363372
133.18199379776974 213.47760299363372
134.30683511176844 213.47760299363372
135.43167642576714 213.47760299363372
136.55651773976584 213.47760299363372
138.05630615843071 213.47760299363372
139.1811474724294 214.22749720296613
139.93104168176185 215.35233851696483
140.3059887864281 216.4771798309635
140.3059887864281 217.6020211449622
140.3059887864281 218.7268624589609
143.35356797510102 218.9168641439351
144.14789620982526 217.3282076744865
144.5450603271874 216.13671532240008
145.33938856191165 214.94522297031364
145.73655267927379 213.75373061822722
146.53088091399806 212.16507414877867
147.32520914872242 210.5764176793301
148.1195373834467 208.98776120988157
148.91386561817097 207.79626885779513
149.3110297355331 206.6047765057087
149.70819385289525 205.0161200362601
150.50252208761947 203.82462768417366
150.8996862049816 202.6331353320873
nb_points_on_contour: 124
138.52949114155524 262.1177624103746
138.52949114155524 262.86954326081553
138.52949114155524 263.62132411125646
138.52949114155524 264.3731049616972
138.52949114155524 265.3754794289518
138.52949114155524 266.7537443214268
138.52949114155524 268.1320092139019
138.78008475836887 268.88379006434275
139.0306783751825 270.2620549568178
139.28127199199625 271.6403198492928
139.5318656088098 272.3921006997337
139.78245922562343 273.1438815501746
140.2836464592507 273.89566240061544
141.0354273096916 275.14863048468357
141.78720816013256 275.9004113351245
142.53898901057343 276.6521921855655
143.3055656237579 277.41140068199235
142.55567141442546 278.5362419959911
141.80577720509302 279.6610833099897
140.6809358910943 280.4109775193222
140.30598878642806 281.5358188333209
140.30598878642806 282.6606601473195
139.55609457709562 283.7855014613182
139.55609457709562 284.91034277531685
139.93104168176185 286.0351840893156
140.30598878642806 287.16002540331425
140.6809358910943 288.284866717313
141.05588299576058 289.40970803131165
141.43083010042673 290.5345493453103
142.55567141442546 290.90949644997653
143.68051272842413 291.65939065930894
144.8053540424228 291.65939065930894
145.9301953564215 292.40928486864146
147.05503667042018 292.40928486864146
148.17987798441885 292.40928486864146
149.67966640308381 292.78423197330767
150.80450771708246 292.78423197330767
151.92934903108113 292.0343377639752
153.0541903450798 291.2844435546428
154.17903165907853 291.2844435546428
156.05376718240964 291.2844435546428
157.17860849640832 291.2844435546428
158.30344981040705 290.5345493453103
159.4282911244057 289.78465513597786
160.55313243840436 289.0347609266454
161.6779737524031 288.284866717313
162.42786796173553 287.16002540331425
163.5527092757342 286.41013119398184
163.92765638040044 284.91034277531685
165.05249769439908 284.1604485659844
166.1773390083978 283.410554356652
166.55228611306404 282.28571304265336
167.67712742706271 280.78592462398836
168.42702163639515 279.6610833099897
169.1769158457276 278.5362419959911
169.92681005506003 277.41140068199235
170.30175715972632 276.2865593679937
171.05165136905876 275.16171805399495
171.80154557839128 273.28698253066386
172.55143978772372 272.1621412166652
173.67628110172242 271.0372999026665
174.05122820638863 269.9124585886678
174.80112241572107 268.7876172746691
175.55101662505356 267.66277596067044
175.55101662505356 266.5379346466718
174.80112241572107 265.03814622800684
174.05122820638863 263.91330491400817
174.05122820638863 262.7884636000095
173.30133399705616 261.66362228601076
173.30133399705616 260.5387809720121
173.30133399705616 259.4139396580134
172.55143978772372 258.28909834401475
172.55143978772372 257.1642570300161
171.80154557839128 256.0394157160174
171.0516513690588 254.91457440201873
169.92681005506012 254.53962729735247
169.92681005506012 253.4147859833538
169.92681005506012 252.28994466935512
169.92681005506012 251.1651033553564
169.92681005506012 250.04026204135772
169.92681005506012 248.91542072735905
169.92681005506012 247.79057941336038
168.80196874106144 247.0406852040279
167.67712742706277 247.0406852040279
166.55228611306407 247.0406852040279
165.42744479906537 247.0406852040279
164.3026034850667 247.0406852040279
163.177762171068 247.79057941336038
162.05292085706935 248.16552651802658
161.30302664773686 249.2903678320253
161.30302664773686 250.41520914602398
161.30302664773686 251.54005046002266
160.55313243840442 252.66489177402133
159.42829112440572 253.4147859833538
158.30344981040707 254.53962729735247
157.17860849640837 254.91457440201873
156.0537671824097 255.66446861135114
154.928925868411 256.0394157160174
153.80408455441233 256.0394157160174
152.67924324041363 256.0394157160174
151.55440192641495 256.4143628206836
150.42956061241628 255.28952150668493
149.67966640308384 254.1646801926862
148.55482508908514 253.4147859833538
147.8049308797527 252.28994466935512
146.680089565754 252.28994466935512
146.30514246108777 251.1651033553564
145.18030114708907 251.1651033553564
144.0554598330904 250.41520914602398
142.93061851909172 249.66531493669152
141.80577720509305 249.66531493669152
140.68093589109435 248.91542072735905
139.55609457709565 249.2903678320253
138.43125326309698 249.66531493669152
136.93146484443207 250.41520914602398
136.18157063509963 251.54005046002266
136.18157063509963 252.66489177402133
136.18157063509963 253.78973308802
136.55651773976584 254.91457440201873
136.93146484443207 256.0394157160174
137.30641194909828 257.1642570300161
137.6813590537645 258.28909834401475
138.43125326309698 259.4139396580134
138.43125326309698 260.5387809720121
nb_points_on_contour: 95
312.9426460887351 183.96642181606666
312.9426460887351 182.77492946398024
312.54548197137296 181.58343711189383
311.7511537366487 180.39194475980742
310.9568255019244 179.200452407721
309.765333149838 178.4061241729967
308.5738407977516 177.61179593827242
306.58802021094084 176.02313946882387
305.3965278588545 175.2288112340996
304.205035506768 174.03731888201315
303.01354315468166 172.84582652992674
301.8220508025952 172.4486624125646
299.8362302157845 172.05149829520246
298.2475737463359 171.2571700604782
297.05608139424953 171.2571700604782
295.86458904216306 170.860005943116
294.67309669007665 170.860005943116
293.6593545949153 172.23342148034862
293.2844074902491 173.35826279434733
292.9094603855829 174.483104108346
292.53451328091666 175.6079454223447
291.409671966918 176.35783963167717
291.0347248622517 177.48268094567584
290.2848306529193 178.6075222596745
289.90988354825305 179.73236357367318
289.1599893389206 180.85720488767188
288.41009512958817 181.98204620167056
287.6602009202557 183.10688751566926
286.91030671092324 184.23172882966793
286.16041250159077 185.3565701436666
285.4105182922583 186.4814114576653
284.6606240829259 187.60625277166397
283.91072987359337 188.73109408566265
283.16083566426096 189.85593539966135
282.03599435026223 190.6058296089938
280.9111530362636 192.10561802765872
279.7863117222649 193.2304593416574
278.6614704082662 194.3553006556561
277.91157619893374 195.48014196965477
277.16168198960133 196.60498328365344
276.0368406756026 197.72982459765214
275.2869464662702 198.8546659116508
274.5370522569377 199.97950722564948
273.78715804760526 201.10434853964816
273.0372638382728 202.22918985364686
272.6623167336066 203.35403116764556
271.9124225242741 204.47887248164426
271.53747541960786 205.6037137956429
271.16252831494165 206.7285551096416
270.78758121027545 207.85339642364028
269.2545931788996 208.5905970925194
269.2545931788996 209.78208944460582
269.65175729626185 210.97358179669226
270.4460855309861 212.56223826614084
271.2404137657104 213.75373061822722
271.6375778830725 214.94522297031364
272.8290702351589 215.73955120503797
274.81489082196964 217.3282076744865
276.00638317405605 218.51970002657293
276.4035472914182 217.3282076744865
277.59503964350466 218.12253590921077
278.78653199559096 218.12253590921077
280.3751884650395 218.12253590921077
281.56668081712604 218.12253590921077
282.7581731692124 218.12253590921077
284.34682963866106 218.12253590921077
285.53832199074736 218.12253590921077
286.7298143428339 218.12253590921077
287.92130669492025 217.7253717918486
289.1127990470067 217.3282076744865
290.30429139909313 216.93104355712433
291.8929478685417 216.5338794397622
293.0844402206281 216.13671532240008
294.2759325727145 215.73955120503797
295.467424924801 214.94522297031364
296.65891727688734 214.1508947355894
297.8504096289738 213.3565665008651
299.04190198106016 212.56223826614084
300.23339433314663 211.37074591405437
301.4248866852331 210.17925356196798
302.61637903731946 208.98776120988157
304.205035506768 207.00194062307085
305.79369197621656 205.81044827098444
306.58802021094084 204.22179180153591
306.98518432830303 203.03029944944942
307.7795125630273 201.4416429800009
308.5738407977516 199.8529865105523
308.9710049151137 198.66149415846587
309.765333149838 197.47000180637943
310.5596613845623 196.27850945429304
311.3539896192866 195.0870171022066
311.7511537366487 193.89552475012022
312.9426460887351 192.70403239803375
313.7369743234594 191.51254004594736
314.53130255818365 190.3210476938609
slice_number: 6
nb_points_on_contour: 324
316.90607508422056 171.67631716611612
318.03091639821923 170.92642295678343
319.1557577122179 170.92642295678343
320.2805990262166 171.30137006144986
321.40544034021525 171.67631716611612
322.5302816542139 172.05126427078233
323.6551229682126 173.176105584781
324.4050171775451 174.3009468987797
324.77996428221127 175.42578821277817
325.90480559621005 176.1756824221108
326.65469980554246 177.30052373610954
327.77954111954114 178.42536505010804
328.52943532887355 179.55020636410688
329.27932953820607 180.67504767810556
330.40417085220497 181.04999478277182
330.40417085220497 182.1748360967705
330.40417085220497 183.29967741076916
330.40417085220497 184.42451872476767
330.40417085220497 185.5493600387665
330.0292237475387 187.04914845743144
330.0292237475387 188.17398977143012
330.0292237475387 189.29883108542865
330.0292237475387 190.42367239942735
330.0292237475387 191.5485137134262
330.0292237475387 192.67335502742486
330.0292237475387 193.79819634142336
330.0292237475387 194.9230376554221
329.65427664287256 196.04787896942094
329.2793295382063 197.1727202834196
329.2793295382063 198.2975615974181
328.90438243354015 199.79735001608302
328.5294353288738 201.29713843474798
328.5294353288738 202.42197974874682
328.5294353288738 203.5468210627455
328.1544882242076 205.04660948141037
328.1544882242076 206.17145079540904
328.90438243354015 207.29629210940766
328.90438243354015 208.42113342340645
328.90438243354015 209.92092184207138
328.90438243354015 211.04576315607005
328.90438243354015 212.17060447006872
328.5294353288738 213.29544578406734
328.5294353288738 214.42028709806607
328.5294353288738 215.54512841206474
328.5294353288738 216.66996972606313
328.5294353288738 217.7948110400621
328.5294353288738 218.91965235406082
328.5294353288738 220.0444936680595
328.1544882242076 221.16933498205788
328.1544882242076 222.29417629605683
327.77954111954136 223.41901761005556
327.4045940148751 224.54385892405423
326.6546998055427 226.04364734271917
326.6546998055427 227.16848865671756
325.9048055962103 228.2933299707165
325.9048055962103 229.41817128471519
325.529858491544 230.91795970338012
325.15491138687787 232.0428010173788
324.7799642822115 233.16764233137724
324.7799642822115 234.29248364537614
324.7799642822115 235.41732495937487
324.7799642822115 236.54216627337354
324.7799642822115 237.66700758737198
324.7799642822115 239.16679600603686
324.7799642822115 240.29163732003582
324.7799642822115 241.4164786340345
323.6551229682126 242.91626705269942
322.9052287588802 244.0411083666981
322.1553345495481 244.79100257603056
322.1553345495481 245.91584389002924
321.4054403402156 247.04068520402762
321.4054403402156 248.1655265180264
321.4054403402156 249.2903678320253
321.4054403402156 250.41520914602398
320.6555461308832 251.54005046002266
319.90565192155066 252.66489177402133
318.40586350288584 253.4147859833538
317.6559692935533 254.53962729735247
316.9060750842209 255.66446861135114
316.9060750842209 256.7893099253496
315.40628666555597 257.91415123934826
315.40628666555597 259.03899255334693
314.65639245622356 260.1638338673457
313.90649824689103 261.28867518134456
313.90649824689103 262.41351649534323
313.1566040375586 263.53835780934196
312.03176272355995 264.66319912334063
310.9069214095613 265.788040437339
309.40713299089634 266.9128817513377
308.6572387815638 268.03772306533637
307.9073445722314 269.1625643793352
306.78250325823274 269.5375114840016
305.65766194423406 270.28740569333405
304.90776773490154 271.4122470073327
303.78292642090287 272.162141216665
303.03303221157046 273.28698253066386
301.5332437929055 274.41182384466254
300.40840247890685 275.1617180539949
299.65850826957444 276.2865593679937
298.53366695557577 276.2865593679937
297.4088256415771 277.03645357732586
295.90903722291216 277.7863477866583
294.7841959089135 278.911189100657
293.28440749024855 279.66108330998946
291.7846190715836 280.4109775193222
290.65977775758495 281.5358188333209
289.53493644358684 282.28571304265336
288.03514802492134 283.410554356652
286.91030671092267 283.78550146131795
285.41051829225773 284.5353956706507
284.6606240829253 285.6602369846491
283.16083566426005 286.0351840893153
281.6610472455951 286.41013119398184
279.7863117222648 287.1600254033142
278.66147040826536 287.1600254033142
277.5366290942667 287.9099196126463
275.6618935709356 288.284866717313
274.5370522569368 288.65981382197873
273.41221094293815 289.0347609266451
272.2873696289404 289.40970803131165
271.1625283149408 289.40970803131165
269.66273989627587 289.40970803131165
268.1629514776115 289.40970803131165
267.0381101636127 291.65939065930877
265.91326884961404 291.65939065930877
264.78842753561526 291.65939065930877
263.6635862216166 291.65939065930877
262.5387449076185 291.65939065930877
261.4139035936197 290.90949644997636
260.289062279621 290.90949644997636
258.7892738609562 290.159602240644
257.6644325469575 290.159602240644
256.53959123295874 289.40970803131165
255.41474991895987 289.40970803131165
254.2899086049612 288.65981382197896
253.16506729096247 288.65981382197896
252.0402259769638 288.65981382197896
250.91538466296512 288.65981382197896
249.79054334896645 288.65981382197896
248.66570203496772 288.65981382197896
247.91580782563526 287.5349725079805
247.54086072096905 286.41013119398184
247.54086072096905 285.28528987998317
248.29075493030152 284.1604485659844
248.66570203496772 283.03560725198554
249.4155962443002 281.91076593798687
250.54043755829892 281.1608717286545
252.0402259769638 280.4109775193222
253.16506729096247 279.6610833099895
254.2899086049612 278.91118910065705
255.78969702362613 279.28613620532354
256.53959123295874 277.78634778665844
257.2894854422908 276.6615064726597
258.03937965162356 275.5366651586612
258.03937965162356 274.41182384466254
258.03937965162356 273.28698253066386
258.03937965162356 272.162141216665
258.03937965162356 271.03729990266635
258.03937965162356 269.9124585886676
258.03937965162356 268.78761727466895
258.03937965162356 267.66277596067044
258.4143267562896 266.5379346466718
258.7892738609562 265.4130933326731
259.9141151749544 264.66319912334063
261.0389564889531 264.2882520186744
261.78885069828584 265.4130933326731
262.9136920122846 266.5379346466718
264.0385333262833 267.66277596067044
264.78842753561537 268.78761727466895
265.91326884961416 269.9124585886676
266.6631630589468 271.03729990266635
270.0376870009428 272.91203542599754
270.7875812102752 274.0368767399962
271.53747541960763 275.1617180539949
272.2873696289404 276.2865593679937
273.03726383827257 277.41140068199235
273.7871580476051 278.5362419959911
274.16210515227124 279.66108330998964
275.2869464662699 280.03603041465584
276.4117877802686 280.03603041465584
277.53662909426737 281.1608717286545
278.66147040826604 281.1608717286545
279.7863117222648 280.7859246239883
280.16125882693086 279.28613620532354
280.5362059315971 278.1612948913247
281.28610014092965 277.03645357732603
281.28610014092965 275.91161226332736
281.6610472455958 274.7867709493287
282.4109414549283 273.28698253066386
282.78588855959447 272.1621412166651
283.91072987359314 271.4122470073327
284.2856769782594 270.28740569333405
285.4105182922581 269.9124585886677
285.78546539692434 268.787617274669
285.78546539692434 267.66277596067044
285.0355711875918 266.5379346466718
285.0355711875918 265.4130933326731
283.91072987359314 265.0381462280067
282.4109414549283 264.2882520186744
281.28610014092897 262.78846360000904
281.28610014092897 261.66362228601076
281.6610472455951 260.1638338673457
282.7858885595938 258.66404544868095
283.91072987359246 257.5392041346823
285.03557118759113 256.7893099253494
286.53535960625686 256.7893099253498
287.66020092025553 256.7893099253498
288.7850422342542 256.7893099253498
289.909883548253 257.164257030016
291.03472486225166 257.164257030016
292.15956617625034 257.164257030016
293.284407490249 257.164257030016
294.4092488042477 255.66446861135114
295.53409011824635 256.03941571601734
296.28398432757876 254.91457440201867
297.40882564157755 254.91457440201867
298.5336669555762 254.16468019268615
299.6585082695749 253.4147859833538
300.4084024789073 251.9149975646888
301.15829668823983 250.79015625069013
301.90819089757224 249.66531493669152
302.2831380022385 248.5404736226928
302.65808510690465 247.41563230869417
302.65808510690465 246.29079099469544
301.90819089757235 245.16594968069677
301.15829668823994 244.0411083666981
299.658508269575 242.91626705269942
298.53366695557634 242.16637284336696
297.40882564157766 241.4164786340345
295.90903722291273 241.4164786340345
294.78419590891406 241.4164786340345
292.90946038558286 241.79142573870075
291.7846190715842 242.54131994803316
290.6597777575855 242.54131994803316
289.9098835482531 243.66616126203184
289.1599893389206 244.79100257603056
287.66020092025565 243.66616126203184
287.66020092025565 242.54131994803316
287.66020092025565 241.4164786340345
287.66020092025565 240.29163732003582
287.66020092025565 238.79184890137088
288.0351480249219 237.6670075873722
288.41009512958817 236.54216627337354
289.53493644358684 235.41732495937487
290.28483065291925 234.29248364537614
291.4096719669179 233.16764233137746
291.7846190715842 232.0428010173788
292.90946038558286 231.29290680804633
292.90946038558286 230.16806549404765
293.2844074902491 229.04322418004898
293.6593545949154 227.9183828660503
294.03430169958153 226.79354155205158
294.78419590891406 225.2937531333867
295.90903722291273 224.54385892405423
297.0338785369114 224.54385892405423
298.5336669555754 224.16891181938774
299.6585082695741 224.16891181938774
300.7833495835728 223.41901761005556
301.90819089757144 223.41901761005556
303.0330322115701 223.41901761005556
303.7829264209025 224.54385892405423
304.9077677349012 225.29375313338664
305.6576619442337 226.41859444738537
306.7825032582324 226.79354155205158
307.90734457223107 227.16848865671756
309.03218588622974 228.2933299707165
310.1570272002284 228.6682770753825
311.2818685142271 229.41817128471519
312.40670982822576 230.16806549404737
313.53155114222454 230.16806549404737
314.6563924562232 230.54301259871386
315.7812337702219 229.7931183893814
316.90607508422056 228.2933299707165
317.65596929355297 226.79354155205158
318.03091639821923 225.66870023805262
318.03091639821923 224.54385892405423
318.03091639821923 223.41901761005556
317.65596929355297 222.29417629605683
316.90607508422056 220.7943878773919
316.90607508422056 219.669546563393
316.15618087488804 218.5447052493946
316.15618087488804 217.41986393539594
316.15618087488804 216.29502262139715
316.15618087488804 215.17018130739825
316.15618087488804 214.04533999339986
316.15618087488804 212.9204986794012
316.5311279795543 211.7956573654024
316.5311279795543 210.6708160514038
316.5311279795543 209.54597473740512
316.5311279795543 208.04618631874018
318.4058635028856 206.9213450047415
317.6559692935531 205.79650369074272
316.5311279795544 205.79650369074272
315.781233770222 204.67166237674417
315.0313395608895 203.5468210627455
313.53155114222466 202.7969268534129
312.78165693289213 201.29713843474798
312.0317627235597 200.17229712074942
312.0317627235597 199.04745580675075
312.0317627235597 197.9226144927519
312.0317627235597 196.79777317875318
312.40670982822587 195.29798476008827
312.78165693289213 194.17314344608974
312.78165693289213 193.04830213209107
313.1566040375584 191.92346081809228
314.28144535155707 191.92346081809228
315.40628666555574 191.17356660875993
316.5311279795544 191.17356660875993
317.28102218888694 189.67377819009505
317.28102218888694 188.54893687609638
317.28102218888694 187.42409556209753
317.28102218888694 186.29925424809878
316.5311279795544 184.7994658294341
315.781233770222 183.67462451543537
315.0313395608895 182.5497832014367
315.0313395608895 181.42494188743785
314.28144535155707 180.30010057343935
314.65639245622333 179.17525925944068
314.65639245622333 178.05041794544195
314.65639245622333 176.9255766314431
315.0313395608895 175.8007353174446
315.40628666555574 174.67589400344593
315.781233770222 173.55105268944726
316.15618087488815 172.05126427078233
nb_points_on_contour: 235
170.75789207308873 237.18641354259353
171.9493844251752 235.99492119050714
172.92638689238996 234.09969375027626
171.80154557839126 233.3497995409438
170.67670426439258 232.22495822694512
169.5518629503939 231.47506401761265
169.17691584572765 230.35022270361395
169.17691584572765 229.22538138961528
169.17691584572765 228.10054007561658
169.17691584572765 226.97569876161793
169.17691584572765 225.85085744761923
169.17691584572765 224.72601613362053
169.17691584572765 223.60117481962183
169.17691584572765 222.4763335056232
168.05207453172898 222.10138640095695
167.67712742706277 220.97654508695825
167.3021803223965 219.85170377295958
167.3021803223965 218.7268624589609
166.9272332177303 217.6020211449622
166.9272332177303 216.4771798309635
166.9272332177303 215.35233851696486
166.9272332177303 214.22749720296616
166.9272332177303 213.10265588896746
166.9272332177303 211.9778145749688
166.9272332177303 210.85297326097012
166.9272332177303 209.72813194697144
166.38908678210518 208.5905970925194
165.19759443001877 208.19343297515724
164.0061020779322 208.19343297515724
162.8146097258458 208.19343297515724
161.62311737375944 208.19343297515724
160.43162502167309 208.19343297515724
159.24013266958664 208.5905970925194
158.04864031750012 209.38492532724365
156.8571479654137 209.78208944460582
155.66565561332735 210.5764176793301
154.47416326124096 210.97358179669226
153.28267090915452 212.16507414877867
152.091178557068 212.95940238350295
150.8996862049816 214.1508947355894
150.10535797025736 215.3423870876758
148.91386561817097 216.13671532240008
148.1195373834467 217.3282076744865
147.72237326608456 218.51970002657293
146.92804503136017 219.71119237865938
145.73655267927376 220.50552061338362
144.9422244445495 221.69701296547007
144.14789620982526 222.88850531755648
143.35356797510102 224.07999766964286
142.95640385773888 225.27149002172933
142.55923974037674 226.46298237381572
141.76491150565246 227.65447472590213
142.55923974037674 228.84596707798858
142.93061851909172 229.9752755989477
144.05545983309037 229.22538138961528
145.18030114708904 228.47548718028278
146.3051424610877 228.47548718028278
147.4299837750864 228.47548718028278
148.55482508908514 228.47548718028278
149.67966640308381 228.47548718028278
150.8045077170825 228.47548718028278
152.30429613574736 228.47548718028278
153.42913744974607 229.22538138961528
154.5539787637448 229.9752755989477
154.92892586841097 231.1001169129464
155.67882007774347 232.22495822694506
156.80366139174214 232.97485243627756
157.9285027057408 233.72474664560997
159.05334401973948 234.47464085494246
160.17818533373816 235.22453506427493
160.92807954307062 236.34937637827358
161.30302664773683 237.47421769227225
161.30302664773683 238.59905900627095
161.30302664773683 239.72390032026965
160.92807954307062 241.22368873893456
160.55313243840445 242.34853005293323
159.42829112440572 243.47337136693193
158.30344981040702 244.59821268093063
157.5535556010746 245.7230539949293
156.80366139174214 246.847895308928
156.42871428707588 247.97273662292662
155.67882007774347 249.09757793692532
155.3038729730772 250.59736635559028
154.1790316590785 251.3472605649227
153.05419034507983 252.8470489835876
151.92934903108116 253.2219960882539
150.8045077170825 254.3468374022525
149.67966640308381 255.096731611585
148.55482508908514 255.84662582091747
147.4299837750864 256.59652003024996
146.3051424610877 257.3464142395824
145.18030114708904 257.3464142395824
144.05545983309037 257.3464142395824
142.93061851909172 257.3464142395824
141.80577720509302 257.3464142395824
140.68093589109435 257.3464142395824
139.55609457709568 257.3464142395824
138.43125326309695 257.3464142395824
137.30641194909825 257.3464142395824
136.18157063509958 256.9714671349161
135.0567293211009 256.59652003024996
133.93188800710223 256.59652003024996
132.80704669310356 257.3464142395824
132.05715248377106 258.471255553581
131.6822053791049 259.5960968675797
131.6822053791049 260.7209381815784
127.46700328061533 261.016260584322
126.27551092852897 262.2077529364084
125.87834681116684 263.39924528849485
124.6868544590804 263.79640940585693
123.49536210699387 264.59073764058127
121.11237740282112 264.59073764058127
119.92088505073468 264.9879017579434
118.72939269864827 264.9879017579434
117.53790034656183 264.9879017579434
115.94924387711325 264.9879017579434
114.36058740766472 264.9879017579434
112.77193093821614 264.59073764058127
111.58043858612976 264.19357352321913
109.99178211668115 263.79640940585693
108.80028976459477 263.39924528849485
107.60879741250835 262.6049170537706
106.81446917778402 261.4134247016841
105.62297682569763 260.61909646695983
104.43148447361116 259.42760411487336
102.84282800416264 257.8389476454249
101.25417153471406 257.0446194107006
100.85700741735195 255.85312705861418
99.26835094790331 254.66163470652774
98.07685859581696 253.86730647180346
96.88536624373054 253.0729782370792
94.89954565691983 250.68999353290636
93.31088918747128 249.10133706345775
92.51656095274696 247.51268059400923
91.72223271802268 246.32118824192278
90.53074036593628 244.3353676551121
89.73641213121198 243.14387530302568
88.54491977912555 241.95238295093924
87.35342742703911 240.7608905988528
86.16193507495272 239.96656236412855
84.9704427228663 238.7750700120421
83.77895037077982 237.98074177731786
82.58745801869347 237.18641354259353
81.395965666607 236.78924942523136
80.20447331452058 235.99492119050714
79.0129809624342 235.59775707314498
77.82148861034773 235.59775707314498
76.62999625826137 236.39208530786925
75.43850390617484 237.18641354259353
74.6441756714506 238.37790589468003
73.84984743672635 239.56939824676638
73.84984743672635 240.7608905988528
73.84984743672635 241.95238295093924
74.24701155408849 240.7608905988528
74.24701155408849 241.95238295093924
74.24701155408849 243.14387530302568
74.6441756714506 244.3353676551121
75.04133978881272 245.52686000719845
75.04133978881272 247.51268059400923
75.43850390617484 249.10133706345775
75.83566802353701 250.68999353290636
76.2328321408992 252.27865000235488
77.02716037562348 254.66163470652774
77.42432449298559 255.85312705861418
77.42432449298559 257.0446194107006
78.43971651650047 258.0963084489148
78.81466362116673 259.22114976291346
79.93950493516539 260.34599107691224
80.68939914449787 261.47083239091086
81.4392933538303 262.5956737049096
82.18918756316278 263.72051501890826
83.31402887716146 264.47040922824067
84.06392308649389 265.5952505422393
84.43887019116012 266.720091856238
84.81381729582637 267.84493317023674
85.93865860982507 268.59482737956915
86.68855281915751 269.7196686935679
87.43844702848993 270.84451000756656
88.56328834248863 271.9693513215652
89.31318255182113 273.0941926355639
90.43802386581977 273.46913974023016
90.81297097048599 274.21903394956263
91.93781228448469 274.9689281588951
93.0626535984834 276.09376947289377
94.18749491248204 276.8436636822262
94.93738912181453 277.9685049962249
96.06223043581318 278.3434521008911
97.18707174981188 278.7183992055574
98.31191306381052 279.4682934148898
99.81170148247546 280.59313472888846
100.93654279647416 281.343028938221
102.06138411047286 282.4678702522196
103.18622542447144 283.5927115662183
104.31106673847017 283.9676586708845
105.06096094780264 285.09249998488326
106.18580226180134 285.8423941942157
107.31064357579999 286.21734129888193
108.06053778513248 287.3421826128806
109.18537909913118 288.4670239268793
110.31022041312983 289.21691813621175
111.43506172712856 289.59186524087795
112.55990304112726 290.34175945021036
114.05969145979216 291.0916536595429
115.18453277379075 291.84154786887535
116.68432119245577 292.5914420782078
118.55905671578691 292.5914420782078
119.68389802978558 292.5914420782078
120.80873934378425 292.5914420782078
122.6834748671154 292.5914420782078
124.18326328578021 292.5914420782078
125.30810459977891 292.5914420782078
126.43294591377767 292.5914420782078
127.06983916325322 291.20073350384473
127.46700328061533 290.00924115175826
127.86416739797744 288.81774879967185
128.26133151533955 287.62625644758543
128.6584956327017 286.43476409549896
129.45282386742596 284.84610762605047
129.8499879847881 283.65461527396405
130.24715210215038 282.4631229218776
130.64431621951252 280.87446645242903
131.04148033687466 279.68297410034256
132.23297268896107 278.4914817482562
132.6301368063232 277.29998939616974
134.21879327577165 276.1084970440834
135.4102856278581 275.3141688093591
136.99894209730675 274.5198405746348
138.1904344493932 273.32834822254836
139.38192680147952 272.13685587046194
140.57341915356594 271.34252763573755
141.76491150565246 270.54819940101333
142.55923974037674 269.3567070489269
143.75073209246315 268.5623788142027
144.9422244445495 267.37088646211623
146.1337167966359 266.1793941100298
slice_number: 7
nb_points_on_contour: 119
312.40670982822655 270.66235279800026
313.1566040375591 269.16256437933527
314.28144535155775 268.0377230653366
315.4062866655564 266.9128817513379
315.7812337702227 265.78804043733925
316.5311279795551 264.2882520186744
317.65596929355377 262.78846360000944
318.03091639822003 261.66362228601076
318.78081060755244 260.5387809720121
319.53070481688496 259.03899255334716
320.2805990262174 257.9141512393485
320.65554613088364 256.7893099253498
321.40544034021605 255.66446861135114
322.5302816542147 254.91457440201867
322.5302816542147 253.78973308801994
322.905228758881 252.66489177402133
323.28017586354724 251.16510335535634
324.03007007287965 249.66531493669152
324.4050171775459 248.5404736226928
324.77996428221206 247.41563230869417
324.77996428221206 246.29079099469544
325.15491138687844 245.1659496806967
325.15491138687844 242.91626705269942
325.15491138687844 241.79142573870075
325.15491138687844 240.66658442470197
325.15491138687844 239.54174311070335
325.15491138687844 238.41690179670468
324.03007007287965 238.04195469203842
322.905228758881 238.04195469203842
321.7803874448823 238.79184890137088
320.2805990262174 239.16679600603703
318.78081060755244 239.54174311070335
317.65596929355377 239.9166902153696
316.5311279795551 240.29163732003582
315.4062866655564 240.66658442470197
314.28144535155775 240.66658442470197
313.1566040375591 240.66658442470197
312.0317627235604 241.79142573870075
310.90692140956173 242.1663728433669
309.78208009556306 243.29121415736563
308.6572387815643 244.0411083666981
307.5323974675656 245.1659496806967
306.40755615356693 245.54089678536292
305.6576619442345 246.6657380993616
304.907767734902 247.79057941336038
303.7829264209033 248.5404736226928
302.65808510690465 249.2903678320253
301.533243792906 249.66531493669152
300.4084024789073 250.79015625069013
299.28356116490863 251.16510335535634
298.15871985090996 251.9149975646888
297.0338785369113 252.66489177402133
295.9090372229126 253.4147859833538
294.78419590891394 254.16468019268615
294.0343016995814 255.66446861135114
292.90946038558275 256.4143628206836
292.15956617625034 257.5392041346823
291.4096719669178 259.03899255334716
290.28483065291914 259.03899255334716
289.15998933892047 260.16383386734583
288.0351480249218 260.9137280766783
287.2852538155894 262.03856939067697
286.1604125015907 262.41351649534323
285.0355711875919 263.16341070467564
283.91072987359325 264.2882520186744
282.7858885595946 265.4130933326731
281.6610472455959 266.5379346466718
280.53620593159724 267.28782885600424
279.41136461759857 268.0377230653366
278.2865233035999 269.16256437933527
277.1616819896011 270.66235279800026
276.4117877802687 272.5370883213314
275.6618935709363 273.66192963533
274.5370522569376 274.78677094932874
274.5370522569376 275.9116122633274
274.5370522569376 277.0364535773261
274.5370522569376 278.16129489132476
274.5370522569376 279.28613620532354
274.9119993616039 280.4109775193222
275.28694646627 281.5358188333209
275.6618935709363 282.6606601473195
275.6618935709363 283.7855014613182
276.03684067560266 284.91034277531685
276.4117877802687 286.0351840893156
277.1616819896011 287.16002540331425
278.2865233035999 287.16002540331425
279.41136461759857 287.16002540331425
280.53620593159724 287.16002540331425
281.6610472455959 287.16002540331425
282.7858885595946 287.16002540331425
283.91072987359325 287.16002540331425
285.0355711875919 287.16002540331425
286.1604125015907 287.16002540331425
287.2852538155895 286.03518408931563
288.41009512958817 286.03518408931563
289.53493644358684 286.03518408931563
290.6597777575855 285.6602369846494
292.15956617625045 284.9103427753169
293.6593545949154 284.16044856598444
294.78419590891406 283.410554356652
295.90903722291273 282.66066014731956
296.65893143224514 281.5358188333209
297.40882564157766 280.4109775193222
298.9086140602425 280.03603041465595
299.658508269575 278.9111891006573
301.90819089757224 280.0360304146559
302.2831380022385 278.9111891006572
303.0330322115709 277.78634778665855
304.1578735255696 277.0364535773261
305.28271483956826 276.2865593679937
306.40755615356693 275.16171805399495
307.5323974675656 274.0368767399963
308.2822916768981 272.9120354259976
309.4071329908968 272.16214121666513
310.53197430489547 271.4122470073327
311.65681561889414 269.91245858866773
312.0317627235604 268.78761727466906
313.1566040375591 267.66277596067044
313.53155114222534 266.5379346466718
nb_points_on_contour: 103
106.93569647113384 286.21734129888193
105.81085515713514 286.21734129888193
104.68601384313646 285.8423941942157
102.8112783198053 285.09249998488326
101.68643700580665 284.717552880217
99.06180727314302 283.5927115662183
97.93696595914432 282.8428173568859
96.81212464514567 282.0929231475534
95.687283331147 281.343028938221
94.56244201714833 280.59313472888846
93.81254780781586 279.4682934148898
92.68770649381716 279.09334631022364
91.18791807515225 277.9685049962249
90.43802386581977 276.8436636822262
89.31318255182113 276.09376947289377
88.18834123782243 274.9689281588951
87.06349992382371 274.59398105422883
86.31360571449129 273.46913974023016
85.18876440049259 272.3442984262315
83.6889759818277 271.2194571122328
82.93908177249523 270.09461579823414
81.81424045849656 268.9697744842355
80.68939914449787 267.84493317023674
79.56455783049917 266.720091856238
78.81466362116673 265.59525054223934
77.68982230716804 264.84535633290693
76.93992809783558 263.72051501890826
76.19003388850314 262.5956737049096
75.44013967917067 261.47083239091086
74.69024546983823 260.34599107691224
74.315298365172 259.22114976291346
73.56540415583952 258.0963084489148
73.19045705117331 256.59652003024996
72.81550994650709 255.4716787162512
72.81550994650709 254.3468374022525
72.81550994650709 253.2219960882539
72.44056284184084 252.0971547742552
72.44056284184084 250.9723134602565
72.06561573717461 249.84747214625781
71.6906686325084 248.7226308322591
71.31572152784217 247.5977895182604
70.94077442317592 246.47294820426174
70.56582731850969 245.34810689026304
69.81593310917727 244.2232655762644
69.44098600451102 243.09842426226572
69.44098600451102 241.97358294826702
69.06603889984478 240.84874163426832
68.69109179517858 239.72390032026965
68.69109179517858 238.59905900627095
68.69109179517858 237.47421769227225
69.06603889984478 236.34937637827358
70.1908802138435 235.22453506427493
71.31572152784217 234.47464085494246
72.44056284184084 233.72474664560997
73.94035126050575 233.72474664560997
74.315298365172 232.59990533161135
74.69024546983823 233.72474664561
75.44013967917068 234.8495879596087
75.44013967917068 235.9744292736074
76.19003388850314 237.09927058760607
76.93992809783559 238.22411190160474
77.68982230716804 239.34895321560344
78.81466362116673 240.09884742493588
79.93950493516542 241.22368873893458
81.06434624916409 241.97358294826702
81.81424045849656 243.09842426226572
82.93908177249524 243.84831847159816
84.06392308649392 245.34810689026307
84.81381729582637 246.47294820426177
86.31360571449129 247.59778951826044
87.43844702848996 248.72263083225914
88.56328834248866 249.09757793692535
88.56328834248863 252.0971547742552
88.93823544715485 253.2219960882539
89.31318255182113 255.096731611585
89.68812965648733 256.2215729255837
90.43802386581977 257.72136134424863
91.18791807515225 259.22114976291346
91.56286517981847 260.34599107691224
92.31275938915094 261.47083239091086
93.43760070314963 262.2207266002433
94.18749491248204 263.345567914242
95.31233622648071 264.47040922824067
96.43717754047944 265.59525054223934
97.18707174981188 266.720091856238
98.31191306381055 267.46998606557054
99.43675437780925 268.59482737956915
100.56159569180795 269.7196686935679
101.68643700580665 270.46956290290035
102.8112783198053 271.2194571122328
103.936119633804 271.9693513215652
104.68601384313646 273.0941926355639
105.4359080524689 274.21903394956263
106.5607493664676 275.7188223682275
106.93569647113384 276.8436636822262
107.68559068046628 278.3434521008911
108.06053778513248 279.4682934148898
108.43548488979872 280.59313472888846
108.43548488979872 281.7179760428872
108.43548488979872 282.8428173568859
108.43548488979872 283.9676586708845
108.06053778513248 285.09249998488326
106.93569647113384 285.8423941942157
slice_number: 4
nb_points_on_contour: 206
165.42744479906526 278.1612948913247
164.67755058973282 279.28613620532354
163.92765638040038 280.4109775193222
163.17776217106785 281.910765937987
162.05292085706927 281.910765937987
160.92807954307054 283.03560725198565
159.42829112440563 283.7855014613181
158.30344981040696 284.5353956706507
157.17860849640826 285.28528987998317
156.4287142870758 286.41013119398184
154.92892586841091 286.785078298648
153.42913744974595 287.5349725079805
152.3042961357473 288.65981382197907
150.8045077170824 289.40970803131165
149.30471929841747 290.159602240644
148.1798779844188 290.5345493453103
147.05503667042012 291.6593906593089
145.93019535642145 291.6593906593089
144.8053540424228 292.03433776397515
143.68051272842408 292.40928486864146
142.5556714144254 292.7842319733076
141.43083010042668 293.1591790779739
140.305988786428 293.53412618264014
139.18114747242933 293.53412618264014
138.05630615843066 293.53412618264014
136.93146484443196 293.9090732873063
135.80662353043328 293.1591790779739
134.6817822164346 293.1591790779739
133.55694090243588 293.1591790779739
132.4320995884372 293.1591790779739
131.3072582744386 293.1591790779739
130.18241696043992 293.1591790779739
129.0575756464412 293.1591790779739
127.9327343324425 293.1591790779739
126.80789301844382 292.40928486864146
125.30810459977894 292.40928486864146
124.18326328578021 292.40928486864146
123.05842197178154 291.6593906593089
121.93358065778287 290.9094964499765
120.43379223911796 290.5345493453103
118.93400382045303 289.7846551359778
117.80916250645438 289.03476092664533
116.68432119245571 288.284866717313
115.18453277379075 287.5349725079805
114.05969145979213 286.785078298648
112.93485014579343 286.785078298648
111.81000883179473 286.0351840893155
110.68516751779603 285.28528987998317
109.5603262037973 284.5353956706507
108.43548488979863 283.7855014613181
107.31064357580001 282.28571304265336
105.81085515713505 281.5358188333209
105.06096094780264 280.4109775193222
103.56117252913768 279.66108330998964
102.43633121513906 278.91118910065717
101.68643700580651 277.41140068199235
100.18664858714169 276.66150647265977
99.43675437780922 275.1617180539949
97.93696595914423 274.0368767399962
97.56201885447808 272.91203542599754
96.8121246451457 271.7871941119989
96.06223043581312 270.66235279800026
96.06223043581312 269.5375114840016
96.06223043581312 268.4126701700029
96.06223043581312 267.28782885600424
96.43717754047941 266.1629875420054
96.43717754047941 265.0381462280067
96.43717754047941 263.91330491400805
96.43717754047941 262.7884636000094
96.43717754047941 261.66362228601076
96.43717754047941 260.5387809720121
96.43717754047941 259.4139396580134
96.43717754047941 258.28909834401475
96.43717754047941 257.16425703001596
97.56201885447808 256.0394157160173
97.93696595914423 254.91457440201862
99.06180727314296 255.28952150668493
99.8117014824754 256.4143628206836
101.31148990114039 257.9141512393485
102.43633121513909 258.66404544868095
103.56117252913774 258.66404544868095
104.68601384313641 259.4139396580134
105.81085515713508 259.4139396580134
106.93569647113381 259.4139396580134
108.06053778513251 260.16383386734583
109.18537909913118 260.9137280766783
110.31022041312985 261.66362228601076
111.43506172712853 262.41351649534323
112.5599030411272 263.16341070467564
113.30979725045964 264.2882520186744
114.43463856445837 265.0381462280068
115.55947987845704 264.66319912334063
116.68432119245574 263.9133049140081
117.80916250645441 263.16341070467564
118.55905671578688 262.03856939067697
118.55905671578688 260.9137280766783
118.55905671578688 259.4139396580134
117.80916250645444 257.91415123934854
117.80916250645444 256.78930992534987
117.80916250645444 255.66446861135114
117.80916250645444 254.1646801926862
117.05926829712197 253.03983887868753
117.05926829712197 251.91499756468886
116.30937408778954 250.7901562506902
116.30937408778954 249.66531493669152
116.30937408778954 248.54047362269284
114.80958566912463 247.79057941336038
114.80958566912463 246.66573809936165
113.3097972504597 245.54089678536297
113.3097972504597 244.4160554713643
113.3097972504597 243.29121415736563
112.55990304112726 242.16637284336696
112.55990304112726 241.04153152936829
112.55990304112726 239.9166902153696
112.55990304112726 238.79184890137088
112.55990304112726 237.6670075873722
112.55990304112726 236.54216627337354
111.81000883179479 235.41732495937487
111.06011462246235 234.29248364537614
110.31022041312991 232.79269522671126
111.43506172712853 231.29290680804633
111.43506172712853 230.1680654940476
111.43506172712853 229.04322418004898
112.18495593646102 227.9183828660503
112.93485014579346 226.79354155205158
114.05969145979216 226.41859444738537
115.55947987845704 225.66870023805285
116.68432119245574 225.29375313338664
118.55905671578688 224.9188060287205
119.68389802978555 224.9188060287205
120.80873934378425 224.9188060287205
121.93358065778293 224.9188060287205
123.0584219717816 224.9188060287205
124.18326328578027 224.9188060287205
125.30810459977897 225.66870023805285
126.43294591377767 226.41859444738537
127.55778722777632 226.41859444738537
128.3076814371088 227.54343576138405
129.80746985577366 228.66827707538266
130.55736406510613 229.7931183893814
131.30725827443862 230.91795970338012
132.43209958843727 231.66785391271253
133.93188800710223 232.79269522671126
134.68178221643467 233.91753654070993
134.68178221643467 235.0423778547086
134.68178221643467 236.16721916870722
134.68178221643467 237.292060482706
134.30683511176844 238.41690179670468
133.93188800710223 239.54174311070335
133.93188800710223 240.66658442470197
133.18199379776976 241.79142573870075
132.43209958843727 243.29121415736563
132.05715248377106 244.4160554713643
131.30725827443862 245.54089678536292
131.30725827443862 246.6657380993616
131.30725827443862 247.79057941336038
132.05715248377106 248.915420727359
132.8070466931035 250.04026204135766
133.55694090243594 251.16510335535634
135.0567293211009 252.28994466935512
135.0567293211009 253.4147859833538
136.18157063509955 253.78973308801994
136.931464844432 254.91457440201867
138.05630615843074 255.66446861135114
139.1811474724294 256.4143628206836
139.93104168176185 257.9141512393485
141.05588299576058 257.9141512393485
142.18072430975923 257.9141512393485
143.3055656237579 257.9141512393485
144.43040693775657 257.9141512393485
145.55524825175524 257.9141512393485
146.68008956575397 257.5392041346823
147.80493087975262 257.5392041346823
149.30471929841752 257.5392041346823
150.80450771708246 257.5392041346823
151.92934903108113 257.5392041346823
153.0541903450798 258.28909834401475
154.17903165907853 259.03899255334716
154.92892586841097 260.5387809720121
156.42871428707585 261.28867518134456
157.55355560107458 262.03856939067697
158.67839691507325 262.03856939067697
159.80323822907192 262.03856939067697
160.9280795430706 262.03856939067697
162.05292085706932 262.03856939067697
163.1777621710679 262.03856939067697
164.30260348506664 262.03856939067697
165.8023919037316 262.78846360000944
166.92723321773028 262.78846360000944
167.30218032239648 263.9133049140081
168.42702163639515 264.66319912334063
169.55186295039388 265.4130933326731
169.55186295039388 266.5379346466718
170.67670426439255 266.9128817513379
170.67670426439255 268.0377230653366
170.67670426439255 269.16256437933527
170.67670426439255 270.28740569333405
170.67670426439255 271.4122470073327
170.30175715972632 272.5370883213314
169.55186295039388 273.66192963533
169.1769158457276 274.78677094932874
168.05207453172892 275.5366651586612
166.92723321773028 276.6615064726598
165.8023919037316 277.41140068199235
165.4274447990653 278.5362419959911
164.30260348506664 278.5362419959911
slice_number: 5
nb_points_on_contour: 283
126.25040391768704 233.2994964768062
124.74684221680519 232.54771562636557
123.74446774955067 232.2971220095519
122.49149966548245 231.79593477592465
121.23853158141432 231.545341159111
119.9855634973461 231.2947475422974
118.48200179646432 230.7935603086699
116.47725286195512 230.54296669185635
114.72309754425976 230.0417794582292
113.4701294601916 229.91648264982234
112.21716137612341 229.79118584141554
109.96181882480062 229.28999860778828
108.70885074073237 229.16470179938148
107.45588265666444 229.03940499097462
105.78525854457342 228.87234257976553
104.11463443248243 228.70528016855644
102.44401032039144 228.53821775734713
100.4392613858825 228.28762414053358
98.43451245137351 228.03703052372003
96.42976351686428 227.78643690690643
94.675608199169 227.53584329009283
93.42264011510082 227.28524967327917
92.16967203103238 227.03465605646556
91.16729756377794 227.03465605646556
90.16492309652344 227.03465605646556
88.66136139564156 226.9093592480587
87.15779969475969 226.7840624396519
86.40601884431888 226.7840624396519
84.90245714343703 226.7840624396519
84.1506762929962 226.7840624396519
82.89770820892801 226.7840624396519
81.81424045849647 226.79354155205158
81.06434624916403 225.66870023805274
80.31445203983162 224.54385892405423
79.93950493516533 223.41901761005556
79.18961072583289 222.29417629605683
78.43971651650051 221.169334982058
78.06476941183419 220.0444936680595
77.6898223071679 218.91965235406082
77.31487520250178 217.7948110400621
76.19003388850305 217.04491683072968
75.44013967917067 215.920075516731
74.31529836517191 217.04491683072968
73.94035126050565 218.16975814472818
73.94035126050565 219.29459945872696
73.56540415583956 220.41944077272575
73.56540415583956 221.91922919139063
73.56540415583956 223.0440705053893
74.31529836517191 224.16891181938786
74.31529836517191 225.29375313338664
74.31529836517191 226.41859444738537
74.31529836517191 227.54343576138405
75.06519257450438 228.66827707538255
75.06519257450438 229.7931183893814
75.06519257450438 230.91795970338012
75.06519257450438 232.0428010173788
75.06519257450438 233.1676423313773
75.06519257450438 234.29248364537614
75.06519257450438 235.41732495937487
75.06519257450438 236.54216627337354
75.06519257450438 237.66700758737204
74.69024546983823 239.16679600603692
74.69024546983823 240.29163732003582
75.44013967917067 241.4164786340345
75.44013967917067 242.541319948033
75.44013967917067 243.66616126203166
75.44013967917067 244.79100257603056
75.44013967917067 246.29079099469544
76.19003388850305 247.41563230869417
76.19003388850305 248.54047362269267
76.93992809783552 249.66531493669152
77.6898223071679 250.79015625069002
78.43971651650051 251.9149975646887
79.18961072583289 253.03983887868736
79.18961072583289 254.16468019268603
79.93950493516533 255.28952150668493
79.93950493516533 256.4143628206836
79.93950493516533 257.5392041346823
80.68939914449777 258.66404544868095
81.43929335383035 259.7888867626795
81.43929335383035 260.9137280766782
82.93908177249517 261.66362228601076
82.93908177249517 262.7884636000093
83.68897598182761 263.913304914008
84.81381729582631 264.66319912334063
84.81381729582631 265.78804043733913
85.56371150515878 266.9128817513379
86.31360571449127 268.0377230653366
87.43844702848995 268.78761727466906
88.18834123782239 270.28740569333405
89.31318255182106 271.03729990266646
90.43802386581979 271.03729990266646
91.56286517981846 271.78719411199893
92.3127593891509 272.9120354259976
93.4376007031496 274.0368767399963
94.5624420171483 275.16171805399495
95.68728333114697 275.9116122633274
95.68728333114697 277.0364535773261
96.8121246451457 277.78634778665855
97.93696595914429 278.5362419959911
98.31191306381058 279.6610833099897
99.43675437780925 280.4109775193222
100.18664858714172 281.5358188333209
100.93654279647413 282.6606601473195
101.68643700580657 283.7855014613182
103.56117252913762 285.28528987998317
104.6860138431363 285.28528987998317
105.81085515713502 286.03518408931546
106.93569647113375 286.03518408931546
108.43548488979857 286.78507829864793
109.56032620379725 287.5349725079805
110.685167517796 287.5349725079805
111.8100088317947 287.5349725079805
112.9348501457934 288.284866717313
114.05969145979208 289.0347609266453
115.55947987845698 289.78465513597774
117.0592682971218 290.9094964499764
118.18410961112053 291.6593906593088
119.3089509251192 292.40928486864146
120.43379223911793 293.1591790779739
121.55863355311664 293.9090732873062
122.68347486711531 294.6589674966387
123.80831618111392 294.6589674966387
124.9331574951126 294.6589674966387
126.05799880911133 294.6589674966387
127.18284012311005 294.28402039197266
128.30768143710876 294.28402039197266
129.43252275110737 293.9090732873062
130.55736406510604 293.9090732873062
131.68220537910472 293.53412618264014
132.8070466931034 293.53412618264014
133.93188800710215 293.1591790779739
135.431676425767 293.1591790779739
136.55651773976567 293.1591790779739
137.68135905376434 292.78423197330756
138.80620036776307 292.78423197330756
139.9310416817617 292.78423197330756
141.05588299576058 292.78423197330756
142.1807243097591 292.78423197330756
143.3055656237578 292.78423197330756
144.43040693775646 292.78423197330756
145.55524825175513 292.78423197330756
146.68008956575392 292.40928486864146
147.8049308797525 292.0343377639751
148.92977219375118 290.9094964499764
150.42956061241614 290.5345493453103
150.42956061241614 289.40970803131165
150.42956061241614 288.284866717313
150.42956061241614 287.1600254033142
150.0546135077499 286.03518408931546
149.3047192984174 284.91034277531674
148.55482508908494 283.78550146131806
147.4299837750863 283.0356072519856
146.30514246108763 282.6606601473194
145.1803011470889 282.28571304265336
144.05545983309023 281.9107659379869
142.9306185190917 281.5358188333209
141.8057772050929 281.5358188333209
140.30598878642795 281.1608717286545
139.18114747242927 280.78592462398825
138.0563061584306 280.4109775193222
136.93146484443187 279.6610833099896
135.80662353043323 278.9111891006571
135.05672932110085 277.78634778665844
134.30683511176832 276.6615064726597
133.1819937977697 275.9116122633273
132.43209958843715 274.7867709493286
132.43209958843715 273.6619296353299
132.43209958843715 272.5370883213314
131.30725827443854 272.162141216665
130.55736406510604 271.03729990266635
129.80746985577355 269.9124585886676
129.05757564644117 268.78761727466895
127.93273433244244 268.4126701700029
126.80789301844376 268.4126701700029
125.68305170444503 268.4126701700029
124.55821039044648 269.1625643793352
123.43336907644778 269.1625643793352
122.30852776244907 269.1625643793352
121.18368644845032 269.1625643793352
120.05884513445164 269.1625643793352
118.93400382045297 269.1625643793352
117.4342154017881 269.1625643793352
116.30937408778937 269.1625643793352
115.18453277379069 269.1625643793352
114.05969145979208 269.1625643793352
112.55990304112711 268.78761727466895
111.06011462246227 268.4126701700029
109.93527330846356 268.4126701700029
108.81043199446486 268.4126701700029
107.31064357579996 268.4126701700029
106.18580226180131 268.0377230653365
105.06096094780261 268.0377230653365
103.93611963380391 268.0377230653365
102.81127831980518 267.66277596067044
101.68643700580645 266.9128817513378
100.56159569180792 266.1629875420054
99.4367543778092 265.4130933326731
98.68686016847681 264.2882520186744
97.18707174981179 263.53835780934196
96.43717754047938 262.41351649534323
96.06223043581306 261.28867518134456
95.68728333114692 260.1638338673457
95.68728333114692 259.03899255334704
95.31233622648068 257.91415123934837
94.56244201714824 256.7893099253497
94.18749491248195 255.66446861135114
93.8125478078158 254.53962729735247
93.06265359848322 253.4147859833538
92.6877064938171 252.28994466935512
92.31275938915084 251.16510335535622
91.93781228448469 250.04026204135755
91.5628651798184 248.91542072735888
90.81297097048596 247.79057941336038
90.81297097048596 246.66573809936148
90.81297097048596 245.5408967853628
90.81297097048596 244.4160554713643
91.5628651798184 243.29121415736563
92.6877064938171 242.91626705269942
93.43760070314951 242.91626705269942
94.56244201714821 242.91626705269942
95.68728333114692 242.91626705269942
96.8121246451457 242.91626705269942
98.3119130638105 242.91626705269942
99.43675437780917 242.91626705269942
100.56159569180792 242.91626705269942
101.6864370058064 242.54131994803294
102.81127831980515 242.16637284336673
104.31106673847015 241.79142573870075
105.43590805246873 241.4164786340345
106.5607493664674 241.04153152936829
107.6855906804661 240.29163732003582
108.81043199446484 239.9166902153696
109.93527330846354 239.9166902153696
111.06011462246224 239.54174311070335
112.18495593646085 239.54174311070335
113.30979725045947 239.54174311070335
114.43463856445823 240.29163732003582
115.55947987845695 240.6665844247018
116.30937408778934 241.79142573870075
116.30937408778934 242.91626705269942
116.30937408778934 244.0411083666981
116.30937408778934 245.16594968069654
116.30937408778934 246.29079099469544
116.30937408778934 247.41563230869417
115.93442698312313 248.54047362269262
118.23140817965063 250.8410496537607
120.43379223911805 250.41520914602398
121.55863355311672 251.1651033553564
122.68347486711542 251.54005046002266
123.80831618111407 252.28994466935512
124.93315749511277 253.4147859833538
126.05799880911147 253.78973308802
127.18284012311014 254.1646801926862
128.30768143710884 254.1646801926862
129.4325227511075 254.1646801926862
130.55736406510619 254.1646801926862
131.68220537910486 253.4147859833538
132.05715248377112 251.91499756468886
132.43209958843732 250.7901562506902
132.80704669310356 249.66531493669152
132.80704669310356 248.54047362269284
132.80704669310356 247.41563230869417
133.93188800710226 246.66573809936165
134.6817822164347 245.54089678536297
135.8066235304334 244.79100257603056
136.93146484443207 244.0411083666981
138.05630615843077 242.54131994803316
139.18114747242942 242.54131994803316
139.18114747242942 241.4164786340345
139.55609457709565 240.29163732003582
139.9310416817619 239.1667960060371
139.18114747242942 237.6670075873722
138.05630615843077 237.6670075873722
136.55651773976584 236.91711337803974
135.43167642576714 236.91711337803974
134.3068351117685 236.16721916870728
133.1819937977698 236.16721916870728
132.05715248377112 236.16721916870728
130.93231116977242 235.41732495937487
130.18241696043998 233.91753654070993
129.05757564644128 233.54258943604373
127.9327343324426 232.79269522671126
