Study: 1.2.840.113704.1.111.3232.1097218723.1
Series: 1.2.840.113704.1.111.3232.1097218837.7
SpacingX: 0.80859375
SpacingY: 0.80859375
SpacingZ: 10.0

label: emphysema
localisation: non-relevant
slice_number: 8
nb_points_on_contour: 177
186.85216107546475 275.4108678392937
187.97700238946348 275.4108678392937
189.10184370346215 275.0359207346275
190.22668501746082 275.0359207346275
191.3515263314595 274.6609736299612
192.4763676454582 274.2860265252951
193.60120895945687 273.5361323159625
194.72605027345554 272.4112910019639
195.1009973781218 271.28644968796516
195.85089158745424 270.1616083739665
196.22583869212048 269.0367670599678
196.60078579678668 267.91192574596914
196.60078579678668 266.7870844319704
196.60078579678668 265.6622431179718
196.60078579678668 264.537401803973
196.60078579678668 263.41256048997434
196.60078579678668 262.28771917597567
196.60078579678668 261.162877861977
196.60078579678668 260.0380365479783
196.22583869212048 258.91319523397965
195.475944482788 257.788353919981
194.72605027345554 256.66351260598236
193.60120895945687 255.53867129198363
192.4763676454582 254.78877708265117
190.97657922679346 254.4138299779849
189.85173791279476 254.03888287331867
189.10184370346232 252.91404155932
187.97700238946365 252.16414734998753
186.85216107546492 251.03930603598886
185.72731976146625 249.53951761732392
184.9774255521338 248.41467630332525
184.22753134280134 247.28983498932655
182.72774292413644 245.41509946599544
181.60290161013774 244.29025815199674
180.85300740080527 243.16541683799807
179.7281660868066 242.04057552399937
178.97827187747416 240.9157342100007
178.60332477280792 239.79089289600202
177.47848345880925 238.2911044773371
176.72858924947678 236.79131605867218
175.97869504014434 235.29152764000727
175.6037479354781 233.41679211667613
175.22880083081188 231.542056593345
174.85385372614564 230.0422681746801
174.4789066214794 228.91742686068142
173.72901241214694 227.4176384420165
173.35406530748074 226.2927971280178
172.60417109814827 225.16795581401914
171.4793297841496 224.41806160468667
170.72943557481713 223.29322029068797
169.60459426081846 222.54332608135553
168.47975294681976 222.54332608135553
166.97996452815488 222.1683789766893
165.48017610948995 222.1683789766893
163.98038769082504 222.1683789766893
162.85554637682634 222.1683789766893
161.73070506282767 222.1683789766893
160.60586374882897 222.1683789766893
159.1060753301641 222.1683789766893
157.9812340161654 222.54332608135553
156.8563927021667 222.54332608135553
155.73155138816801 223.29322029068797
153.85681586483688 223.6681673953542
152.7319745508382 224.41806160468667
151.2321861321733 225.16795581401914
149.73239771350836 225.91785002335158
147.85766219017722 227.04269133735025
146.35787377151232 227.79258554668272
144.48313824818118 228.54247975601518
142.60840272485004 229.29237396534762
141.10861430618513 230.41721527934632
139.98377299218646 231.1671094886788
138.85893167818776 231.91700369801123
137.35914325952285 232.6668979073437
135.85935484085792 233.0418450120099
134.35956642219304 233.79173922134237
133.23472510819434 234.5416334306748
131.73493668952943 234.91658053534107
130.61009537553073 236.04142184933974
129.48525406153206 236.41636895400597
128.3604127475334 236.41636895400597
127.23557143353472 236.79131605867218
126.11073011953602 237.1662631633384
124.98588880553734 237.91615737267088
124.610941700871 239.0409986866696
123.1111532822062 239.79089289600202
121.98631196820753 239.79089289600202
120.8614706542088 240.54078710533446
119.73662934021007 241.290681314667
118.23684092154522 242.41552262866566
117.48694671221261 243.5403639426643
116.73705250288026 245.0401523613292
115.98715829354788 246.1649936753279
115.23726408421541 247.28983498932655
114.4873698748828 248.41467630332528
113.73747566555045 249.53951761732392
112.98758145621804 250.66435893132265
112.23768724688557 251.7892002453213
111.1128459328869 252.91404155932003
110.73789882822061 254.03888287331867
109.98800461888823 255.1637241873174
109.23811040955576 256.28856550131604
109.23811040955576 257.4134068153148
109.23811040955576 258.5382481293134
108.86316330488953 259.66308944331206
108.86316330488953 260.7879307573108
108.86316330488953 261.9127720713095
108.86316330488953 263.0376133853082
109.23811040955576 264.16245469930686
109.98800461888823 265.28729601330554
110.73789882822061 266.4121373273042
111.48779303755296 267.91192574596914
112.61263435155169 268.66181995530155
112.98758145621804 269.7866612693003
114.11242277021674 270.53655547863275
114.4873698748828 271.6613967926315
115.61221118888153 272.4112910019639
116.36210539821391 273.91107942062877
117.11199960754655 275.0359207346275
118.23684092154522 275.7858149439599
118.98673513087769 276.9106562579587
120.11157644487619 278.0354975719573
120.8614706542088 279.160338885956
121.98631196820753 279.5352859906221
123.1111532822062 280.28518019995465
124.2359945962047 280.6601273046209
125.73578301486972 281.03507440928706
126.86062432886845 281.03507440928706
127.98546564286715 281.4100215139533
129.4852540615319 281.4100215139533
130.985042480197 281.4100215139533
132.48483089886173 281.4100215139533
133.9846193175268 281.4100215139533
135.10946063152545 281.4100215139533
136.23430194552415 281.4100215139533
137.35914325952282 281.4100215139533
138.4839845735215 281.03507440928706
139.6088258875202 280.6601273046209
141.1086143061851 280.6601273046209
142.60840272485 280.28518019995465
143.73324403884868 279.9102330952884
144.85808535284738 279.5352859906221
145.9829266668461 279.5352859906221
147.10776798084476 279.5352859906221
148.23260929484343 279.5352859906221
149.35745060884213 279.5352859906221
150.10734481817457 278.0354975719573
151.23218613217324 277.66055046729105
152.3570274461719 277.2856033626248
153.48186876017058 276.9106562579587
154.60671007416929 276.9106562579587
156.1064984928342 276.5357091532924
157.6062869114991 276.5357091532924
158.73112822549777 276.5357091532924
159.8559695394965 276.5357091532924
160.98081085349523 276.5357091532924
162.10565216749384 276.5357091532924
163.23049348149252 276.5357091532924
164.73028190015742 275.0359207346275
165.85512321415615 274.2860265252951
166.97996452815488 273.91107942062877
168.10480584215347 273.5361323159625
169.22964715615214 273.5361323159625
170.35448847015084 273.5361323159625
171.4793297841495 273.5361323159625
172.60417109814819 273.5361323159625
173.7290124121469 273.5361323159625
174.85385372614562 273.91107942062877
176.35364214481046 274.2860265252951
177.47848345880917 275.0359207346275
178.97827187747407 275.7858149439599
180.10311319147277 276.1607620486261
181.22795450547144 276.1607620486261
182.35279581947006 276.1607620486261
183.85258423813497 276.1607620486261
184.97742555213367 276.1607620486261
186.10226686613234 276.5357091532924
slice_number: 10
nb_points_on_contour: 196
316.58385928997984 246.9148878846604
316.58385928997984 245.41509946599544
316.58385928997984 244.29025815199677
316.58385928997984 242.79046973333183
316.2089121853135 241.6656284193332
315.8339650806473 240.54078710533446
315.4590179759811 239.41594579133582
315.0840708713149 238.2911044773371
315.0840708713149 237.1662631633384
314.7091237666487 235.29152764000727
314.3341766619824 234.16668632600863
313.9592295573162 232.6668979073437
313.20933534798377 230.79216238401253
313.20933534798377 229.66732107001386
312.83438824331756 228.5424797560152
312.83438824331756 227.4176384420165
312.45944113865124 225.54290291868534
312.45944113865124 224.41806160468667
311.70954692931883 222.54332608135553
311.3345998246526 221.0435376626906
310.9596527199864 219.91869634869192
310.58470561532016 218.79385503469328
310.20975851065384 217.66901372069458
309.8348114059877 216.16922530202964
309.0849171966553 215.04438398803097
308.709970091989 213.54459556936604
307.96007588265655 212.41975425536737
307.21018167332414 211.29491294136872
306.8352345686579 210.17007162737002
306.08534035932536 208.6702832087051
305.335446149993 207.17049479004018
304.2106048359942 206.42060058070774
303.4607106266618 205.29575926670907
303.0857635219956 204.17091795271037
301.96092220799693 202.67112953404546
300.461133789332 201.17134111538056
299.7112395799995 200.04649980138186
298.9613453706671 198.54671138271692
297.8365040566684 197.42187006871825
297.086609847336 196.29702875471958
296.3367156380034 195.1721874407209
295.21187432400484 194.79724033605464
294.4619801146723 193.672399022056
293.3371388006737 192.5475577080573
292.2122974866749 191.42271639405863
291.0874561726763 190.29787508005995
289.9626148586776 189.17303376606125
288.83777354467895 188.79808666139502
287.337985126014 187.67324534739635
286.2131438120153 186.92335113806388
285.0883024980167 186.1734569287314
283.96346118401794 185.42356271939894
282.463672765353 184.29872140540027
281.3388314513544 183.5488271960678
279.83904303268946 183.1738800914016
278.7142017186908 182.42398588206913
277.5893604046921 182.04903877740293
276.0895719860272 181.67409167273667
274.9647306720285 180.92419746340425
273.83988935802984 180.1743032540718
272.34010093936485 179.42440904473932
271.21525962536623 178.67451483540685
270.09041831136744 177.9246206260744
268.9655769973689 177.54967352140818
267.84073568337016 177.17472641674195
266.71589436937154 176.7997793120757
265.5910530553728 176.7997793120757
264.4662117413741 176.7997793120757
263.34137042737547 176.7997793120757
262.2165291133767 176.7997793120757
261.09168779937806 176.7997793120757
259.9668464853794 176.7997793120757
258.8420051713807 176.7997793120757
257.717163857382 177.54967352140818
256.5923225433834 178.67451483540685
255.46748122938465 179.42440904473932
254.34263991538592 179.79935614940558
253.2177986013873 181.29914456807046
252.8428514967211 182.42398588206913
252.09295728738857 183.5488271960678
251.71801018272237 184.6736685100665
250.96811597338996 185.79850982406523
250.5931688687237 186.92335113806388
249.84327465939123 188.4231395567288
249.09338045005882 189.9229279753937
248.34348624072624 191.42271639405863
247.9685391360601 192.92250481272356
247.21864492672762 194.0473461267222
246.84369782206142 195.5471345453871
246.46875071739515 196.6719758593858
245.71885650806274 198.17176427805072
245.34390940339648 199.2966055920494
244.59401519406407 200.79639401071432
244.2190680893978 201.921235324713
243.8441209847316 203.42102374337793
243.46917388006534 204.5458650573766
243.09422677539914 205.67070637137527
242.71927967073293 206.79554768537395
242.3443325660666 207.92038899937268
241.9693854614004 209.04523031337135
241.5944383567342 210.54501873203623
241.5944383567342 212.04480715070116
241.219491252068 213.16964846469983
241.219491252068 215.04438398803097
241.219491252068 216.5441724066959
240.8445441474018 217.66901372069458
240.8445441474018 219.16880213935949
240.8445441474018 220.6685905580244
240.8445441474018 222.1683789766893
240.8445441474018 223.66816739535423
240.8445441474018 225.54290291868534
240.8445441474018 226.66774423268407
240.8445441474018 228.16753265134895
240.8445441474018 229.66732107001386
240.8445441474018 231.16710948867882
240.8445441474018 232.29195080267746
240.8445441474018 233.7917392213424
240.8445441474018 235.29152764000727
240.8445441474018 236.7913160586722
240.8445441474018 237.91615737267088
240.8445441474018 239.41594579133582
240.8445441474018 240.54078710533446
241.219491252068 241.6656284193332
241.219491252068 242.79046973333183
241.219491252068 244.29025815199677
241.219491252068 245.41509946599544
241.5944383567342 246.53994077999414
241.5944383567342 248.03972919865905
241.5944383567342 249.16457051265775
242.3443325660666 250.28941182665642
242.3443325660666 251.41425314065506
242.71927967073293 252.5390944546538
242.71927967073293 253.66393576865244
243.09422677539914 254.78877708265117
243.46917388006534 255.9136183966498
243.8441209847316 257.03845971064845
244.59401519406407 258.5382481293134
244.96896229873028 260.4129836526446
246.09380361272895 262.28771917597567
246.84369782206142 263.7875075946406
247.59359203139388 265.28729601330554
248.34348624072624 266.4121373273042
249.09338045005882 267.91192574596914
249.84327465939123 269.0367670599678
250.96811597338996 270.53655547863275
251.71801018272237 271.6613967926315
252.8428514967211 272.7862381066301
253.9676928107197 274.28602652529503
255.09253412471844 275.0359207346275
256.2173754387171 275.7858149439599
257.3422167527158 276.5357091532924
258.46705806671446 277.2856033626248
259.9668464853794 278.0354975719573
261.4666349040443 278.7853917812897
262.591476218043 279.5352859906221
263.71631753204167 279.5352859906221
265.2161059507066 279.5352859906221
266.3409472647052 279.5352859906221
267.84073568337016 279.5352859906221
269.7154712067013 279.5352859906221
271.59020673003243 279.5352859906221
273.4649422533636 279.5352859906221
275.3396777766947 279.5352859906221
277.2144133000259 279.5352859906221
278.7142017186908 279.160338885956
280.5889372420219 278.7853917812897
282.83861987001933 277.66055046729105
283.96346118401794 277.66055046729105
285.4632496026829 276.5357091532924
287.7129322306803 275.7858149439599
289.5876677540114 275.0359207346275
291.46240327734256 273.91107942062877
292.96219169600744 272.7862381066301
294.83692721933863 271.6613967926315
295.21187432400484 270.53655547863275
297.086609847336 269.411714164634
298.21145116133454 267.91192574596914
299.3362924753333 267.1620315366366
300.461133789332 265.6622431179718
301.58597510333067 264.9123489086393
303.0857635219956 263.7875075946406
303.83565773132807 262.66266628064193
304.96049904532674 261.53782496664326
306.4602874639916 260.4129836526446
307.21018167332414 259.2881423386459
307.96007588265655 258.1633010246472
308.709970091989 257.03845971064845
309.4598643013215 255.9136183966498
310.20975851065384 254.78877708265117
312.08449403398504 254.4138299779849
313.20933534798377 253.28898866398623
314.33417666198244 252.53909445465376
315.4590179759811 251.7892002453213
316.58385928997984 251.03930603598886
316.95880639464605 249.91446472199019
317.7087006039785 248.78962340799148
slice_number: 11
nb_points_on_contour: 198
316.58385928997984 242.0405755239994
317.33375349931225 240.91573421000072
317.33375349931225 239.41594579133582
317.33375349931225 238.2911044773371
317.33375349931225 237.1662631633384
316.95880639464605 235.6664747446735
316.2089121853135 234.16668632600863
315.8339650806473 232.29195080267746
315.4590179759811 231.16710948867882
315.0840708713149 229.29237396534765
314.7091237666487 227.79258554668272
314.3341766619824 226.66774423268407
313.58428245265 225.54290291868534
313.20933534798377 223.66816739535423
312.83438824331756 222.1683789766893
312.45944113865124 221.0435376626906
311.70954692931883 219.16880213935949
310.9596527199864 218.04396082536078
310.58470561532016 216.9191195113621
310.20975851065384 215.04438398803097
309.4598643013215 213.9195426740323
308.3350229873227 211.29491294136872
307.96007588265655 210.17007162737002
307.21018167332414 209.04523031337135
306.4602874639916 207.5454418947064
306.08534035932536 206.42060058070774
304.96049904532674 204.5458650573766
304.2106048359942 203.04607663871167
303.4607106266618 201.921235324713
302.3358693126631 200.42144690604812
301.96092220799693 198.92165848738318
301.58597510333067 197.7968171733845
300.461133789332 196.29702875471958
299.7112395799995 194.42229323138844
298.9613453706671 193.2974519173898
297.8365040566684 191.42271639405863
297.086609847336 190.29787508005995
296.7116627426698 188.79808666139502
295.96176853333725 187.29829824273008
294.4619801146723 185.79850982406523
293.3371388006737 184.6736685100665
292.2122974866749 183.5488271960678
291.46240327734256 182.42398588206913
289.9626148586776 181.29914456807046
288.83777354467895 180.549250358738
287.337985126014 179.42440904473932
285.8381967073491 178.67451483540685
284.71335539335047 178.29956773074065
283.21356697468553 177.54967352140818
282.08872566068675 177.17472641674195
280.5889372420219 176.4248322074095
279.08914882335705 176.04988510274327
277.5893604046921 175.29999089341084
276.0895719860272 174.92504378874457
274.5897835673623 174.55009668407837
273.08999514869737 174.1751495794121
271.9651538346987 173.8002024747459
270.09041831136744 173.42525537007964
268.9655769973689 173.05030826541343
267.09084147403775 173.05030826541343
265.2161059507066 172.67536116074723
263.34137042737547 171.92546695141476
261.09168779937806 171.55051984674853
259.9668464853794 171.55051984674853
258.8420051713807 171.1755727420823
256.9672696480496 170.8006256374161
255.84242833405085 170.42567853274983
254.34263991538592 170.05073142808362
252.8428514967211 170.05073142808362
251.71801018272237 170.05073142808362
250.5931688687237 170.05073142808362
249.46832755472502 170.05073142808362
247.9685391360601 170.05073142808362
246.84369782206142 170.42567853274983
245.34390940339648 170.42567853274983
244.2190680893978 171.1755727420823
243.09422677539914 172.30041405608102
241.9693854614004 173.05030826541343
240.46959704273553 174.55009668407837
240.09464993806927 175.67493799807704
239.34475572873686 177.17472641674195
238.59486151940445 178.67451483540685
238.21991441473807 180.549250358738
237.84496731007187 182.04903877740293
237.84496731007187 183.92377430073407
237.84496731007187 185.79850982406523
237.84496731007187 186.92335113806388
237.84496731007187 188.4231395567288
237.84496731007187 189.54798087072749
238.21991441473807 191.42271639405863
238.59486151940445 193.2974519173898
238.96980862407065 194.79724033605464
239.71970283340306 196.29702875471958
240.09464993806927 197.42187006871825
240.46959704273553 198.54671138271692
241.5944383567342 200.04649980138186
241.9693854614004 201.17134111538056
242.3443325660666 202.67112953404546
243.46917388006534 204.17091795271037
244.2190680893978 205.29575926670907
244.59401519406407 207.17049479004018
245.34390940339648 208.6702832087051
246.09380361272895 210.17007162737002
246.84369782206142 211.66986004603493
247.9685391360601 212.41975425536737
249.09338045005882 212.79470136003363
250.21822176405743 213.54459556936604
250.96811597338996 214.66943688336474
252.09295728738857 215.04438398803097
253.2177986013873 216.16922530202964
253.9676928107197 217.29406661602832
254.34263991538597 218.41890793002702
254.34263991538597 219.54374924402572
254.34263991538597 220.6685905580244
253.9676928107197 221.79343187202306
253.5927457060535 222.91827318602176
252.46790439205483 224.04311450002044
251.71801018272237 225.16795581401914
250.96811597338996 226.29279712801784
251.34306307805616 227.4176384420165
251.34306307805616 228.5424797560152
252.09295728738857 230.0422681746801
252.46790439205483 231.54205659334502
252.8428514967211 232.6668979073437
253.2177986013873 233.7917392213424
253.5927457060535 234.91658053534107
253.9676928107197 236.7913160586722
255.09253412471844 237.91615737267088
255.84242833405085 239.41594579133582
256.2173754387171 240.54078710533446
256.5923225433834 241.6656284193332
257.3422167527158 242.79046973333183
257.717163857382 243.91531104733053
258.09211096204825 245.0401523613292
258.46705806671446 246.9148878846604
258.8420051713807 248.41467630332528
259.2169522760469 249.53951761732392
259.5918993807132 250.66435893132265
259.9668464853794 251.7892002453213
260.71674069471186 252.91404155932003
261.4666349040443 254.03888287331867
261.84158200871053 255.1637241873174
262.591476218043 256.66351260598236
263.34137042737547 258.1633010246472
264.0912646367079 259.2881423386459
264.4662117413741 260.4129836526446
265.2161059507066 261.53782496664326
265.966000160039 262.66266628064193
267.09084147403775 264.16245469930686
268.2156827880363 265.28729601330554
268.9655769973689 266.4121373273042
270.09041831136744 267.1620315366366
271.21525962536623 267.91192574596914
272.71504804403116 268.66181995530155
273.83988935802984 269.411714164634
274.9647306720285 270.53655547863275
276.4645190906934 271.28644968796516
277.9643075093583 271.28644968796516
279.46409592802326 272.03634389729757
280.9638843466882 272.4112910019639
282.463672765353 272.4112910019639
283.58851407935174 273.1611852112963
285.0883024980167 273.1611852112963
286.5880909166816 273.1611852112963
287.7129322306803 273.1611852112963
288.83777354467895 273.1611852112963
290.3375619633438 273.1611852112963
291.46240327734256 273.1611852112963
292.58724459134123 273.1611852112963
294.08703301000605 273.1611852112963
295.21187432400484 272.7862381066301
296.7116627426698 272.03634389729757
298.58639826600086 271.28644968796516
300.0861866846658 270.53655547863275
301.58597510333067 269.411714164634
303.0857635219956 268.66181995530155
304.58555194066054 267.91192574596914
305.7103932546592 266.7870844319704
306.8352345686579 266.03719022263795
308.3350229873227 264.537401803973
309.4598643013215 263.0376133853082
310.9596527199864 261.9127720713095
311.70954692931883 260.7879307573108
312.084494033985 259.66308944331206
313.20933534798377 258.5382481293134
313.9592295573162 257.4134068153148
314.7091237666487 255.9136183966498
315.8339650806473 254.4138299779849
316.58385928997984 253.28898866398626
317.33375349931225 252.16414734998753
317.33375349931225 251.0393060359889
317.7087006039785 249.91446472199019
318.08364770864466 248.7896234079915
318.08364770864466 247.6647820939928
318.08364770864466 246.53994077999414
318.08364770864466 245.41509946599544
318.08364770864466 244.29025815199677
318.08364770864466 243.16541683799807
slice_number: 12
nb_points_on_contour: 210
316.20891218531347 211.66986004603493
315.8339650806473 210.54501873203623
314.7091237666487 209.04523031337135
313.9592295573162 207.92038899937268
313.20933534798377 206.79554768537395
312.45944113865124 205.29575926670907
311.3345998246526 204.17091795271037
310.9596527199864 203.04607663871167
309.8348114059877 201.5462882200468
309.0849171966553 200.04649980138186
307.96007588265655 198.92165848738318
307.21018167332414 197.42187006871825
306.4602874639916 196.29702875471958
305.7103932546592 195.1721874407209
304.96049904532674 194.0473461267222
304.21060483599416 192.92250481272356
303.4607106266618 191.79766349872483
302.7108164173294 190.67282218472616
301.58597510333067 189.17303376606125
300.461133789332 188.04819245206255
298.9613453706671 186.92335113806388
297.8365040566684 185.42356271939894
296.7116627426698 184.6736685100665
295.58682142867104 183.92377430073407
294.4619801146723 183.1738800914016
293.3371388006737 182.42398588206913
292.21229748667486 181.67409167273667
291.0874561726763 180.92419746340425
289.9626148586776 180.549250358738
288.83777354467895 179.79935614940558
287.7129322306803 179.0494619400731
286.21314381201523 178.67451483540685
284.71335539335047 177.9246206260744
283.21356697468553 177.54967352140818
282.08872566068663 176.7997793120757
280.9638843466882 176.7997793120757
279.46409592802326 175.67493799807704
277.5893604046921 175.29999089341084
276.0895719860272 174.55009668407837
274.5897835673623 174.55009668407837
273.4649422533636 174.1751495794121
272.34010093936485 173.8002024747459
270.8403125207 173.42525537007964
268.9655769973689 172.67536116074723
267.46578857870395 172.30041405608102
265.966000160039 171.92546695141476
264.0912646367079 171.1755727420823
262.9664233227092 170.8006256374161
261.84158200871053 170.42567853274983
260.71674069471186 170.42567853274983
259.2169522760469 170.05073142808362
258.09211096204825 170.05073142808362
256.9672696480496 170.05073142808362
255.46748122938465 170.05073142808362
254.34263991538592 170.05073142808362
253.2177986013873 170.42567853274983
252.09295728738857 171.1755727420823
250.96811597338996 171.55051984674853
249.84327465939123 172.30041405608102
248.71843334539255 173.42525537007964
247.59359203139388 174.1751495794121
246.46875071739515 174.92504378874457
245.34390940339648 176.04988510274327
243.8441209847316 177.54967352140818
242.71927967073293 178.67451483540685
241.9693854614004 179.79935614940558
241.219491252068 180.92419746340425
240.46959704273553 182.04903877740293
239.71970283340306 183.1738800914016
238.96980862407065 184.29872140540027
238.59486151940445 185.79850982406523
237.84496731007175 186.92335113806388
237.0950731007395 188.4231395567288
236.345178891407 189.9229279753937
235.59528468207458 191.04776928939236
235.22033757740837 192.5475577080573
234.8453904727421 193.672399022056
234.8453904727421 194.79724033605464
234.4704433680759 196.29702875471958
234.4704433680759 197.42187006871825
234.4704433680759 198.92165848738318
234.4704433680759 200.42144690604812
234.4704433680759 201.5462882200468
234.4704433680759 202.67112953404546
235.22033757740837 204.17091795271037
235.59528468207458 205.29575926670907
236.345178891407 206.79554768537395
237.0950731007395 208.29533610403888
237.47002020540572 209.42017741803755
238.21991441473807 210.54501873203623
238.96980862407065 211.66986004603493
240.09464993806927 212.79470136003363
240.46959704273553 213.9195426740323
241.5944383567342 214.66943688336474
242.3443325660666 215.79427819736344
243.09422677539914 217.29406661602832
244.2190680893978 218.4189079300271
245.34390940339648 219.16880213935949
246.46875071739515 220.2936434533582
247.21864492672762 221.4184847673569
247.9685391360601 222.54332608135553
249.09338045005882 223.6681673953543
249.84327465939123 224.7930087093529
250.96811597338996 225.54290291868534
252.46790439205483 227.04269133735025
253.2177986013873 228.16753265134895
254.34263991538592 229.66732107001386
255.46748122938465 230.79216238401253
255.84242833405085 231.91700369801123
256.5923225433834 233.0418450120099
257.3422167527158 234.16668632600863
258.46705806671446 235.6664747446735
259.2169522760469 236.7913160586722
259.5918993807132 237.91615737267088
259.9668464853794 239.0409986866696
260.34179359004554 240.16584000066825
261.4666349040443 240.91573421000078
262.2165291133766 242.0405755239994
262.591476218043 243.16541683799807
263.34137042737547 244.29025815199677
264.4662117413741 245.41509946599544
265.2161059507066 246.53994077999414
266.3409472647052 248.03972919865905
267.46578857870395 248.7896234079915
268.5906298927027 249.91446472199019
270.0904183113674 251.0393060359889
271.21525962536623 251.7892002453213
271.9651538346987 252.91404155932003
273.08999514869737 253.28898866398626
274.2148364626959 254.4138299779849
275.3396777766947 255.53867129198363
276.0895719860272 256.66351260598236
276.83946619535965 257.788353919981
277.2144133000259 258.91319523397965
277.9643075093583 260.0380365479783
278.33925461402447 261.162877861977
279.46409592802326 262.28771917597567
279.83904303268946 263.41256048997434
280.5889372420219 264.537401803973
281.3388314513544 265.6622431179718
282.08872566068663 266.7870844319704
283.21356697468553 267.91192574596914
283.96346118401794 269.0367670599678
285.0883024980167 270.53655547863275
286.5880909166816 271.6613967926315
287.7129322306803 272.4112910019639
288.83777354467895 273.1611852112963
289.9626148586776 274.2860265252951
291.0874561726763 274.6609736299612
292.58724459134123 275.4108678392937
294.08703301000594 276.1607620486261
295.21187432400484 276.1607620486261
296.7116627426698 276.1607620486261
298.2114511613345 276.9106562579587
299.3362924753333 276.9106562579587
300.461133789332 277.2856033626248
301.96092220799693 277.2856033626248
303.4607106266618 277.2856033626248
304.58555194066054 277.2856033626248
305.7103932546592 277.2856033626248
306.8352345686579 276.5357091532924
307.96007588265655 275.4108678392937
308.709970091989 274.2860265252951
309.0849171966553 273.1611852112963
309.8348114059877 272.03634389729757
310.58470561532016 270.53655547863275
311.70954692931883 269.0367670599678
312.45944113865124 267.5369786413029
313.20933534798377 265.6622431179718
314.3341766619823 264.16245469930686
315.0840708713149 262.66266628064193
315.4590179759811 261.162877861977
316.20891218531347 259.66308944331206
316.58385928997984 258.1633010246472
317.33375349931225 256.66351260598236
317.7087006039785 255.53867129198363
318.08364770864455 254.03888287331867
319.2084890226434 252.5390944546538
319.58343612730965 251.41425314065506
319.58343612730965 250.28941182665642
319.58343612730965 249.16457051265775
319.58343612730965 247.6647820939928
319.58343612730965 246.1649936753279
319.58343612730965 244.66520525666303
319.58343612730965 243.16541683799807
319.58343612730965 242.0405755239994
319.58343612730965 240.54078710533446
319.58343612730965 239.04099868666958
319.58343612730965 237.54121026800465
319.58343612730965 236.04142184933977
319.2084890226434 234.91658053534107
319.2084890226434 233.79173922134237
318.4585948133109 232.29195080267746
318.0836477086447 231.1671094886788
317.7087006039785 230.0422681746801
316.95880639464605 228.91742686068142
316.58385928997984 227.79258554668272
316.2089121853136 226.66774423268404
315.8339650806473 225.54290291868534
315.4590179759811 224.41806160468667
315.4590179759811 223.29322029068797
315.4590179759811 222.1683789766893
315.4590179759811 221.0435376626906
315.4590179759811 219.91869634869192
315.4590179759811 218.79385503469325
315.8339650806473 217.29406661602832
316.2089121853136 216.16922530202964
316.2089121853136 215.04438398803097
316.2089121853136 213.9195426740323
316.2089121853136 212.79470136003363
slice_number: 13
nb_points_on_contour: 192
319.58343612730965 230.41721527934632
319.58343612730965 229.29237396534762
319.58343612730965 228.16753265134895
319.58343612730965 226.66774423268404
319.2084890226434 224.7930087093529
319.2084890226434 223.29322029068797
319.2084890226434 222.1683789766893
318.8335419179772 221.0435376626906
318.4585948133109 219.91869634869192
318.0836477086447 218.41890793002702
317.7087006039785 217.29406661602832
317.33375349931225 216.16922530202964
316.95880639464605 215.04438398803097
316.58385928997984 213.54459556936604
316.2089121853136 212.04480715070116
315.8339650806473 210.91996583670246
315.0840708713149 209.42017741803755
314.7091237666487 207.92038899937265
314.33417666198244 206.79554768537395
313.9592295573162 205.29575926670907
313.58428245265 204.17091795271037
313.20933534798377 202.67112953404546
312.4594411386513 201.5462882200468
311.70954692931883 200.4214469060481
311.3345998246526 199.2966055920494
310.58470561532016 198.17176427805072
310.2097585106539 197.04692296405204
309.4598643013215 195.92208165005334
308.709970091989 194.79724033605464
307.58512877799035 193.29745191738976
306.8352345686579 192.17261060339106
305.335446149993 191.04776928939236
304.58555194066054 189.54798087072749
303.0857635219956 188.04819245206255
301.96092220799693 186.54840403339765
300.461133789332 185.7985098240652
299.7112395799995 184.6736685100665
298.58639826600086 183.5488271960678
297.4615569520022 182.42398588206913
296.7116627426698 181.29914456807046
295.58682142867104 180.92419746340423
294.4619801146723 179.79935614940555
293.3371388006737 179.0494619400731
292.21229748667497 177.9246206260744
291.0874561726763 177.17472641674195
289.9626148586776 176.04988510274327
288.83777354467895 175.67493799807704
287.7129322306803 174.92504378874457
286.5880909166816 174.55009668407837
284.71335539335047 173.8002024747459
283.21356697468553 173.05030826541343
282.0887256606868 172.67536116074723
280.21399013735567 171.92546695141476
279.08914882335705 171.55051984674853
277.9643075093583 171.1755727420823
276.83946619535965 171.1755727420823
274.9647306720285 170.8006256374161
273.83988935802984 170.42567853274983
272.71504804403116 170.42567853274983
271.59020673003243 170.42567853274983
270.0904183113675 170.05073142808362
268.9655769973689 170.05073142808362
267.84073568337016 170.05073142808362
265.966000160039 170.05073142808362
264.4662117413741 170.05073142808362
263.34137042737547 170.05073142808362
261.84158200871053 170.42567853274983
260.3417935900456 171.1755727420823
259.2169522760469 171.92546695141476
258.09211096204825 172.67536116074723
256.9672696480496 174.1751495794121
256.2173754387171 175.2999908934108
255.09253412471844 176.7997793120757
253.9676928107197 178.67451483540685
253.5927457060535 179.79935614940555
253.2177986013873 180.92419746340423
252.8428514967211 182.04903877740293
252.09295728738857 183.92377430073407
251.34306307805616 185.42356271939894
250.96811597338996 187.29829824273008
250.5931688687237 188.79808666139502
250.5931688687237 189.9229279753937
250.5931688687237 191.42271639405863
250.21822176405743 192.5475577080573
250.21822176405743 193.67239902205597
250.21822176405743 195.1721874407209
250.21822176405743 196.6719758593858
250.21822176405743 198.17176427805072
250.21822176405743 199.67155269671562
250.21822176405743 200.79639401071432
250.5931688687237 201.921235324713
250.96811597338996 203.4210237433779
251.34306307805616 204.9208121620428
251.71801018272237 206.04565347604148
252.46790439205483 207.5454418947064
253.2177986013873 208.6702832087051
253.9676928107197 209.79512452270376
254.71758702005224 211.2949129413687
255.46748122938465 212.41975425536737
255.84242833405085 213.54459556936604
256.5923225433834 214.66943688336474
257.3422167527158 215.79427819736344
258.09211096204825 217.29406661602832
258.46705806671446 218.79385503469325
258.8420051713807 219.91869634869192
259.5918993807132 221.0435376626906
260.3417935900456 222.1683789766893
260.71674069471186 223.29322029068797
261.4666349040443 224.41806160468667
262.21652911337674 225.54290291868534
263.34137042737547 226.2927971280178
263.71631753204167 227.79258554668272
264.84115884604034 229.29237396534762
265.2161059507066 230.41721527934632
266.3409472647052 231.542056593345
267.09084147403775 232.6668979073437
268.5906298927027 233.79173922134237
269.3405241020351 235.29152764000727
270.46536541603376 236.41636895400597
271.59020673003243 237.54121026800465
272.3401009393649 238.66605158200335
273.08999514869737 239.79089289600202
274.21483646269604 240.54078710533446
274.5897835673623 241.66562841933316
275.714624881361 242.79046973333183
276.0895719860272 243.9153110473305
276.4645190906934 245.0401523613292
276.83946619535965 246.16499367532788
277.2144133000259 247.28983498932655
277.5893604046921 248.41467630332525
278.3392546140245 249.53951761732392
278.7142017186908 250.66435893132262
279.46409592802326 251.7892002453213
279.83904303268946 252.91404155932
280.21399013735567 254.03888287331867
280.9638843466882 255.16372418731737
281.7137785560206 256.28856550131604
282.46367276535307 257.4134068153147
283.21356697468553 258.5382481293134
283.96346118401794 260.0380365479783
284.71335539335047 261.162877861977
285.4632496026829 262.28771917597567
286.21314381201535 263.41256048997434
286.5880909166816 264.537401803973
287.7129322306803 265.66224311797174
288.4628264400127 266.7870844319704
289.5876677540114 267.91192574596914
291.0874561726763 269.0367670599678
292.21229748667497 269.7866612693002
293.3371388006737 270.53655547863275
294.4619801146723 271.28644968796516
295.96176853333725 271.28644968796516
297.4615569520022 271.28644968796516
298.58639826600086 271.28644968796516
300.0861866846658 271.28644968796516
301.21102799866446 271.28644968796516
302.33586931266314 271.28644968796516
303.4607106266618 271.28644968796516
304.96049904532674 270.53655547863275
306.4602874639916 269.7866612693002
307.96007588265655 269.0367670599678
309.0849171966553 268.28687285063535
310.2097585106539 267.5369786413029
311.3345998246526 266.7870844319704
312.4594411386513 265.28729601330554
313.58428245265 264.16245469930686
314.33417666198244 263.0376133853082
315.0840708713149 261.53782496664326
315.8339650806473 260.4129836526446
316.58385928997984 259.28814233864586
317.33375349931225 257.4134068153147
318.0836477086447 255.9136183966498
318.4585948133109 254.4138299779849
318.8335419179772 253.28898866398623
319.58343612730965 252.16414734998753
319.58343612730965 250.66435893132262
320.33333033664206 249.53951761732392
320.33333033664206 247.6647820939928
320.7082774413083 246.16499367532788
320.7082774413083 245.0401523613292
320.7082774413083 243.9153110473305
320.7082774413083 242.79046973333183
320.7082774413083 241.66562841933316
320.7082774413083 240.54078710533446
320.7082774413083 239.4159457913358
320.7082774413083 238.2911044773371
320.7082774413083 237.1662631633384
320.7082774413083 236.04142184933974
320.7082774413083 234.91658053534107
320.7082774413083 233.79173922134237
320.7082774413083 232.6668979073437
320.33333033664206 231.542056593345
slice_number: 14
nb_points_on_contour: 199
315.0840708713149 219.16880213935949
315.0840708713149 218.04396082536078
314.7091237666487 216.9191195113621
314.33417666198244 215.04438398803097
313.58428245265 213.54459556936604
312.83438824331756 211.66986004603493
312.08449403398504 210.17007162737002
311.70954692931883 208.29533610403888
310.58470561532016 206.04565347604148
309.4598643013215 204.9208121620428
308.33502298732276 203.04607663871167
307.96007588265655 201.921235324713
307.21018167332414 200.4214469060481
306.0853403593254 199.2966055920494
305.335446149993 197.42187006871825
304.2106048359943 195.92208165005334
303.0857635219956 194.0473461267222
301.96092220799693 192.92250481272353
301.58597510333067 191.79766349872483
300.461133789332 190.67282218472616
299.7112395799995 189.54798087072749
298.58639826600086 188.42313955672878
296.7116627426698 186.1734569287314
295.21187432400484 184.6736685100665
293.7120859053399 183.5488271960678
292.96219169600744 182.42398588206913
291.46240327734256 181.29914456807046
291.0874561726763 180.1743032540718
289.5876677540114 179.0494619400731
288.83777354467895 177.9246206260744
287.337985126014 176.7997793120757
286.21314381201535 175.67493799807704
285.0883024980167 174.55009668407837
283.58851407935174 173.42525537007967
282.0887256606868 172.300414056081
280.5889372420219 171.55051984674853
279.08914882335705 170.42567853274983
277.5893604046921 170.05073142808362
276.4645190906934 169.30083721875116
274.5897835673623 168.55094300941872
273.4649422533636 168.17599590475248
272.3401009393649 167.80104880008625
271.21525962536623 167.42610169542002
270.0904183113675 167.0511545907538
268.5906298927027 167.0511545907538
267.09084147403775 167.0511545907538
265.966000160039 167.42610169542002
264.4662117413741 167.80104880008625
262.9664233227092 168.17599590475248
261.09168779937806 169.30083721875116
259.5918993807132 169.67578432341742
258.46705806671446 170.8006256374161
257.3422167527158 170.8006256374161
256.2173754387171 171.92546695141476
255.09253412471844 172.67536116074723
253.9676928107197 173.8002024747459
253.2177986013873 174.92504378874457
252.09295728738857 175.67493799807704
250.96811597338996 176.7997793120757
249.84327465939123 178.29956773074065
249.46832755472502 179.42440904473932
248.71843334539255 180.549250358738
248.71843334539255 181.67409167273667
247.59359203139388 183.1738800914016
247.21864492672762 184.6736685100665
246.84369782206142 185.7985098240652
246.84369782206142 187.29829824273008
246.84369782206142 188.79808666139502
246.84369782206142 190.29787508005992
246.84369782206142 191.42271639405863
246.84369782206142 193.29745191738976
246.84369782206142 194.79724033605464
246.84369782206142 195.92208165005334
247.21864492672762 197.7968171733845
247.21864492672762 199.2966055920494
247.59359203139388 200.4214469060481
247.59359203139388 201.921235324713
248.71843334539255 203.79597084804413
248.71843334539255 204.9208121620428
249.09338045005882 206.04565347604148
249.46832755472502 207.17049479004018
249.84327465939123 208.29533610403888
250.96811597338996 210.54501873203623
251.71801018272237 212.04480715070116
251.71801018272237 213.16964846469983
252.46790439205483 214.2944897786985
253.5927457060535 216.5441724066959
254.71758702005224 218.41890793002702
255.84242833405085 220.2936434533582
256.5923225433834 221.41848476735686
258.09211096204825 223.29322029068797
258.8420051713807 224.41806160468667
259.9668464853794 225.91785002335158
261.4666349040443 227.79258554668272
261.84158200871053 228.91742686068142
263.34137042737547 230.41721527934632
264.0912646367079 231.91700369801123
265.5910530553728 233.41679211667613
265.966000160039 234.91658053534107
267.46578857870395 236.41636895400597
268.5906298927027 237.91615737267088
269.7154712067013 239.4159457913358
270.8403125207 240.9157342100007
271.9651538346987 242.41552262866563
273.08999514869737 243.5403639426643
274.21483646269604 244.665205256663
274.9647306720285 245.79004657066167
276.0895719860272 247.28983498932655
276.83946619535965 248.41467630332525
277.5893604046921 249.53951761732392
279.08914882335705 251.03930603598886
280.21399013735567 252.16414734998753
280.9638843466882 253.28898866398623
282.0887256606868 254.4138299779849
283.21356697468553 255.5386712919836
284.3384082886842 256.6635126059823
285.4632496026829 257.788353919981
286.5880909166816 258.91319523397965
288.0878793353465 260.4129836526446
288.83777354467895 261.53782496664326
289.9626148586776 263.0376133853082
291.0874561726763 264.16245469930686
291.83735038200876 265.66224311797174
292.96219169600744 267.1620315366366
294.4619801146723 268.28687285063535
295.58682142867104 269.7866612693002
296.7116627426698 270.9115025832989
297.086609847336 272.41129100196383
297.4615569520022 273.5361323159625
298.2114511613346 275.03592073462744
298.58639826600086 276.5357091532924
298.9613453706671 278.0354975719573
298.9613453706671 279.160338885956
299.3362924753333 280.28518019995465
299.3362924753333 281.4100215139533
299.3362924753333 282.534862827952
300.0861866846658 283.65970414195067
300.461133789332 284.78454545594934
300.83608089399826 285.909386769948
301.58597510333067 287.40917518861295
302.7108164173294 288.1590693979454
303.4607106266618 289.2839107119441
304.96049904532674 290.4087520259428
306.4602874639916 291.5335933399415
307.58512877799035 292.2834875492739
308.709970091989 293.0333817586064
309.8348114059877 293.4083288632726
310.9596527199864 293.4083288632726
311.3345998246526 292.2834875492739
312.4594411386513 291.1586462352752
313.20933534798377 290.03380492127656
313.58428245265 288.9089636072779
314.33417666198244 287.7841222932792
315.0840708713149 285.909386769948
315.4590179759811 284.78454545594934
315.4590179759811 283.28475703728446
315.8339650806473 282.15991572328574
316.2089121853136 281.03507440928706
316.58385928997984 279.9102330952884
316.95880639464605 278.7853917812897
316.95880639464605 276.9106562579586
317.33375349931225 275.7858149439599
317.33375349931225 273.91107942062877
317.7087006039785 272.7862381066301
317.7087006039785 271.6613967926314
317.7087006039785 269.0367670599678
317.7087006039785 267.1620315366366
317.7087006039785 266.03719022263795
317.7087006039785 264.9123489086393
317.7087006039785 263.7875075946406
318.0836477086447 261.91277207130946
318.0836477086447 260.7879307573108
318.0836477086447 259.28814233864586
318.0836477086447 258.1633010246472
318.0836477086447 256.6635126059823
318.0836477086447 255.16372418731737
318.0836477086447 253.66393576865244
318.0836477086447 252.53909445465376
318.0836477086447 251.03930603598886
318.0836477086447 249.91446472199019
318.0836477086447 248.78962340799148
318.0836477086447 247.28983498932655
318.0836477086447 246.16499367532788
318.0836477086447 244.665205256663
318.0836477086447 243.16541683799807
318.0836477086447 242.04057552399937
318.0836477086447 240.54078710533446
318.0836477086447 239.04099868666955
318.0836477086447 237.91615737267088
317.7087006039785 236.41636895400597
317.7087006039785 234.91658053534107
317.33375349931225 233.41679211667613
316.95880639464605 231.91700369801123
316.2089121853136 230.0422681746801
315.8339650806473 228.91742686068142
315.4590179759811 227.79258554668272
315.0840708713149 225.91785002335158
314.33417666198244 224.7930087093529
314.33417666198244 223.6681673953542
label: fibrosis
localisation: peripheral/sub_pleural
slice_number: 17
nb_points_on_contour: 88
181.60290161013774 313.2805254105827
180.47806029613906 313.2805254105827
178.97827187747416 313.6554725152489
177.85343056347546 314.03041961991516
176.72858924947678 314.7803138292476
175.22880083081188 315.5302080385801
174.1039595168132 315.9051551432463
172.60417109814827 316.65504935257877
171.10438267948336 317.4049435619112
169.60459426081846 318.15483777124365
167.72985873748732 318.9047319805761
166.60501742348862 319.6546261899085
164.73028190015748 320.0295732945748
163.23049348149257 320.77946750390726
162.1056521674939 321.15441460857346
160.60586374882897 321.9043088179059
159.1060753301641 322.6542030272384
157.60628691149915 323.02915013190466
156.48144559750048 324.15399144590333
154.98165717883558 324.52893855056953
153.85681586483688 324.90388565523574
152.7319745508382 325.278832759902
151.2321861321733 325.278832759902
149.73239771350836 325.278832759902
147.85766219017722 325.278832759902
146.35787377151232 325.278832759902
145.23303245751364 325.278832759902
144.10819114351497 325.278832759902
142.60840272485004 325.278832759902
141.10861430618513 325.278832759902
139.98377299218646 325.278832759902
138.85893167818776 325.278832759902
137.73409036418906 325.278832759902
136.60924905019039 325.278832759902
135.4844077361917 325.65377986456826
134.73451352685925 326.7786211785669
133.9846193175268 327.90346249256555
133.60967221286057 329.0283038065643
133.23472510819434 330.15314512056295
132.8597780035281 331.2779864345616
132.8597780035281 332.4028277485603
132.8597780035281 333.52766906255897
133.60967221286057 334.65251037655764
134.35956642219304 335.7773516905564
135.4844077361917 336.52724589988884
136.60924905019039 337.27714010922125
137.73409036418906 338.0270343185537
138.85893167818776 338.40198142322
139.98377299218646 338.40198142322
141.10861430618513 338.40198142322
142.23345562018383 338.40198142322
143.7332440388487 338.40198142322
145.23303245751364 338.40198142322
147.10776798084478 338.40198142322
148.23260929484346 338.40198142322
149.73239771350836 338.40198142322
151.2321861321733 338.40198142322
152.35702744617197 338.40198142322
153.85681586483688 338.40198142322
154.98165717883558 338.40198142322
156.10649849283425 338.40198142322
157.23133980683295 338.40198142322
158.73112822549783 338.0270343185537
159.85596953949653 338.0270343185537
161.35575795816143 336.90219300455504
162.48059927216013 336.52724589988884
163.6054405861588 335.7773516905564
164.73028190015748 335.4024045858901
165.85512321415615 334.2775632718915
166.97996452815488 333.52766906255897
168.10480584215355 332.77777485322656
169.22964715615223 332.0278806438941
170.35448847015093 331.2779864345616
171.10438267948336 330.15314512056295
172.22922399348207 329.0283038065643
172.97911820281453 327.90346249256555
174.1039595168132 327.52851538789935
175.22880083081188 326.4036740739007
175.97869504014434 325.278832759902
177.10353635414302 324.90388565523574
177.85343056347546 323.77904434123707
178.60332477280792 322.6542030272384
179.7281660868066 321.9043088179059
180.47806029613906 320.77946750390726
181.60290161013774 319.6546261899085
182.3527958194702 318.52978487590985
182.72774292413644 317.4049435619112
182.72774292413644 316.2801022479125
slice_number: 20
nb_points_on_contour: 109
178.97827187747416 317.77989066657744
178.97827187747416 316.65504935257877
178.60332477280792 315.15526093391384
177.47848345880925 314.03041961991516
176.35364214481055 313.2805254105827
175.22880083081188 313.2805254105827
173.72901241214694 313.2805254105827
172.60417109814827 313.2805254105827
171.10438267948336 313.6554725152489
169.9795413654847 314.40536672458137
168.854700051486 314.7803138292476
167.72985873748732 315.15526093391384
166.60501742348862 315.5302080385801
165.48017610948995 315.9051551432463
164.35533479549127 316.2801022479125
163.23049348149257 316.65504935257877
162.1056521674939 317.4049435619112
160.98081085349523 318.52978487590985
159.85596953949653 318.9047319805761
158.73112822549783 320.0295732945748
157.60628691149915 320.77946750390726
156.48144559750048 320.77946750390726
155.73155138816801 321.9043088179059
154.60671007416934 323.02915013190466
153.85681586483688 324.15399144590333
152.7319745508382 324.90388565523574
151.6071332368395 325.278832759902
150.48229192284083 325.65377986456826
149.35745060884216 326.0287269692344
148.23260929484346 326.4036740739007
147.10776798084478 326.4036740739007
145.60797956217985 326.4036740739007
144.10819114351497 326.4036740739007
142.98334982951627 326.4036740739007
141.85850851551757 326.4036740739007
140.7336672015189 326.4036740739007
139.233878782854 326.4036740739007
138.10903746885532 326.4036740739007
136.98419615485665 326.4036740739007
135.10946063152548 326.0287269692344
133.9846193175268 325.65377986456826
132.8597780035281 325.278832759902
131.73493668952943 325.278832759902
130.61009537553073 325.278832759902
129.48525406153206 325.278832759902
128.3604127475334 325.278832759902
127.23557143353472 325.278832759902
126.11073011953602 325.278832759902
124.98588880553734 325.278832759902
123.86104749153864 325.278832759902
122.73620617753994 325.65377986456826
122.36125907287374 326.7786211785669
122.36125907287374 327.90346249256555
122.36125907287374 329.0283038065643
122.36125907287374 330.15314512056295
122.36125907287374 331.6529335392279
123.1111532822062 332.77777485322656
123.1111532822062 333.90261616722523
123.86104749153864 335.0274574812239
124.61094170087111 336.1522987952226
125.73578301486978 336.90219300455504
126.86062432886845 337.27714010922125
127.98546564286715 337.6520872138875
129.11030695686586 338.0270343185537
130.23514827086453 338.40198142322
131.3599895848632 338.7769285278862
132.4848308988619 338.7769285278862
133.60967221286057 338.7769285278862
134.73451352685925 338.7769285278862
135.85935484085792 338.7769285278862
136.98419615485665 338.7769285278862
138.85893167818776 338.7769285278862
139.98377299218646 338.7769285278862
141.48356141085137 339.15187563255245
142.60840272485004 339.15187563255245
143.7332440388487 339.15187563255245
144.8580853528474 339.15187563255245
145.9829266668461 339.15187563255245
147.10776798084478 339.15187563255245
148.23260929484346 339.15187563255245
149.35745060884216 339.15187563255245
150.48229192284083 339.15187563255245
151.6071332368395 339.15187563255245
152.7319745508382 339.15187563255245
153.85681586483688 339.15187563255245
154.98165717883558 339.15187563255245
156.10649849283425 339.15187563255245
157.23133980683295 339.15187563255245
158.35618112083162 339.15187563255245
159.4810224348303 338.7769285278862
160.60586374882897 338.0270343185537
161.73070506282767 337.6520872138875
162.85554637682634 336.90219300455504
163.98038769082504 336.52724589988884
165.48017610948995 335.4024045858901
166.60501742348862 334.65251037655764
167.72985873748732 334.2775632718915
168.47975294681976 333.1527219578928
169.60459426081846 332.4028277485603
170.35448847015093 331.2779864345616
170.72943557481713 330.15314512056295
171.8542768888158 329.4032509112305
172.97911820281453 328.2784095972318
174.1039595168132 327.52851538789935
175.22880083081188 326.4036740739007
176.35364214481055 325.278832759902
177.10353635414302 324.15399144590333
177.47848345880925 323.02915013190466
177.85343056347546 321.9043088179059
slice_number: 22
nb_points_on_contour: 96
176.35364214481055 317.029996457245
174.85385372614564 317.029996457245
173.35406530748074 317.029996457245
172.22922399348207 317.77989066657744
170.72943557481713 317.77989066657744
169.60459426081846 318.15483777124365
168.10480584215355 318.52978487590985
166.2300703188224 319.6546261899085
164.73028190015748 320.0295732945748
163.23049348149257 320.77946750390726
162.1056521674939 320.77946750390726
160.60586374882897 321.9043088179059
159.4810224348303 321.9043088179059
157.9812340161654 322.6542030272384
156.8563927021667 323.02915013190466
155.73155138816801 323.02915013190466
154.60671007416934 323.77904434123707
153.48186876017064 323.77904434123707
152.35702744617197 324.52893855056953
150.85723902750703 324.90388565523574
149.73239771350836 325.278832759902
147.85766219017722 325.65377986456826
146.73282087617855 325.65377986456826
145.60797956217985 325.65377986456826
144.48313824818118 325.65377986456826
143.3582969341825 325.65377986456826
141.85850851551757 325.65377986456826
140.7336672015189 325.65377986456826
139.60882588752023 325.65377986456826
138.48398457352152 325.65377986456826
137.35914325952285 325.65377986456826
135.85935484085792 325.65377986456826
134.73451352685925 325.65377986456826
133.60967221286057 325.65377986456826
132.4848308988619 325.65377986456826
131.3599895848632 325.65377986456826
129.8602011661983 325.65377986456826
128.7353598521996 325.65377986456826
127.61051853820092 325.65377986456826
126.48567722420225 325.65377986456826
125.36083591020355 325.65377986456826
124.23599459620488 325.65377986456826
123.1111532822062 325.65377986456826
121.98631196820753 325.65377986456826
121.23641775887506 326.7786211785669
121.23641775887506 327.90346249256555
121.61136486354127 329.0283038065643
121.98631196820753 330.15314512056295
122.36125907287374 331.2779864345616
123.1111532822062 332.4028277485603
124.23599459620488 332.77777485322656
125.36083591020355 333.1527219578928
126.48567722420225 333.1527219578928
127.61051853820092 333.1527219578928
128.7353598521996 333.90261616722523
129.8602011661983 334.2775632718915
130.985042480197 334.2775632718915
132.10988379419567 334.65251037655764
133.23472510819434 334.65251037655764
134.35956642219304 335.0274574812239
135.4844077361917 335.0274574812239
136.98419615485665 335.0274574812239
138.10903746885532 335.4024045858901
139.60882588752023 335.7773516905564
140.7336672015189 335.7773516905564
141.85850851551757 335.7773516905564
143.3582969341825 335.7773516905564
144.48313824818118 335.7773516905564
145.60797956217985 335.7773516905564
147.10776798084478 335.7773516905564
148.6075563995097 335.7773516905564
149.73239771350836 335.7773516905564
151.2321861321733 335.7773516905564
152.35702744617197 335.0274574812239
153.48186876017064 334.65251037655764
154.60671007416934 334.2775632718915
155.73155138816801 333.52766906255897
156.8563927021667 333.1527219578928
158.35618112083162 332.4028277485603
159.4810224348303 332.0278806438941
160.60586374882897 332.0278806438941
162.1056521674939 331.2779864345616
163.6054405861588 330.5280922252292
164.73028190015748 329.7781980158967
165.85512321415615 329.4032509112305
166.97996452815488 328.2784095972318
168.47975294681976 327.52851538789935
169.9795413654847 326.7786211785669
171.10438267948336 326.0287269692344
172.22922399348207 325.65377986456826
172.97911820281453 324.52893855056953
173.72901241214694 323.40409723657086
173.72901241214694 322.27925592257213
173.72901241214694 321.15441460857346
173.72901241214694 320.0295732945748
174.1039595168132 318.9047319805761
nb_points_on_contour: 96
322.58301296463947 171.55051984674853
321.833118755307 170.42567853274983
320.7082774413083 169.67578432341742
319.95838323197586 168.55094300941872
319.2084890226434 167.0511545907538
318.0836477086447 166.30126038142134
317.33375349931225 165.17641906742267
316.2089121853136 164.05157775342397
315.8339650806473 162.9267364394253
315.4590179759811 161.8018951254266
315.8339650806473 159.92715960209546
315.0840708713149 158.80231828809679
313.9592295573162 157.67747697409814
312.83438824331756 156.5526356600994
311.70954692931883 155.80274145076697
310.58470561532016 155.0528472414345
309.0849171966553 154.67790013676827
307.58512877799035 153.92800592743583
306.08534035932536 153.17811171810337
304.96049904532674 152.80316461343716
303.4607106266618 152.0532704041047
302.7108164173294 150.928429090106
301.58597510333067 150.55348198543976
300.461133789332 150.17853488077358
299.3362924753333 150.55348198543976
298.58639826600086 152.0532704041047
297.8365040566684 153.55305882276957
297.4615569520022 155.0528472414345
297.086609847336 156.17768855543318
297.086609847336 157.30252986943185
297.086609847336 158.42737118343055
297.086609847336 159.92715960209546
297.4615569520022 161.05200091609416
298.21145116133454 162.92673643942533
298.9613453706671 164.4265248580902
300.0861866846658 165.92631327675508
300.461133789332 167.0511545907538
301.21102799866446 168.1759959047525
301.58597510333067 169.30083721875116
302.7108164173294 170.8006256374161
303.4607106266618 171.92546695141476
304.58555194066054 173.42525537007964
306.08534035932536 174.92504378874457
307.58512877799035 176.04988510274327
307.96007588265655 177.17472641674195
309.4598643013215 178.29956773074065
310.58470561532016 179.0494619400731
311.70954692931883 180.1743032540718
312.45944113865124 181.29914456807046
313.58428245265 182.04903877740293
314.7091237666487 183.1738800914016
314.7091237666487 184.29872140540027
315.8339650806473 185.04861561473274
315.8339650806473 186.1734569287314
316.58385928997984 187.29829824273008
316.95880639464605 188.79808666139502
317.7087006039785 190.29787508005995
318.08364770864466 192.17261060339106
318.8335419179772 193.2974519173898
318.8335419179772 194.42229323138844
319.2084890226434 195.5471345453871
319.2084890226434 196.6719758593858
319.2084890226434 197.7968171733845
319.2084890226434 198.92165848738318
319.2084890226434 200.42144690604812
319.95838323197586 201.5462882200468
321.4581716506408 202.67112953404546
322.58301296463947 203.42102374337793
324.0828013833043 204.5458650573766
325.2076426973031 205.29575926670907
326.33248401130163 205.67070637137527
327.4573253253004 205.67070637137527
328.5821666392991 205.67070637137527
329.70700795329776 204.5458650573766
331.2067963719627 203.79597084804416
331.95669058129516 202.2961824293792
332.3316376859613 201.17134111538056
332.70658479062763 199.2966055920494
332.70658479062763 197.42187006871825
332.70658479062763 195.5471345453871
332.3316376859613 193.672399022056
331.2067963719627 191.79766349872483
331.2067963719627 190.67282218472616
330.4569021626302 189.54798087072749
330.08195505796397 188.04819245206255
328.95711374396535 186.1734569287314
328.95711374396535 185.04861561473274
328.2072195346328 183.5488271960678
327.8322724299666 182.42398588206913
327.4573253253004 181.29914456807046
326.707431115968 180.1743032540718
325.9575369066355 178.67451483540685
324.83269559263687 177.54967352140818
323.70785427863814 176.4248322074095
322.9579600693057 175.29999089341084
322.20806585997315 174.1751495794121
nb_points_on_contour: 60
335.33121452329124 277.2856033626248
334.20637320929245 277.2856033626248
333.08153189529384 277.66055046729105
331.95669058129516 278.41044467662346
330.4569021626302 279.160338885956
328.95711374396535 280.6601273046209
327.8322724299666 281.4100215139533
326.707431115968 282.15991572328574
325.5825898019693 282.90980993261826
324.45774848797055 283.2847570372845
323.33290717397193 284.40959835128314
322.20806585997315 285.53443966528187
321.4581716506408 286.65928097928054
320.333330336642 287.7841222932792
319.2084890226434 288.5340165026116
318.4585948133109 289.6588578166103
317.33375349931225 290.783699130609
316.2089121853135 291.90854044460775
315.8339650806473 293.0333817586064
314.7091237666487 293.78327596793883
313.58428245265 294.9081172819375
312.45944113865124 296.03295859593624
311.3345998246526 296.7828528052687
310.20975851065384 297.5327470146011
309.4598643013215 298.65758832859984
309.0849171966553 299.78242964259846
307.96007588265655 300.90727095659724
307.21018167332414 302.03211227059586
306.08534035932536 303.1569535845946
305.7103932546592 304.28179489859326
306.0853403593254 305.78158331725814
307.21018167332414 306.5314775265906
308.709970091989 306.5314775265906
309.8348114059877 306.5314775265906
310.9596527199864 306.5314775265906
312.08449403398504 306.5314775265906
313.20933534798377 305.78158331725814
313.9592295573162 304.6567420032594
315.0840708713149 303.53190068926074
316.2089121853136 302.40705937526207
316.95880639464605 301.2822180612634
318.0836477086447 300.1573767472647
319.2084890226434 299.03253543326605
319.95838323197586 297.9076941192674
321.08322454597453 296.40790570060244
322.2080658599732 295.65801149127
323.33290717397193 294.9081172819375
324.0828013833043 293.0333817586064
325.5825898019693 291.90854044460775
326.707431115968 291.1586462352752
327.8322724299666 290.4087520259428
328.95711374396535 289.6588578166103
329.70700795329776 288.5340165026116
331.2067963719627 287.409175188613
332.3316376859613 286.2843338746143
333.4564789999601 285.1594925606156
334.20637320929245 284.03465124661693
334.20637320929245 282.90980993261826
334.58132031395877 281.78496861861953
334.58132031395877 280.6601273046209
slice_number: 23
nb_points_on_contour: 69
340.5804739886184 265.28729601330554
340.5804739886184 264.16245469930686
340.20552688395213 263.0376133853082
339.0806855699535 262.28771917597567
337.9558442559548 261.91277207130946
336.8310029419561 262.66266628064193
336.08110873262365 263.7875075946406
334.956267418625 264.9123489086393
333.8314261046263 266.4121373273042
333.08153189529384 267.5369786413029
332.70658479062763 268.66181995530155
331.95669058129516 269.7866612693002
331.5817434766289 270.9115025832989
330.45690216263023 272.03634389729757
329.33206084863156 273.1611852112963
328.5821666392991 274.286026525295
327.8322724299666 275.4108678392937
327.0823782206342 276.5357091532924
325.9575369066355 277.2856033626248
325.2076426973031 278.41044467662346
324.45774848797055 279.5352859906221
323.70785427863814 280.66012730462086
322.9579600693057 281.78496861861953
322.2080658599732 282.90980993261826
321.833118755307 284.03465124661693
321.08322454597453 285.1594925606156
320.7082774413083 286.2843338746143
319.95838323197586 287.40917518861295
319.2084890226434 288.5340165026116
318.4585948133109 289.6588578166103
317.7087006039785 290.783699130609
316.95880639464605 291.9085404446077
316.2089121853136 293.0333817586064
315.0840708713149 294.1582230726051
313.9592295573162 294.9081172819375
313.58428245265 296.0329585959362
312.83438824331756 297.15779990993485
312.83438824331756 298.2826412239336
312.83438824331756 299.40748253793225
313.9592295573162 300.1573767472647
315.0840708713149 300.1573767472647
316.2089121853136 300.1573767472647
317.33375349931225 300.1573767472647
318.4585948133109 300.1573767472647
319.58343612730965 299.78242964259846
320.7082774413083 299.40748253793225
321.833118755307 299.03253543326605
322.9579600693057 297.9076941192674
324.08280138330434 296.78285280526865
325.2076426973031 296.0329585959362
326.3324840113017 295.28306438660377
327.0823782206342 294.1582230726051
327.8322724299666 293.0333817586064
328.5821666392991 291.9085404446077
329.33206084863156 290.783699130609
330.081955057964 289.6588578166103
330.45690216263023 288.5340165026116
331.2067963719627 287.40917518861295
331.5817434766289 286.2843338746143
332.33163768596137 285.1594925606156
332.33163768596137 284.03465124661693
333.08153189529384 282.90980993261826
333.8314261046263 281.78496861861953
334.2063732092925 280.66012730462086
334.956267418625 279.5352859906221
335.33121452329124 278.41044467662346
335.33121452329124 277.2856033626248
335.33121452329124 276.1607620486261
336.08110873262365 275.03592073462744
slice_number: 24
nb_points_on_contour: 192
255.84242833405085 316.2801022479125
256.9672696480496 316.2801022479125
258.09211096204825 316.2801022479125
259.5918993807132 316.2801022479125
261.09168779937806 316.2801022479125
262.21652911337674 316.2801022479125
263.71631753204167 316.2801022479125
265.2161059507066 316.2801022479125
266.71589436937154 315.9051551432463
268.21568278803636 315.9051551432463
269.3405241020351 315.5302080385801
270.46536541603376 315.15526093391384
271.59020673003243 314.7803138292476
272.71504804403116 314.40536672458137
273.83988935802984 314.03041961991516
275.3396777766947 313.6554725152489
277.2144133000259 312.90557830591644
278.3392546140245 312.15568409658397
280.21399013735567 311.78073699191776
281.3388314513544 311.0308427825853
283.21356697468553 310.2809485732529
284.3384082886842 309.9060014685866
285.8381967073491 309.1561072592542
287.337985126014 308.78116015458795
288.83777354467895 308.03126594525554
289.9626148586776 307.281371735923
291.46240327734256 306.9064246312568
292.96219169600744 305.78158331725814
294.0870330100061 305.4066362125919
295.21187432400484 304.6567420032594
296.7116627426698 303.906847793927
297.8365040566684 303.53190068926074
299.3362924753333 302.7820064799283
300.461133789332 302.0321122705958
301.58597510333067 301.65716516592965
302.7108164173294 300.9072709565972
304.2106048359943 300.1573767472647
305.7103932546592 299.03253543326605
306.8352345686579 298.2826412239336
307.96007588265655 297.5327470146011
309.0849171966553 296.78285280526865
310.2097585106539 296.0329585959362
311.3345998246526 295.28306438660377
312.83438824331756 294.1582230726051
313.9592295573162 293.4083288632726
315.4590179759811 292.65843465394016
316.58385928997984 291.9085404446077
318.0836477086447 290.783699130609
319.2084890226434 289.6588578166103
319.95838323197586 288.5340165026116
321.08322454597453 287.7841222932792
322.2080658599732 286.2843338746143
322.9579600693057 285.1594925606156
323.70785427863814 284.03465124661693
324.08280138330434 282.90980993261826
324.83269559263687 281.78496861861953
325.5825898019693 280.28518019995465
326.3324840113017 279.160338885956
326.707431115968 278.0354975719573
327.0823782206342 276.5357091532924
327.8322724299666 275.4108678392937
328.2072195346329 274.286026525295
328.95711374396535 273.1611852112963
329.70700795329776 272.03634389729757
330.081955057964 270.53655547863275
330.45690216263023 269.411714164634
331.2067963719627 268.28687285063535
331.5817434766289 267.1620315366366
331.95669058129516 266.03719022263795
333.08153189529384 264.9123489086393
333.8314261046263 263.7875075946406
334.58132031395877 262.66266628064193
334.956267418625 261.53782496664326
335.70616162795744 260.4129836526446
336.08110873262365 259.28814233864586
337.2059500466224 258.5382481293134
337.9558442559548 257.4134068153147
338.330791360621 256.28856550131604
338.70573846528725 255.16372418731737
339.0806855699535 254.03888287331867
340.20552688395213 253.28898866398623
341.33036819795086 252.53909445465376
342.45520951194953 252.53909445465376
343.5800508259482 252.91404155932
343.5800508259482 254.03888287331867
343.5800508259482 255.16372418731737
343.5800508259482 256.28856550131604
343.5800508259482 257.4134068153147
343.5800508259482 258.5382481293134
343.5800508259482 259.66308944331206
343.5800508259482 260.7879307573108
343.5800508259482 261.91277207130946
343.5800508259482 263.0376133853082
343.5800508259482 264.16245469930686
343.5800508259482 265.28729601330554
343.5800508259482 266.4121373273042
343.5800508259482 267.5369786413029
343.205103721282 268.66181995530155
343.205103721282 269.7866612693002
342.8301566166158 270.9115025832989
342.45520951194953 272.03634389729757
341.70531530261707 273.1611852112963
341.33036819795086 274.286026525295
340.5804739886184 275.4108678392937
340.20552688395213 276.5357091532924
339.0806855699535 277.2856033626248
338.70573846528725 278.41044467662346
337.9558442559548 279.5352859906221
337.2059500466224 280.66012730462086
336.08110873262365 281.4100215139533
335.70616162795744 282.534862827952
334.956267418625 283.65970414195067
334.2063732092925 284.78454545594934
333.08153189529384 285.53443966528187
332.70658479062763 286.65928097928054
331.95669058129516 287.7841222932792
330.8318492672965 288.5340165026116
330.081955057964 289.6588578166103
329.33206084863156 290.783699130609
328.2072195346329 291.9085404446077
327.8322724299666 293.0333817586064
326.707431115968 294.1582230726051
325.9575369066355 295.28306438660377
325.2076426973031 296.40790570060244
324.45774848797055 297.5327470146011
323.33290717397193 298.2826412239336
322.2080658599732 299.03253543326605
321.08322454597453 300.1573767472647
319.95838323197586 300.9072709565972
318.8335419179772 301.2822180612634
317.7087006039785 302.0321122705958
316.58385928997984 302.7820064799283
315.4590179759811 303.53190068926074
314.33417666198244 304.2817948985932
313.20933534798377 305.4066362125919
312.08449403398504 306.5314775265906
310.9596527199864 306.9064246312568
309.8348114059877 307.6563188405893
309.0849171966553 308.78116015458795
307.96007588265655 309.1561072592542
307.21018167332414 310.2809485732529
306.0853403593254 311.0308427825853
304.96049904532674 311.78073699191776
303.83565773132807 312.90557830591644
302.7108164173294 313.6554725152489
302.33586931266314 314.7803138292476
301.21102799866446 315.5302080385801
300.461133789332 316.65504935257877
299.7112395799995 317.77989066657744
298.58639826600086 318.52978487590985
297.8365040566684 319.6546261899085
296.7116627426698 320.77946750390726
295.58682142867104 321.5293617132397
294.83692721933863 322.6542030272384
293.7120859053399 323.02915013190466
292.58724459134123 323.40409723657086
291.46240327734256 323.77904434123707
290.33756196334383 323.77904434123707
289.21272064934516 323.77904434123707
288.0878793353465 323.77904434123707
286.9630380213478 323.77904434123707
285.8381967073491 323.77904434123707
284.71335539335047 323.77904434123707
283.58851407935174 323.77904434123707
282.46367276535307 323.77904434123707
281.3388314513544 323.77904434123707
280.21399013735567 324.15399144590333
279.08914882335705 324.15399144590333
277.9643075093583 324.15399144590333
276.83946619535965 324.15399144590333
275.714624881361 324.15399144590333
274.5897835673623 324.15399144590333
273.08999514869737 324.15399144590333
271.59020673003243 324.15399144590333
270.46536541603376 324.15399144590333
269.3405241020351 324.15399144590333
268.21568278803636 324.15399144590333
267.09084147403775 324.15399144590333
265.966000160039 324.15399144590333
264.84115884604034 324.15399144590333
263.71631753204167 324.15399144590333
262.591476218043 324.15399144590333
261.4666349040443 324.15399144590333
260.3417935900456 323.77904434123707
259.2169522760469 323.02915013190466
258.09211096204825 322.27925592257213
257.3422167527158 321.15441460857346
256.2173754387171 320.404520399241
255.46748122938465 319.2796790852423
254.71758702005224 318.15483777124365
253.9676928107197 317.029996457245
253.2177986013873 315.9051551432463
slice_number: 25
nb_points_on_contour: 126
347.3295218726105 256.28856550131604
347.3295218726105 255.16372418731737
347.3295218726105 254.03888287331867
347.3295218726105 252.91404155932
347.3295218726105 251.7892002453213
347.3295218726105 250.66435893132262
347.3295218726105 249.53951761732392
347.3295218726105 248.41467630332525
346.579627663278 247.28983498932655
345.8297334539456 246.16499367532788
344.70489213994694 245.79004657066167
343.205103721282 245.79004657066167
342.08026240728327 245.79004657066167
340.95542109328466 246.16499367532788
339.8305797792859 246.91488788466035
338.70573846528725 247.28983498932655
337.5808971512886 247.28983498932655
336.45605583728985 247.28983498932655
335.33121452329124 247.6647820939928
334.2063732092925 247.6647820939928
333.08153189529384 248.41467630332525
331.95669058129516 248.41467630332525
331.5817434766289 249.91446472199019
331.5817434766289 251.03930603598886
331.5817434766289 252.16414734998753
331.5817434766289 253.66393576865244
331.5817434766289 255.16372418731737
331.5817434766289 256.28856550131604
332.33163768596137 257.788353919981
332.33163768596137 258.91319523397965
332.33163768596137 260.4129836526446
332.33163768596137 261.53782496664326
332.33163768596137 262.66266628064193
332.33163768596137 263.7875075946406
332.33163768596137 265.28729601330554
332.33163768596137 266.4121373273042
332.33163768596137 267.5369786413029
332.33163768596137 269.0367670599678
332.33163768596137 270.1616083739665
332.33163768596137 271.28644968796516
331.95669058129516 272.41129100196383
331.5817434766289 273.5361323159625
331.2067963719627 274.6609736299612
330.8318492672965 276.1607620486261
330.081955057964 277.2856033626248
329.33206084863156 278.41044467662346
328.5821666392991 279.5352859906221
327.8322724299666 280.66012730462086
327.0823782206342 281.78496861861953
326.3324840113017 282.90980993261826
324.83269559263687 284.40959835128314
323.70785427863814 285.53443966528187
322.9579600693057 286.65928097928054
321.4581716506408 287.7841222932792
320.7082774413083 289.2839107119441
319.58343612730965 290.4087520259428
318.4585948133109 291.5335933399415
317.33375349931225 292.65843465394016
316.2089121853136 293.4083288632726
315.4590179759811 294.53317017727124
314.33417666198244 295.65801149127
313.20933534798377 296.78285280526865
312.08449403398504 297.9076941192674
310.9596527199864 299.03253543326605
309.8348114059877 300.1573767472647
308.709970091989 301.2822180612634
307.58512877799035 302.0321122705958
306.8352345686579 303.15695358459453
306.0853403593254 304.2817948985932
304.96049904532674 305.0316891079257
304.2106048359943 306.15653042192434
304.2106048359943 307.281371735923
304.58555194066054 308.40621304992175
305.7103932546592 308.78116015458795
306.8352345686579 308.78116015458795
307.96007588265655 308.78116015458795
309.0849171966553 308.78116015458795
310.2097585106539 308.78116015458795
311.70954692931883 308.78116015458795
312.83438824331756 308.78116015458795
313.9592295573162 308.78116015458795
315.0840708713149 308.03126594525554
316.2089121853136 306.9064246312568
316.95880639464605 305.78158331725814
318.4585948133109 304.6567420032594
319.58343612730965 303.53190068926074
320.33333033664206 302.40705937526207
321.08322454597453 301.2822180612634
322.2080658599732 300.1573767472647
322.9579600693057 299.03253543326605
323.70785427863814 297.9076941192674
324.45774848797055 296.78285280526865
325.5825898019693 296.0329585959362
326.707431115968 295.28306438660377
327.4573253253004 294.1582230726051
328.5821666392991 293.0333817586064
329.70700795329776 292.2834875492739
330.8318492672965 291.1586462352752
331.95669058129516 290.03380492127656
333.08153189529384 288.9089636072779
333.8314261046263 287.7841222932792
334.58132031395877 286.65928097928054
335.70616162795744 285.909386769948
336.8310029419561 284.78454545594934
336.8310029419561 283.65970414195067
337.5808971512886 282.534862827952
338.330791360621 281.4100215139533
339.4556326746197 280.66012730462086
339.8305797792859 279.5352859906221
340.5804739886184 278.41044467662346
341.33036819795086 277.2856033626248
341.70531530261707 276.1607620486261
342.45520951194953 275.03592073462744
343.205103721282 273.91107942062877
343.205103721282 272.7862381066301
343.5800508259482 271.6613967926314
343.9549979306144 270.53655547863275
344.3299450352807 269.411714164634
344.3299450352807 268.28687285063535
344.3299450352807 267.1620315366366
344.3299450352807 266.03719022263795
344.3299450352807 264.9123489086393
344.3299450352807 263.7875075946406
344.3299450352807 262.66266628064193
344.3299450352807 261.53782496664326
344.3299450352807 260.4129836526446
slice_number: 26
nb_points_on_contour: 196
350.32909870994024 242.41552262866566
350.32909870994024 241.290681314667
350.32909870994024 240.16584000066825
350.32909870994024 239.0409986866696
350.32909870994024 237.91615737267088
350.32909870994024 236.7913160586722
350.32909870994024 235.6664747446735
350.32909870994024 234.16668632600863
350.32909870994024 232.6668979073437
350.32909870994024 231.54205659334505
350.32909870994024 230.41721527934632
350.32909870994024 228.91742686068145
350.32909870994024 227.79258554668272
349.9541516052741 226.66774423268407
349.2042573959416 225.54290291868534
348.8293102912754 224.41806160468667
347.70446897727675 223.29322029068797
346.9545747679443 222.1683789766893
345.8297334539456 221.4184847673569
344.70489213994694 220.2936434533582
343.5800508259482 219.54374924402572
342.8301566166158 218.4189079300271
341.70531530261707 218.04396082536078
340.5804739886184 217.29406661602832
339.4556326746197 216.9191195113621
337.9558442559548 216.9191195113621
336.8310029419561 216.9191195113621
335.70616162795744 216.9191195113621
334.58132031395877 216.9191195113621
333.4564789999601 216.9191195113621
332.33163768596125 216.9191195113621
331.2067963719627 216.9191195113621
330.0819550579638 216.9191195113621
328.95711374396535 216.9191195113621
327.8322724299666 217.29406661602832
326.707431115968 218.4189079300271
325.9575369066355 219.54374924402572
325.2076426973031 220.6685905580244
325.2076426973031 221.7934318720231
325.2076426973031 222.91827318602176
325.5825898019693 224.04311450002047
325.9575369066355 225.16795581401914
326.707431115968 226.29279712801787
327.4573253253004 227.4176384420165
327.8322724299666 228.54247975601527
328.95711374396535 229.66732107001386
329.33206084863156 230.79216238401253
330.0819550579638 231.91700369801123
330.8318492672965 233.0418450120099
330.8318492672965 234.16668632600863
331.2067963719627 235.6664747446735
331.2067963719627 236.7913160586722
331.5817434766289 237.91615737267088
331.5817434766289 239.0409986866696
331.5817434766289 240.16584000066825
331.5817434766289 241.290681314667
331.5817434766289 242.41552262866566
331.5817434766289 243.91531104733053
331.5817434766289 245.0401523613292
331.5817434766289 246.1649936753279
331.5817434766289 247.28983498932655
331.5817434766289 248.41467630332528
331.5817434766289 249.53951761732392
331.5817434766289 250.66435893132265
331.5817434766289 252.16414734998753
331.5817434766289 253.28898866398626
331.5817434766289 254.4138299779849
331.5817434766289 255.53867129198363
331.5817434766289 256.66351260598236
331.95669058129516 257.788353919981
331.95669058129516 258.91319523397965
332.33163768596125 260.0380365479783
332.33163768596125 261.162877861977
332.33163768596125 262.28771917597567
332.70658479062763 263.41256048997434
332.70658479062763 264.537401803973
332.70658479062763 265.6622431179718
332.70658479062763 266.7870844319704
332.70658479062763 267.91192574596914
332.70658479062763 269.0367670599678
332.70658479062763 270.1616083739665
332.70658479062763 271.28644968796516
332.33163768596125 272.4112910019639
332.33163768596125 273.5361323159625
331.95669058129516 275.0359207346275
331.5817434766289 276.1607620486261
331.2067963719627 277.2856033626248
330.4569021626302 278.41044467662346
329.33206084863156 279.160338885956
328.5821666392991 280.28518019995465
327.8322724299666 281.4100215139533
326.707431115968 282.534862827952
325.9575369066355 283.65970414195067
324.83269559263687 284.40959835128314
324.0828013833042 285.53443966528187
323.33290717397193 286.65928097928054
322.2080658599731 287.7841222932792
321.08322454597453 288.9089636072779
319.95838323197586 290.0338049212766
319.2084890226434 291.1586462352752
318.4585948133109 292.2834875492739
317.33375349931225 293.0333817586064
316.95880639464605 294.1582230726051
317.33375349931225 295.65801149127
315.8339650806473 297.15779990993485
315.0840708713149 298.2826412239336
313.9592295573162 299.03253543326605
313.20933534798377 300.532323851931
312.08449403398504 301.2822180612634
310.9596527199864 302.0321122705958
309.4598643013215 302.7820064799283
308.33502298732276 303.53190068926074
307.21018167332414 304.2817948985932
305.7103932546592 305.4066362125919
304.58555194066054 306.15653042192434
303.83565773132807 307.281371735923
302.7108164173294 308.40621304992175
301.96092220799693 309.9060014685866
301.58597510333067 311.0308427825853
301.58597510333067 312.15568409658397
301.58597510333067 313.2805254105827
301.96092220799693 314.40536672458137
303.0857635219956 314.7803138292476
304.2106048359943 314.7803138292476
305.335446149993 314.7803138292476
306.4602874639916 314.7803138292476
307.58512877799035 314.40536672458137
308.709970091989 313.6554725152489
309.8348114059877 313.2805254105827
310.58470561532016 312.15568409658397
311.70954692931883 311.40578988725156
312.4594411386513 310.2809485732529
313.58428245265 309.5310543639204
314.33417666198244 308.40621304992175
314.7091237666487 307.281371735923
315.8339650806473 306.5314775265906
316.95880639464605 305.78158331725814
318.0836477086447 305.4066362125919
319.2084890226434 304.2817948985932
320.33333033664206 303.53190068926074
321.4581716506408 302.7820064799283
322.58301296463947 301.65716516592965
323.33290717397193 300.532323851931
324.08280138330434 299.40748253793225
324.83269559263687 298.2826412239336
324.83269559263687 297.15779990993485
325.2076426973031 296.0329585959362
326.707431115968 294.9081172819375
327.4573253253004 293.78327596793883
327.8322724299666 292.6584346539402
328.5821666392991 291.5335933399415
329.33206084863156 290.4087520259428
330.0819550579639 289.2839107119442
331.2067963719627 288.9089636072779
331.95669058129516 288.1590693979454
333.08153189529384 288.1590693979454
333.4564789999601 287.0342280839467
334.20637320929245 285.909386769948
334.956267418625 284.78454545594934
335.70616162795744 283.65970414195067
336.45605583728985 282.534862827952
337.5808971512886 281.78496861861953
338.33079136062094 280.6601273046209
339.0806855699535 279.5352859906221
339.8305797792859 278.41044467662346
340.2055268839521 277.2856033626248
341.33036819795086 276.1607620486261
341.70531530261707 274.6609736299612
342.0802624072832 273.5361323159625
342.4552095119495 272.4112910019639
343.205103721282 271.28644968796516
343.5800508259482 270.1616083739665
343.95499793061435 269.0367670599678
344.70489213994694 267.91192574596914
345.45478634927935 266.7870844319704
346.579627663278 266.03719022263795
346.2046805586117 265.28729601330554
345.8297334539456 264.16245469930686
345.8297334539456 263.41256048997434
346.579627663278 262.28771917597567
346.9545747679443 261.162877861977
346.9545747679443 259.66308944331206
347.70446897727675 258.5382481293134
348.0794160819428 257.4134068153148
348.4543631866091 256.28856550131604
348.4543631866091 255.1637241873174
348.4543631866091 254.03888287331867
348.4543631866091 252.91404155932003
348.4543631866091 251.7892002453213
348.4543631866091 250.66435893132265
348.4543631866091 249.53951761732392
348.4543631866091 248.41467630332528
348.8293102912754 246.9148878846604
349.2042573959416 245.79004657066167
349.9541516052741 244.66520525666303
350.32909870994024 243.5403639426643
